user_id,discount_sessions,discount_bookings,no_discount_sessions,no_discount_bookings,P(booking|discount),P(booking|no_discount),discount_effectiveness,age_category,Monetary_title,cancellation_rate,Ave_bags_per_seat,trip_nights,p_booking,p_hotel_booking,p_flight_booking,cancel_urgency,ave_bags_normalized,trip_nights_normalized,score_free_cancellation,score_free_checkedbag,score_exclusive_discount,score_free_meal,score_free_night_flight,top_perk
94883,1,0,7,2,0.0,0.2857142857142857,0.35714285714285715,Middle-age,Low Spenders,0.0,0.5,1.0,0.25,1.0,1.0,0.12269938650306748,0.16666666666666666,0.03333333333333333,0.08588957055214723,0.33333333333333337,0.35714285714285715,0.3233333333333333,0.185,score_exclusive_discount
101486,2,0,6,2,0.0,0.3333333333333333,0.33333333333333337,Middle-age,Medium Spenders,0.0,0.0,4.0,0.25,1.0,0.5,0.09960159362549802,0.0,0.13333333333333333,0.06972111553784861,0.1,0.33333333333333337,0.3933333333333333,0.215,score_free_meal
101961,3,1,5,4,0.3333333333333333,0.8,0.2666666666666666,Middle-age,High Spenders,0.0,0.4,3.8,0.625,1.0,1.0,0.13774104683195593,0.13333333333333333,0.12666666666666665,0.09641873278236915,0.3066666666666667,0.2666666666666666,0.3886666666666666,0.4755,score_free_night_flight
106907,1,1,7,1,1.0,0.14285714285714285,0.9285714285714286,0,0,0.0,0.0,0.0,0.0,0.0,0.0,0.0,0.0,0.0,0.0,0.0,0.9285714285714286,0.0,0.0,score_exclusive_discount
118043,4,3,4,2,0.75,0.5,0.625,Middle-age,Champions,0.0,0.61,4.4,0.625,0.8,0.6,0.09633911368015413,0.20333333333333334,0.14666666666666667,0.06743737957610789,0.2826666666666667,0.625,0.3426666666666667,0.4815,score_exclusive_discount
125845,2,1,7,2,0.5,0.2857142857142857,0.6071428571428572,Middle-age,Medium Spenders,0.0,0.5,1.67,0.3333333333333333,1.0,1.0,0.09910802775024777,0.16666666666666666,0.05566666666666666,0.06937561942517344,0.33333333333333337,0.6071428571428572,0.33896666666666664,0.25003333333333333,score_exclusive_discount
133058,1,0,7,1,0.0,0.14285714285714285,0.4285714285714286,Youth,At Risk,0.0,0.0,0.0,0.125,0.0,1.0,0.13351134846461948,0.0,0.0,0.09345794392523363,0.2,0.4285714285714286,0.0,0.0875,score_exclusive_discount
152583,2,0,6,1,0.0,0.16666666666666666,0.4166666666666667,Middle-age,At Risk,0.0,2.0,2.0,0.125,1.0,1.0,0.10330578512396695,0.6666666666666666,0.06666666666666667,0.07231404958677685,0.7333333333333334,0.4166666666666667,0.3466666666666667,0.1075,score_free_checkedbag
153982,1,0,7,3,0.0,0.42857142857142855,0.2857142857142857,Middle-age,Low Spenders,0.0,0.33,1.33,0.375,1.0,1.0,0.09881422924901187,0.11,0.044333333333333336,0.0691699604743083,0.28800000000000003,0.2857142857142857,0.33103333333333335,0.27579999999999993,score_free_meal
160754,0,0,8,1,0.0,0.125,0.5,Middle-age,At Risk,0.0,1.0,2.0,0.125,1.0,1.0,0.0784313725490196,0.3333333333333333,0.06666666666666667,0.05490196078431372,0.4666666666666667,0.5,0.3466666666666667,0.1075,score_exclusive_discount
164522,3,1,5,0,0.3333333333333333,0.0,0.6666666666666666,Middle-age,High Spenders,0.0,1.0,13.0,0.125,1.0,1.0,0.10141987829614606,0.3333333333333333,0.43333333333333335,0.07099391480730223,0.4666666666666667,0.6666666666666666,0.6033333333333333,0.2175,score_exclusive_discount
167852,3,0,5,0,0.0,0.0,0.5,0,0,0.0,0.0,0.0,0.0,0.0,0.0,0.0,0.0,0.0,0.0,0.0,0.5,0.0,0.0,score_exclusive_discount
171470,3,3,5,0,1.0,0.0,1.0,0,0,0.0,0.0,0.0,0.0,0.0,0.0,0.0,0.0,0.0,0.0,0.0,1.0,0.0,0.0,score_exclusive_discount
174997,3,1,5,2,0.3333333333333333,0.4,0.4666666666666667,Middle-age,Low Spenders,0.33,0.0,2.0,0.375,1.0,1.0,0.11049723756906077,0.0,0.06666666666666667,0.07734806629834254,0.2,0.4666666666666667,0.3466666666666667,0.2825,score_exclusive_discount
175032,3,1,6,2,0.3333333333333333,0.3333333333333333,0.5,Middle-age,Champions,0.0,0.5,4.33,0.3333333333333333,1.0,0.6666666666666666,0.14534883720930233,0.16666666666666666,0.14433333333333334,0.10174418604651163,0.26666666666666666,0.5,0.40103333333333335,0.2766333333333333,score_exclusive_discount
181157,3,2,5,1,0.6666666666666666,0.2,0.7333333333333333,Middle-age,Champions,0.0,0.5,3.33,0.375,1.0,1.0,0.1440922190201729,0.16666666666666666,0.111,0.10086455331412103,0.33333333333333337,0.7333333333333333,0.3777,0.29579999999999995,score_exclusive_discount
182191,2,1,6,0,0.5,0.0,0.75,0,0,0.0,0.0,0.0,0.0,0.0,0.0,0.0,0.0,0.0,0.0,0.0,0.75,0.0,0.0,score_exclusive_discount
187212,2,0,6,3,0.0,0.5,0.25,Middle-age,Medium Spenders,0.0,0.67,2.0,0.375,1.0,1.0,0.10330578512396695,0.22333333333333336,0.06666666666666667,0.07231404958677685,0.3786666666666667,0.25,0.3466666666666667,0.2825,score_free_checkedbag
189676,1,0,7,2,0.0,0.2857142857142857,0.35714285714285715,Middle-age,Champions,0.0,0.67,9.0,0.25,1.0,0.5,0.18148820326678766,0.22333333333333336,0.3,0.12704174228675136,0.27866666666666673,0.35714285714285715,0.51,0.265,score_free_meal
190866,1,0,8,5,0.0,0.625,0.1875,Middle-age,High Spenders,0.0,0.4,2.0,0.5555555555555556,1.0,1.0,0.11441647597254004,0.13333333333333333,0.06666666666666667,0.08009153318077802,0.3066666666666667,0.1875,0.3466666666666667,0.4088888888888889,score_free_night_flight
195192,2,0,6,1,0.0,0.16666666666666666,0.4166666666666667,Middle-age,Low Spenders,0.0,0.0,1.0,0.125,1.0,1.0,0.060716454159077116,0.0,0.03333333333333333,0.04250151791135398,0.2,0.4166666666666667,0.3233333333333333,0.09749999999999999,score_exclusive_discount
204943,3,2,5,5,0.6666666666666666,1.0,0.3333333333333333,Middle-age,Champions,0.14,0.9,3.0,0.875,1.0,1.0,0.10362694300518134,0.3,0.1,0.07253886010362694,0.44,0.3333333333333333,0.37,0.6425,score_free_night_flight
204997,4,3,4,2,0.75,0.5,0.625,Middle-age,At Risk,0.4,0.5,2.0,0.625,0.8,1.0,0.11273957158962794,0.16666666666666666,0.06666666666666667,0.07891770011273955,0.33333333333333337,0.625,0.2866666666666666,0.4575,score_exclusive_discount
205044,1,1,8,2,1.0,0.25,0.875,Middle-age,Champions,0.0,0.33,4.67,0.3333333333333333,1.0,1.0,0.13054830287206265,0.11,0.15566666666666668,0.09138381201044385,0.28800000000000003,0.875,0.40896666666666665,0.2800333333333333,score_exclusive_discount
206011,3,2,5,2,0.6666666666666666,0.4,0.6333333333333333,Middle-age,Medium Spenders,0.0,0.25,2.25,0.5,0.75,1.0,0.1388888888888889,0.08333333333333333,0.075,0.09722222222222222,0.26666666666666666,0.6333333333333333,0.27749999999999997,0.3725,score_exclusive_discount
216796,5,2,3,0,0.4,0.0,0.7,0,0,0.0,0.0,0.0,0.0,0.0,0.0,0.0,0.0,0.0,0.0,0.0,0.7,0.0,0.0,score_exclusive_discount
217114,3,0,6,0,0.0,0.0,0.5,0,0,0.0,0.0,0.0,0.0,0.0,0.0,0.0,0.0,0.0,0.0,0.0,0.5,0.0,0.0,score_exclusive_discount
217136,2,0,6,2,0.0,0.3333333333333333,0.33333333333333337,Middle-age,Low Spenders,0.0,0.0,2.0,0.25,1.0,0.5,0.11337868480725623,0.0,0.06666666666666667,0.07936507936507936,0.1,0.33333333333333337,0.3466666666666667,0.19499999999999998,score_free_meal
220725,3,2,6,3,0.6666666666666666,0.5,0.5833333333333333,Middle-age,Medium Spenders,0.2,0.33,2.33,0.5555555555555556,0.8,1.0,0.15337423312883436,0.11,0.07766666666666668,0.10736196319018404,0.28800000000000003,0.5833333333333333,0.29436666666666667,0.4121888888888889,score_exclusive_discount
224996,1,0,7,2,0.0,0.2857142857142857,0.35714285714285715,Middle-age,Low Spenders,0.0,0.0,0.5,0.25,0.5,1.0,0.1020408163265306,0.0,0.016666666666666666,0.07142857142857141,0.2,0.35714285714285715,0.16166666666666665,0.18,score_exclusive_discount
226367,1,1,7,2,1.0,0.2857142857142857,0.8571428571428572,Middle-age,Medium Spenders,0.0,0.67,1.67,0.375,1.0,1.0,0.11862396204033215,0.22333333333333336,0.05566666666666666,0.0830367734282325,0.3786666666666667,0.8571428571428572,0.33896666666666664,0.27919999999999995,score_exclusive_discount
228195,1,0,8,0,0.0,0.0,0.5,0,0,0.0,0.0,0.0,0.0,0.0,0.0,0.0,0.0,0.0,0.0,0.0,0.5,0.0,0.0,score_exclusive_discount
228872,1,0,7,2,0.0,0.2857142857142857,0.35714285714285715,Middle-age,Low Spenders,0.0,1.0,6.5,0.25,1.0,0.5,0.15723270440251572,0.3333333333333333,0.21666666666666667,0.110062893081761,0.3666666666666667,0.35714285714285715,0.45166666666666666,0.24,score_free_meal
229009,1,1,7,3,1.0,0.42857142857142855,0.7857142857142857,Youth,Low Spenders,0.25,0.5,1.5,0.5,0.75,1.0,0.09940357852882703,0.16666666666666666,0.05,0.06958250497017891,0.33333333333333337,0.7857142857142857,0.25999999999999995,0.365,score_exclusive_discount
229330,1,0,7,4,0.0,0.5714285714285714,0.2142857142857143,Middle-age,Champions,0.0,0.12,1.75,0.5,1.0,1.0,0.11198208286674133,0.04,0.058333333333333334,0.07838745800671892,0.232,0.2142857142857143,0.3408333333333333,0.3675,score_free_night_flight
232647,1,0,7,2,0.0,0.2857142857142857,0.35714285714285715,Youth,Medium Spenders,0.0,1.0,5.5,0.25,0.5,0.5,0.11627906976744186,0.3333333333333333,0.18333333333333332,0.0813953488372093,0.3666666666666667,0.35714285714285715,0.2783333333333333,0.22999999999999998,score_free_checkedbag
249521,3,1,5,1,0.3333333333333333,0.2,0.5666666666666667,Middle-age,Low Spenders,0.0,1.0,1.5,0.25,1.0,0.5,0.10183299389002036,0.3333333333333333,0.05,0.07128309572301425,0.3666666666666667,0.5666666666666667,0.33499999999999996,0.19,score_exclusive_discount
252835,2,1,6,4,0.5,0.6666666666666666,0.4166666666666667,Middle-age,High Spenders,0.0,0.6,2.2,0.625,0.8,1.0,0.11185682326621922,0.19999999999999998,0.07333333333333333,0.07829977628635346,0.36,0.4166666666666667,0.29133333333333333,0.4595,score_free_night_flight
258451,2,1,6,1,0.5,0.16666666666666666,0.6666666666666667,0,0,0.0,0.0,0.0,0.0,0.0,0.0,0.0,0.0,0.0,0.0,0.0,0.6666666666666667,0.0,0.0,score_exclusive_discount
276512,3,0,5,1,0.0,0.2,0.4,Middle-age,At Risk,0.0,1.0,1.0,0.125,1.0,1.0,0.08936550491510277,0.3333333333333333,0.03333333333333333,0.06255585344057193,0.4666666666666667,0.4,0.3233333333333333,0.09749999999999999,score_free_checkedbag
281952,1,1,7,1,1.0,0.14285714285714285,0.9285714285714286,Middle-age,Low Spenders,0.0,1.5,1.0,0.25,1.0,1.0,0.11534025374855825,0.5,0.03333333333333333,0.08073817762399077,0.6000000000000001,0.9285714285714286,0.3233333333333333,0.185,score_exclusive_discount
283325,3,1,5,1,0.3333333333333333,0.2,0.5666666666666667,Middle-age,High Spenders,0.0,0.0,3.0,0.25,1.0,0.5,0.15337423312883436,0.0,0.1,0.10736196319018404,0.1,0.5666666666666667,0.37,0.205,score_exclusive_discount
290123,0,0,9,7,0.0,0.7777777777777778,0.5,Middle-age,Champions,0.0,0.5,2.14,0.7777777777777778,0.8571428571428571,1.0,0.13262599469496023,0.16666666666666666,0.07133333333333333,0.09283819628647215,0.33333333333333337,0.5,0.30707619047619045,0.5658444444444444,score_free_night_flight
297546,1,1,7,4,1.0,0.5714285714285714,0.7142857142857143,Middle-age,Champions,0.0,0.62,5.2,0.625,1.0,0.8,0.15313935681470137,0.20666666666666667,0.17333333333333334,0.10719754977029095,0.32533333333333336,0.7142857142857143,0.42133333333333334,0.4895,score_exclusive_discount
298253,2,0,6,1,0.0,0.16666666666666666,0.4166666666666667,Middle-age,At Risk,0.0,2.0,0.0,0.125,0.0,1.0,0.13333333333333333,0.6666666666666666,0.0,0.09333333333333332,0.7333333333333334,0.4166666666666667,0.0,0.0875,score_free_checkedbag
299476,3,0,6,1,0.0,0.16666666666666666,0.4166666666666667,Middle-age,At Risk,0.0,0.0,1.0,0.1111111111111111,1.0,1.0,0.11273957158962794,0.0,0.03333333333333333,0.07891770011273955,0.2,0.4166666666666667,0.3233333333333333,0.08777777777777776,score_exclusive_discount
306165,0,0,8,0,0.0,0.0,0.5,0,0,0.0,0.0,0.0,0.0,0.0,0.0,0.0,0.0,0.0,0.0,0.0,0.5,0.0,0.0,score_exclusive_discount
306819,3,1,5,2,0.3333333333333333,0.4,0.4666666666666667,Middle-age,At Risk,0.33,1.0,1.0,0.375,1.0,1.0,0.18181818181818182,0.3333333333333333,0.03333333333333333,0.12727272727272726,0.4666666666666667,0.4666666666666667,0.3233333333333333,0.27249999999999996,score_free_checkedbag
312488,2,0,6,1,0.0,0.16666666666666666,0.4166666666666667,Middle-age,At Risk,0.0,1.0,1.0,0.125,1.0,1.0,0.1358695652173913,0.3333333333333333,0.03333333333333333,0.0951086956521739,0.4666666666666667,0.4166666666666667,0.3233333333333333,0.09749999999999999,score_free_checkedbag
313724,1,1,7,5,1.0,0.7142857142857143,0.6428571428571428,Middle-age,Champions,0.17,0.67,3.75,0.75,1.0,0.8333333333333334,0.13850415512465375,0.22333333333333336,0.125,0.09695290858725762,0.3453333333333334,0.6428571428571428,0.38749999999999996,0.5624999999999999,score_exclusive_discount
316527,2,1,6,3,0.5,0.5,0.5,Middle-age,Champions,0.0,0.25,3.0,0.5,1.0,1.0,0.11312217194570136,0.08333333333333333,0.1,0.07918552036199095,0.26666666666666666,0.5,0.37,0.38,score_exclusive_discount
317688,3,1,5,3,0.3333333333333333,0.6,0.3666666666666667,Middle-age,Medium Spenders,0.0,0.5,1.5,0.5,1.0,1.0,0.10277492291880781,0.16666666666666666,0.05,0.07194244604316546,0.33333333333333337,0.3666666666666667,0.33499999999999996,0.365,score_exclusive_discount
322867,3,0,5,1,0.0,0.2,0.4,Middle-age,Low Spenders,0.0,1.0,7.0,0.125,1.0,1.0,0.1277139208173691,0.3333333333333333,0.23333333333333334,0.08939974457215837,0.4666666666666667,0.4,0.4633333333333333,0.15749999999999997,score_free_checkedbag
324191,2,0,6,2,0.0,0.3333333333333333,0.33333333333333337,Middle-age,Low Spenders,0.0,0.25,4.5,0.25,1.0,1.0,0.08952551477170993,0.08333333333333333,0.15,0.06266786034019695,0.26666666666666666,0.33333333333333337,0.40499999999999997,0.21999999999999997,score_free_meal
328590,4,3,4,1,0.75,0.25,0.75,Middle-age,Champions,0.25,0.17,4.5,0.5,0.75,1.0,0.10493179433368312,0.05666666666666667,0.15,0.07345225603357818,0.24533333333333335,0.75,0.32999999999999996,0.39499999999999996,score_exclusive_discount
330764,2,2,6,2,1.0,0.3333333333333333,0.8333333333333334,Middle-age,Low Spenders,0.25,0.0,4.5,0.5,0.75,0.5,1.0,0.0,0.15,0.7,0.1,0.8333333333333334,0.32999999999999996,0.39499999999999996,score_exclusive_discount
330893,1,0,7,3,0.0,0.42857142857142855,0.2857142857142857,Middle-age,Low Spenders,0.0,0.67,2.0,0.375,1.0,1.0,0.1447178002894356,0.22333333333333336,0.06666666666666667,0.10130246020260492,0.3786666666666667,0.2857142857142857,0.3466666666666667,0.2825,score_free_checkedbag
331039,4,2,4,0,0.5,0.0,0.75,0,0,0.0,0.0,0.0,0.0,0.0,0.0,0.0,0.0,0.0,0.0,0.0,0.75,0.0,0.0,score_exclusive_discount
334787,2,1,6,2,0.5,0.3333333333333333,0.5833333333333334,Middle-age,Low Spenders,0.0,0.67,2.0,0.375,1.0,1.0,0.15037593984962405,0.22333333333333336,0.06666666666666667,0.10526315789473684,0.3786666666666667,0.5833333333333334,0.3466666666666667,0.2825,score_exclusive_discount
337227,1,0,7,0,0.0,0.0,0.5,0,0,0.0,0.0,0.0,0.0,0.0,0.0,0.0,0.0,0.0,0.0,0.0,0.5,0.0,0.0,score_exclusive_discount
338086,2,1,6,1,0.5,0.16666666666666666,0.6666666666666667,Middle-age,Low Spenders,0.0,0.5,1.5,0.25,1.0,1.0,0.12004801920768307,0.16666666666666666,0.05,0.08403361344537814,0.33333333333333337,0.6666666666666667,0.33499999999999996,0.19,score_exclusive_discount
340166,2,0,6,1,0.0,0.16666666666666666,0.4166666666666667,Middle-age,At Risk,0.0,0.0,2.0,0.125,1.0,0.0,1.0,0.0,0.06666666666666667,0.7,0.0,0.4166666666666667,0.3466666666666667,0.1075,score_free_cancellation
343928,3,1,5,1,0.3333333333333333,0.2,0.5666666666666667,Elderly,Champions,0.0,0.25,1.5,0.25,0.5,1.0,0.005822077317186773,0.08333333333333333,0.05,0.004075454122030741,0.26666666666666666,0.5666666666666667,0.185,0.19,score_exclusive_discount
347778,2,0,7,5,0.0,0.7142857142857143,0.14285714285714285,Middle-age,Champions,0.0,0.85,1.8,0.5555555555555556,0.8,1.0,0.1388888888888889,0.2833333333333333,0.060000000000000005,0.09722222222222222,0.4266666666666667,0.14285714285714285,0.282,0.4068888888888889,score_free_checkedbag
348817,1,0,7,4,0.0,0.5714285714285714,0.2142857142857143,Middle-age,High Spenders,0.0,0.67,2.25,0.5,1.0,0.75,0.14814814814814814,0.22333333333333336,0.075,0.10370370370370369,0.3286666666666667,0.2142857142857143,0.3525,0.3725,score_free_night_flight
349132,1,1,7,1,1.0,0.14285714285714285,0.9285714285714286,Middle-age,Medium Spenders,0.0,0.0,5.5,0.25,1.0,0.5,0.15015015015015015,0.0,0.18333333333333332,0.1051051051051051,0.1,0.9285714285714286,0.42833333333333334,0.22999999999999998,score_exclusive_discount
350648,3,1,5,1,0.3333333333333333,0.2,0.5666666666666667,0,0,0.0,0.0,0.0,0.0,0.0,0.0,0.0,0.0,0.0,0.0,0.0,0.5666666666666667,0.0,0.0,score_exclusive_discount
353271,2,0,6,1,0.0,0.16666666666666666,0.4166666666666667,Youth,Low Spenders,0.0,0.0,1.0,0.125,1.0,1.0,0.15408320493066255,0.0,0.03333333333333333,0.10785824345146378,0.2,0.4166666666666667,0.3233333333333333,0.09749999999999999,score_exclusive_discount
353694,3,0,5,2,0.0,0.4,0.3,Middle-age,Medium Spenders,0.0,0.25,4.5,0.25,1.0,1.0,0.11148272017837237,0.08333333333333333,0.15,0.07803790412486065,0.26666666666666666,0.3,0.40499999999999997,0.21999999999999997,score_free_meal
354050,2,2,6,3,1.0,0.5,0.75,Middle-age,Champions,0.0,0.2,2.4,0.625,1.0,1.0,0.10672358591248667,0.06666666666666667,0.08,0.07470651013874066,0.25333333333333335,0.75,0.356,0.4615,score_exclusive_discount
354260,2,0,6,2,0.0,0.3333333333333333,0.33333333333333337,Middle-age,Low Spenders,0.0,1.0,1.0,0.25,0.5,1.0,0.08326394671107411,0.3333333333333333,0.03333333333333333,0.058284762697751874,0.4666666666666667,0.33333333333333337,0.17333333333333334,0.185,score_free_checkedbag
354311,1,0,7,2,0.0,0.2857142857142857,0.35714285714285715,Middle-age,Low Spenders,0.0,0.5,1.5,0.25,0.5,1.0,0.12150668286755771,0.16666666666666666,0.05,0.0850546780072904,0.33333333333333337,0.35714285714285715,0.185,0.19,score_exclusive_discount
354950,1,0,7,1,0.0,0.14285714285714285,0.4285714285714286,Middle-age,Low Spenders,0.0,1.0,6.0,0.125,1.0,1.0,0.1801801801801802,0.3333333333333333,0.2,0.12612612612612614,0.4666666666666667,0.4285714285714286,0.43999999999999995,0.1475,score_free_checkedbag
356046,2,0,6,2,0.0,0.3333333333333333,0.33333333333333337,Middle-age,Low Spenders,0.0,0.0,2.0,0.25,1.0,1.0,0.1053740779768177,0.0,0.06666666666666667,0.0737618545837724,0.2,0.33333333333333337,0.3466666666666667,0.19499999999999998,score_free_meal
357737,4,3,4,3,0.75,0.75,0.5,Middle-age,High Spenders,0.17,0.0,3.0,0.75,1.0,0.8333333333333334,0.12468827930174564,0.0,0.1,0.08728179551122195,0.16666666666666669,0.5,0.37,0.5549999999999999,score_free_night_flight
359072,3,1,5,3,0.3333333333333333,0.6,0.3666666666666667,Middle-age,At Risk,0.25,0.5,1.5,0.5,1.0,1.0,0.1044932079414838,0.16666666666666666,0.05,0.07314524555903866,0.33333333333333337,0.3666666666666667,0.33499999999999996,0.365,score_exclusive_discount
359080,2,1,6,3,0.5,0.5,0.5,Middle-age,Champions,0.0,0.88,1.0,0.5,0.5,1.0,0.012836970474967907,0.29333333333333333,0.03333333333333333,0.008985879332477534,0.4346666666666667,0.5,0.17333333333333334,0.36,score_exclusive_discount
359653,3,1,5,1,0.3333333333333333,0.2,0.5666666666666667,Middle-age,Low Spenders,0.0,1.0,1.5,0.25,1.0,1.0,0.125,0.3333333333333333,0.05,0.0875,0.4666666666666667,0.5666666666666667,0.33499999999999996,0.19,score_exclusive_discount
361459,2,0,6,1,0.0,0.16666666666666666,0.4166666666666667,Middle-age,At Risk,0.0,1.0,1.0,0.125,1.0,1.0,0.12547051442910917,0.3333333333333333,0.03333333333333333,0.08782936010037641,0.4666666666666667,0.4166666666666667,0.3233333333333333,0.09749999999999999,score_free_checkedbag
361759,4,1,5,3,0.25,0.6,0.325,Middle-age,Medium Spenders,0.0,0.5,1.0,0.4444444444444444,0.75,1.0,0.10718113612004287,0.16666666666666666,0.03333333333333333,0.07502679528403,0.33333333333333337,0.325,0.2483333333333333,0.32111111111111107,score_free_checkedbag
363535,4,2,4,2,0.5,0.5,0.5,Middle-age,Low Spenders,0.25,0.25,3.0,0.5,1.0,1.0,0.09746588693957116,0.08333333333333333,0.1,0.0682261208576998,0.26666666666666666,0.5,0.37,0.38,score_exclusive_discount
371201,2,0,6,1,0.0,0.16666666666666666,0.4166666666666667,Middle-age,At Risk,0.0,3.0,0.0,0.125,0.0,1.0,0.10319917440660475,1.0,0.0,0.07223942208462332,1.0,0.4166666666666667,0.0,0.0875,score_free_checkedbag
372970,3,0,5,2,0.0,0.4,0.3,Middle-age,Low Spenders,0.0,0.5,1.0,0.25,1.0,1.0,0.1287001287001287,0.16666666666666666,0.03333333333333333,0.09009009009009009,0.33333333333333337,0.3,0.3233333333333333,0.185,score_free_checkedbag
373489,6,1,3,0,0.16666666666666666,0.0,0.5833333333333334,Middle-age,Champions,0.0,0.75,12.0,0.1111111111111111,1.0,1.0,0.004446420631391729,0.25,0.4,0.00311249444197421,0.4,0.5833333333333334,0.58,0.19777777777777777,score_exclusive_discount
374331,4,1,4,2,0.25,0.5,0.375,Middle-age,Champions,0.33,0.0,12.0,0.375,0.6666666666666666,0.6666666666666666,1.0,0.0,0.4,0.7,0.13333333333333333,0.375,0.48,0.38249999999999995,score_free_cancellation
374340,1,1,8,0,1.0,0.0,1.0,Middle-age,Champions,0.0,0.5,0.0,0.1111111111111111,0.0,1.0,0.0029619098394644866,0.16666666666666666,0.0,0.0020733368876251403,0.33333333333333337,1.0,0.0,0.07777777777777777,score_exclusive_discount
374341,1,0,7,3,0.0,0.42857142857142855,0.2857142857142857,Youth,Champions,0.0,0.0,7.33,0.375,1.0,0.0,1.0,0.0,0.24433333333333335,0.7,0.0,0.2857142857142857,0.4710333333333333,0.3358,score_free_cancellation
375160,2,0,6,0,0.0,0.0,0.5,0,0,0.0,0.0,0.0,0.0,0.0,0.0,0.0,0.0,0.0,0.0,0.0,0.5,0.0,0.0,score_exclusive_discount
375729,5,2,3,1,0.4,0.3333333333333333,0.5333333333333333,Middle-age,Medium Spenders,0.0,0.33,2.0,0.375,1.0,1.0,0.13157894736842105,0.11,0.06666666666666667,0.09210526315789473,0.28800000000000003,0.5333333333333333,0.3466666666666667,0.2825,score_exclusive_discount
375751,1,0,7,3,0.0,0.42857142857142855,0.2857142857142857,Middle-age,Low Spenders,0.0,0.33,2.0,0.375,0.6666666666666666,1.0,0.10775862068965518,0.11,0.06666666666666667,0.07543103448275862,0.28800000000000003,0.2857142857142857,0.24666666666666665,0.2825,score_free_checkedbag
376159,0,0,8,2,0.0,0.25,0.5,Middle-age,Low Spenders,0.0,1.0,3.0,0.25,1.0,0.5,0.09569377990430622,0.3333333333333333,0.1,0.06698564593301434,0.3666666666666667,0.5,0.37,0.205,score_exclusive_discount
377069,2,2,6,0,1.0,0.0,1.0,0,0,0.0,0.0,0.0,0.0,0.0,0.0,0.0,0.0,0.0,0.0,0.0,1.0,0.0,0.0,score_exclusive_discount
377411,4,1,4,1,0.25,0.25,0.5,Middle-age,Medium Spenders,0.0,0.0,2.5,0.25,1.0,1.0,0.14556040756914118,0.0,0.08333333333333333,0.10189228529839882,0.2,0.5,0.35833333333333334,0.19999999999999998,score_exclusive_discount
378565,4,2,4,3,0.5,0.75,0.375,Middle-age,Champions,0.0,0.5,8.8,0.625,1.0,0.4,0.1663893510815308,0.16666666666666666,0.29333333333333333,0.11647254575707155,0.21333333333333335,0.375,0.5053333333333333,0.5255,score_free_night_flight
379543,2,0,6,3,0.0,0.5,0.25,Middle-age,Medium Spenders,0.0,0.33,2.0,0.375,1.0,1.0,0.1321003963011889,0.11,0.06666666666666667,0.09247027741083222,0.28800000000000003,0.25,0.3466666666666667,0.2825,score_free_meal
380434,3,1,5,2,0.3333333333333333,0.4,0.4666666666666667,Middle-age,Medium Spenders,0.0,0.33,2.33,0.375,1.0,1.0,0.09025270758122744,0.11,0.07766666666666668,0.0631768953068592,0.28800000000000003,0.4666666666666667,0.35436666666666666,0.28579999999999994,score_exclusive_discount
380436,2,1,6,0,0.5,0.0,0.75,Middle-age,At Risk,0.0,1.0,4.0,0.125,1.0,1.0,0.09208103130755065,0.3333333333333333,0.13333333333333333,0.06445672191528545,0.4666666666666667,0.75,0.3933333333333333,0.1275,score_exclusive_discount
380757,3,1,5,2,0.3333333333333333,0.4,0.4666666666666667,Middle-age,Low Spenders,0.0,0.33,4.67,0.375,1.0,1.0,0.10940919037199125,0.11,0.15566666666666668,0.07658643326039387,0.28800000000000003,0.4666666666666667,0.40896666666666665,0.3092,score_exclusive_discount
380949,2,2,6,4,1.0,0.6666666666666666,0.6666666666666667,Middle-age,High Spenders,0.17,0.25,1.75,0.75,0.8333333333333334,1.0,0.11695906432748537,0.08333333333333333,0.058333333333333334,0.08187134502923976,0.26666666666666666,0.6666666666666667,0.29083333333333333,0.5424999999999999,score_exclusive_discount
381259,1,0,7,1,0.0,0.14285714285714285,0.4285714285714286,Youth,At Risk,0.0,1.0,1.0,0.125,1.0,1.0,0.14513788098693758,0.3333333333333333,0.03333333333333333,0.1015965166908563,0.4666666666666667,0.4285714285714286,0.3233333333333333,0.09749999999999999,score_free_checkedbag
381465,3,2,5,3,0.6666666666666666,0.6,0.5333333333333333,Middle-age,High Spenders,0.2,0.0,10.33,0.625,1.0,0.6,0.13351134846461948,0.0,0.3443333333333333,0.09345794392523363,0.12,0.5333333333333333,0.5410333333333333,0.5408,score_free_meal
382181,2,0,6,3,0.0,0.5,0.25,Middle-age,Medium Spenders,0.0,0.67,1.67,0.375,0.6666666666666666,1.0,0.1519756838905775,0.22333333333333336,0.05566666666666666,0.10638297872340424,0.3786666666666667,0.25,0.23896666666666666,0.27919999999999995,score_free_checkedbag
382384,0,0,8,1,0.0,0.125,0.5,Middle-age,At Risk,0.0,1.0,1.0,0.125,1.0,1.0,0.09380863039399624,0.3333333333333333,0.03333333333333333,0.06566604127579737,0.4666666666666667,0.5,0.3233333333333333,0.09749999999999999,score_exclusive_discount
382533,2,0,6,0,0.0,0.0,0.5,0,0,0.0,0.0,0.0,0.0,0.0,0.0,0.0,0.0,0.0,0.0,0.0,0.5,0.0,0.0,score_exclusive_discount
386255,3,0,5,1,0.0,0.2,0.4,Middle-age,Medium Spenders,0.0,0.0,4.0,0.125,1.0,0.0,1.0,0.0,0.13333333333333333,0.7,0.0,0.4,0.3933333333333333,0.1275,score_free_cancellation
386469,1,0,8,0,0.0,0.0,0.5,0,0,0.0,0.0,0.0,0.0,0.0,0.0,0.0,0.0,0.0,0.0,0.0,0.5,0.0,0.0,score_exclusive_discount
386914,5,3,3,0,0.6,0.0,0.8,Middle-age,At Risk,0.33,1.0,2.0,0.375,0.6666666666666666,1.0,0.11337868480725623,0.3333333333333333,0.06666666666666667,0.07936507936507936,0.4666666666666667,0.8,0.24666666666666665,0.2825,score_exclusive_discount
387282,3,1,5,0,0.3333333333333333,0.0,0.6666666666666666,Middle-age,High Spenders,0.0,0.0,4.0,0.125,1.0,0.0,1.0,0.0,0.13333333333333333,0.7,0.0,0.6666666666666666,0.3933333333333333,0.1275,score_free_cancellation
387783,1,0,7,3,0.0,0.42857142857142855,0.2857142857142857,Middle-age,High Spenders,0.0,0.0,5.0,0.375,1.0,0.3333333333333333,0.10869565217391305,0.0,0.16666666666666666,0.07608695652173914,0.06666666666666667,0.2857142857142857,0.41666666666666663,0.31249999999999994,score_free_meal
388328,4,2,5,3,0.5,0.6,0.45,Middle-age,Champions,0.0,1.0,4.6,0.5555555555555556,1.0,0.6,0.1183431952662722,0.3333333333333333,0.15333333333333332,0.08284023668639054,0.38666666666666666,0.45,0.4073333333333333,0.4348888888888889,score_exclusive_discount
388947,3,1,6,2,0.3333333333333333,0.3333333333333333,0.5,Middle-age,Medium Spenders,0.0,0.67,1.33,0.3333333333333333,0.6666666666666666,1.0,0.11820330969267138,0.22333333333333336,0.044333333333333336,0.08274231678486997,0.3786666666666667,0.5,0.2310333333333333,0.24663333333333332,score_exclusive_discount
389434,4,2,4,4,0.5,1.0,0.25,Middle-age,High Spenders,0.17,0.25,1.75,0.75,1.0,1.0,0.13333333333333333,0.08333333333333333,0.058333333333333334,0.09333333333333332,0.26666666666666666,0.25,0.3408333333333333,0.5424999999999999,score_free_night_flight
389662,3,1,5,2,0.3333333333333333,0.4,0.4666666666666667,Middle-age,Low Spenders,0.0,1.0,1.33,0.375,1.0,0.6666666666666666,0.09832841691248771,0.3333333333333333,0.044333333333333336,0.0688298918387414,0.4,0.4666666666666667,0.33103333333333335,0.27579999999999993,score_exclusive_discount
389759,3,1,5,2,0.3333333333333333,0.4,0.4666666666666667,Middle-age,Champions,0.0,0.33,2.0,0.375,1.0,1.0,0.1342281879194631,0.11,0.06666666666666667,0.09395973154362415,0.28800000000000003,0.4666666666666667,0.3466666666666667,0.2825,score_exclusive_discount
390811,1,0,7,3,0.0,0.42857142857142855,0.2857142857142857,Middle-age,Medium Spenders,0.0,0.67,3.67,0.375,1.0,1.0,0.11467889908256883,0.22333333333333336,0.12233333333333334,0.08027522935779817,0.3786666666666667,0.2857142857142857,0.38563333333333333,0.29919999999999997,score_free_meal
392453,3,1,5,0,0.3333333333333333,0.0,0.6666666666666666,Middle-age,Low Spenders,0.0,1.0,11.0,0.125,1.0,1.0,0.12330456226880396,0.3333333333333333,0.36666666666666664,0.08631319358816276,0.4666666666666667,0.6666666666666666,0.5566666666666666,0.19749999999999998,score_exclusive_discount
395202,1,0,7,1,0.0,0.14285714285714285,0.4285714285714286,Youth,Medium Spenders,0.0,0.0,13.0,0.125,1.0,0.0,1.0,0.0,0.43333333333333335,0.7,0.0,0.4285714285714286,0.6033333333333333,0.2175,score_free_cancellation
395981,1,1,7,2,1.0,0.2857142857142857,0.8571428571428572,Middle-age,High Spenders,0.0,0.83,1.0,0.375,1.0,1.0,0.09041591320072333,0.27666666666666667,0.03333333333333333,0.06329113924050632,0.42133333333333334,0.8571428571428572,0.3233333333333333,0.27249999999999996,score_exclusive_discount
396552,1,0,7,4,0.0,0.5714285714285714,0.2142857142857143,Middle-age,Low Spenders,0.0,0.5,1.0,0.5,1.0,1.0,0.11198208286674133,0.16666666666666666,0.03333333333333333,0.07838745800671892,0.33333333333333337,0.2142857142857143,0.3233333333333333,0.36,score_free_night_flight
399137,3,1,5,3,0.3333333333333333,0.6,0.3666666666666667,Middle-age,Champions,0.0,1.0,3.75,0.5,1.0,0.5,0.12391573729863692,0.3333333333333333,0.125,0.08674101610904583,0.3666666666666667,0.3666666666666667,0.38749999999999996,0.38749999999999996,score_free_meal
399218,1,0,7,2,0.0,0.2857142857142857,0.35714285714285715,Middle-age,At Risk,0.0,0.5,1.0,0.25,0.5,1.0,0.12165450121654503,0.16666666666666666,0.03333333333333333,0.08515815085158152,0.33333333333333337,0.35714285714285715,0.17333333333333334,0.185,score_exclusive_discount
399799,1,0,7,4,0.0,0.5714285714285714,0.2142857142857143,Middle-age,Medium Spenders,0.0,0.5,2.25,0.5,1.0,1.0,0.12690355329949238,0.16666666666666666,0.075,0.08883248730964466,0.33333333333333337,0.2142857142857143,0.3525,0.3725,score_free_night_flight
400582,2,1,6,3,0.5,0.5,0.5,Middle-age,High Spenders,0.0,0.0,2.25,0.5,1.0,0.75,0.12150668286755771,0.0,0.075,0.0850546780072904,0.15000000000000002,0.5,0.3525,0.3725,score_exclusive_discount
400899,0,0,8,3,0.0,0.375,0.5,Middle-age,High Spenders,0.0,0.5,3.33,0.375,1.0,1.0,0.14347202295552366,0.16666666666666666,0.111,0.10043041606886656,0.33333333333333337,0.5,0.3777,0.29579999999999995,score_exclusive_discount
402332,3,2,5,0,0.6666666666666666,0.0,0.8333333333333333,Middle-age,Low Spenders,0.0,0.0,1.0,0.25,1.0,1.0,0.06622516556291391,0.0,0.03333333333333333,0.046357615894039736,0.2,0.8333333333333333,0.3233333333333333,0.185,score_exclusive_discount
402978,1,1,7,3,1.0,0.42857142857142855,0.7857142857142857,Middle-age,High Spenders,0.0,0.75,3.0,0.5,1.0,1.0,0.15220700152207,0.25,0.1,0.106544901065449,0.4,0.7857142857142857,0.37,0.38,score_exclusive_discount
403881,2,0,6,4,0.0,0.6666666666666666,0.16666666666666669,Middle-age,Champions,0.0,0.62,2.75,0.5,1.0,1.0,0.1088139281828074,0.20666666666666667,0.09166666666666666,0.07616974972796517,0.36533333333333334,0.16666666666666669,0.36416666666666664,0.37749999999999995,score_free_night_flight
404879,0,0,8,4,0.0,0.5,0.5,Middle-age,Champions,0.0,0.38,2.5,0.5,0.75,1.0,0.11325028312570781,0.12666666666666668,0.08333333333333333,0.07927519818799546,0.30133333333333334,0.5,0.2833333333333333,0.375,score_exclusive_discount
405305,2,0,7,3,0.0,0.42857142857142855,0.2857142857142857,Middle-age,High Spenders,0.0,0.5,1.33,0.3333333333333333,1.0,1.0,0.08291873963515754,0.16666666666666666,0.044333333333333336,0.058043117744610274,0.33333333333333337,0.2857142857142857,0.33103333333333335,0.24663333333333332,score_free_checkedbag
406210,2,0,6,2,0.0,0.3333333333333333,0.33333333333333337,Youth,Medium Spenders,0.0,0.5,7.0,0.25,1.0,1.0,0.006314327208435941,0.16666666666666666,0.23333333333333334,0.004420029045905159,0.33333333333333337,0.33333333333333337,0.4633333333333333,0.245,score_free_meal
407118,2,1,6,3,0.5,0.5,0.5,Middle-age,Medium Spenders,0.25,0.5,4.0,0.5,1.0,1.0,0.11614401858304298,0.16666666666666666,0.13333333333333333,0.08130081300813008,0.33333333333333337,0.5,0.3933333333333333,0.38999999999999996,score_exclusive_discount
407275,1,0,7,4,0.0,0.5714285714285714,0.2142857142857143,Middle-age,High Spenders,0.0,0.5,3.75,0.5,0.75,1.0,0.14326647564469913,0.16666666666666666,0.125,0.10028653295128939,0.33333333333333337,0.2142857142857143,0.3125,0.38749999999999996,score_free_night_flight
407434,2,0,6,1,0.0,0.16666666666666666,0.4166666666666667,Middle-age,High Spenders,0.0,0.0,9.0,0.125,1.0,0.0,1.0,0.0,0.3,0.7,0.0,0.4166666666666667,0.51,0.1775,score_free_cancellation
407642,1,0,7,2,0.0,0.2857142857142857,0.35714285714285715,Middle-age,Low Spenders,0.0,0.0,1.5,0.25,1.0,1.0,0.10362694300518134,0.0,0.05,0.07253886010362694,0.2,0.35714285714285715,0.33499999999999996,0.19,score_exclusive_discount
408551,4,0,5,2,0.0,0.4,0.3,Middle-age,Low Spenders,0.0,0.5,2.5,0.2222222222222222,1.0,1.0,0.16666666666666666,0.16666666666666666,0.08333333333333333,0.11666666666666665,0.33333333333333337,0.3,0.35833333333333334,0.18055555555555552,score_free_meal
409073,0,0,8,3,0.0,0.375,0.5,Middle-age,Medium Spenders,0.0,1.0,1.67,0.375,1.0,1.0,0.12755102040816327,0.3333333333333333,0.05566666666666666,0.08928571428571429,0.4666666666666667,0.5,0.33896666666666664,0.27919999999999995,score_exclusive_discount
411179,3,3,5,1,1.0,0.2,0.9,Middle-age,Champions,0.25,1.0,7.5,0.5,1.0,0.75,0.07892659826361484,0.3333333333333333,0.25,0.055248618784530384,0.4166666666666667,0.9,0.475,0.425,score_exclusive_discount
411701,2,0,6,2,0.0,0.3333333333333333,0.33333333333333337,Middle-age,Low Spenders,0.0,1.0,1.0,0.25,1.0,0.5,0.05737234652897304,0.3333333333333333,0.03333333333333333,0.040160642570281124,0.3666666666666667,0.33333333333333337,0.3233333333333333,0.185,score_free_checkedbag
413128,4,3,6,2,0.75,0.3333333333333333,0.7083333333333334,Middle-age,Champions,0.0,0.08,5.6,0.5,1.0,0.8,0.12690355329949238,0.02666666666666667,0.18666666666666665,0.08883248730964466,0.18133333333333337,0.7083333333333334,0.43066666666666664,0.40599999999999997,score_exclusive_discount
413340,1,1,7,2,1.0,0.2857142857142857,0.8571428571428572,Middle-age,Low Spenders,0.0,0.67,2.67,0.375,0.3333333333333333,1.0,0.10121457489878542,0.22333333333333336,0.089,0.07085020242914979,0.3786666666666667,0.8571428571428572,0.1623,0.28919999999999996,score_exclusive_discount
413418,3,0,5,3,0.0,0.6,0.2,Middle-age,Low Spenders,0.0,1.0,2.33,0.375,0.6666666666666666,0.6666666666666666,0.08888888888888889,0.3333333333333333,0.07766666666666668,0.06222222222222222,0.4,0.2,0.25436666666666663,0.28579999999999994,score_free_checkedbag
413658,3,2,5,2,0.6666666666666666,0.4,0.6333333333333333,Middle-age,Low Spenders,0.25,1.0,3.0,0.5,0.75,0.75,0.1111111111111111,0.3333333333333333,0.1,0.07777777777777777,0.4166666666666667,0.6333333333333333,0.295,0.38,score_exclusive_discount
414128,3,1,6,3,0.3333333333333333,0.5,0.41666666666666663,Middle-age,Champions,0.0,0.33,2.75,0.4444444444444444,1.0,0.75,0.08787346221441124,0.11,0.09166666666666666,0.06151142355008786,0.23800000000000004,0.41666666666666663,0.36416666666666664,0.3386111111111111,score_exclusive_discount
415282,3,0,5,2,0.0,0.4,0.3,Middle-age,Champions,0.0,0.0,3.5,0.25,1.0,1.0,0.1092896174863388,0.0,0.11666666666666667,0.07650273224043715,0.2,0.3,0.38166666666666665,0.21,score_free_meal
415381,1,0,7,3,0.0,0.42857142857142855,0.2857142857142857,Middle-age,Low Spenders,0.0,1.0,1.67,0.375,0.6666666666666666,1.0,0.13458950201884254,0.3333333333333333,0.05566666666666666,0.09421265141318977,0.4666666666666667,0.2857142857142857,0.23896666666666666,0.27919999999999995,score_free_checkedbag
415581,1,0,7,3,0.0,0.42857142857142855,0.2857142857142857,Middle-age,High Spenders,0.0,0.67,5.67,0.375,1.0,1.0,0.09596928982725528,0.22333333333333336,0.189,0.06717850287907869,0.3786666666666667,0.2857142857142857,0.4323,0.31919999999999993,score_free_meal
416319,2,0,6,2,0.0,0.3333333333333333,0.33333333333333337,Middle-age,At Risk,0.0,0.5,1.0,0.25,1.0,1.0,0.11037527593818984,0.16666666666666666,0.03333333333333333,0.07726269315673288,0.33333333333333337,0.33333333333333337,0.3233333333333333,0.185,score_free_checkedbag
416580,3,3,5,3,1.0,0.6,0.7,Middle-age,Medium Spenders,0.17,0.25,1.0,0.75,0.8333333333333334,0.8333333333333334,0.14947683109118085,0.08333333333333333,0.03333333333333333,0.10463378176382658,0.23333333333333334,0.7,0.2733333333333333,0.5349999999999999,score_exclusive_discount
417679,4,3,4,2,0.75,0.5,0.625,Middle-age,High Spenders,0.0,0.3,2.2,0.625,0.8,1.0,0.10940919037199125,0.09999999999999999,0.07333333333333333,0.07658643326039387,0.28,0.625,0.29133333333333333,0.4595,score_exclusive_discount
418329,4,2,4,1,0.5,0.25,0.625,Middle-age,High Spenders,0.0,0.67,9.0,0.375,1.0,1.0,0.12300123001230014,0.22333333333333336,0.3,0.08610086100861009,0.3786666666666667,0.625,0.51,0.3524999999999999,score_exclusive_discount
418488,3,0,5,4,0.0,0.8,0.09999999999999998,Middle-age,High Spenders,0.0,0.5,3.25,0.5,1.0,1.0,0.16286644951140067,0.16666666666666666,0.10833333333333334,0.11400651465798047,0.33333333333333337,0.09999999999999998,0.37583333333333335,0.38249999999999995,score_free_night_flight
418692,4,3,5,1,0.75,0.2,0.775,Middle-age,Medium Spenders,0.25,0.5,1.5,0.4444444444444444,1.0,1.0,0.14598540145985403,0.16666666666666666,0.05,0.10218978102189781,0.33333333333333337,0.775,0.33499999999999996,0.3261111111111111,score_exclusive_discount
420648,3,2,5,1,0.6666666666666666,0.2,0.7333333333333333,Middle-age,High Spenders,0.0,0.0,3.67,0.375,0.6666666666666666,0.6666666666666666,0.11918951132300357,0.0,0.12233333333333334,0.0834326579261025,0.13333333333333333,0.7333333333333333,0.2856333333333333,0.29919999999999997,score_exclusive_discount
420669,3,2,5,4,0.6666666666666666,0.8,0.4333333333333333,Middle-age,Medium Spenders,0.33,1.0,6.0,0.75,0.8333333333333334,0.8333333333333334,0.09643201542912247,0.3333333333333333,0.2,0.06750241080038573,0.43333333333333335,0.4333333333333333,0.39,0.585,score_free_night_flight
421247,3,2,5,2,0.6666666666666666,0.4,0.6333333333333333,Middle-age,Medium Spenders,0.0,0.5,2.0,0.5,1.0,1.0,0.12531328320802004,0.16666666666666666,0.06666666666666667,0.08771929824561403,0.33333333333333337,0.6333333333333333,0.3466666666666667,0.37,score_exclusive_discount
421515,2,1,6,1,0.5,0.16666666666666666,0.6666666666666667,Middle-age,Low Spenders,0.0,0.5,1.0,0.25,1.0,1.0,0.14556040756914118,0.16666666666666666,0.03333333333333333,0.10189228529839882,0.33333333333333337,0.6666666666666667,0.3233333333333333,0.185,score_exclusive_discount
421666,2,1,6,2,0.5,0.3333333333333333,0.5833333333333334,Middle-age,At Risk,0.33,1.0,1.0,0.375,1.0,1.0,0.08984725965858041,0.3333333333333333,0.03333333333333333,0.06289308176100629,0.4666666666666667,0.5833333333333334,0.3233333333333333,0.27249999999999996,score_exclusive_discount
421700,3,2,5,1,0.6666666666666666,0.2,0.7333333333333333,Middle-age,High Spenders,0.0,0.0,5.0,0.375,1.0,1.0,0.11098779134295228,0.0,0.16666666666666666,0.07769145394006659,0.2,0.7333333333333333,0.41666666666666663,0.31249999999999994,score_exclusive_discount
422066,2,1,6,3,0.5,0.5,0.5,Middle-age,Champions,0.0,0.88,5.0,0.5,1.0,1.0,0.10224948875255624,0.29333333333333333,0.16666666666666666,0.07157464212678936,0.4346666666666667,0.5,0.41666666666666663,0.39999999999999997,score_exclusive_discount
422668,3,0,5,0,0.0,0.0,0.5,0,0,0.0,0.0,0.0,0.0,0.0,0.0,0.0,0.0,0.0,0.0,0.0,0.5,0.0,0.0,score_exclusive_discount
423042,4,3,4,4,0.75,1.0,0.375,Middle-age,Medium Spenders,0.14,0.33,2.0,0.875,0.8571428571428571,0.7142857142857143,0.15408320493066255,0.11,0.06666666666666667,0.10785824345146378,0.23085714285714287,0.375,0.30380952380952375,0.6325,score_free_night_flight
424553,3,0,5,3,0.0,0.6,0.2,Middle-age,Medium Spenders,0.0,1.0,5.33,0.375,1.0,0.3333333333333333,0.07710100231303006,0.3333333333333333,0.17766666666666667,0.05397070161912104,0.3333333333333333,0.2,0.42436666666666667,0.31579999999999997,score_free_meal
425632,2,1,6,2,0.5,0.3333333333333333,0.5833333333333334,Middle-age,High Spenders,0.0,0.5,3.33,0.375,0.6666666666666666,0.6666666666666666,0.1447178002894356,0.16666666666666666,0.111,0.10130246020260492,0.26666666666666666,0.5833333333333334,0.27769999999999995,0.29579999999999995,score_exclusive_discount
425653,1,0,7,0,0.0,0.0,0.5,0,0,0.0,0.0,0.0,0.0,0.0,0.0,0.0,0.0,0.0,0.0,0.0,0.5,0.0,0.0,score_exclusive_discount
425953,1,1,7,3,1.0,0.42857142857142855,0.7857142857142857,Middle-age,Medium Spenders,0.0,0.0,2.0,0.5,1.0,1.0,0.10593220338983052,0.0,0.06666666666666667,0.07415254237288135,0.2,0.7857142857142857,0.3466666666666667,0.37,score_exclusive_discount
425966,0,0,8,2,0.0,0.25,0.5,Middle-age,Medium Spenders,0.0,0.5,2.0,0.25,1.0,1.0,0.10362694300518134,0.16666666666666666,0.06666666666666667,0.07253886010362694,0.33333333333333337,0.5,0.3466666666666667,0.19499999999999998,score_exclusive_discount
426478,4,2,4,1,0.5,0.25,0.625,Youth,Low Spenders,0.33,0.0,9.0,0.375,0.6666666666666666,0.6666666666666666,1.0,0.0,0.3,0.7,0.13333333333333333,0.625,0.41,0.3524999999999999,score_free_cancellation
427426,3,0,5,3,0.0,0.6,0.2,Middle-age,Low Spenders,0.0,0.33,1.0,0.375,0.6666666666666666,1.0,0.06925207756232687,0.11,0.03333333333333333,0.04847645429362881,0.28800000000000003,0.2,0.22333333333333333,0.27249999999999996,score_free_checkedbag
427506,2,2,6,2,1.0,0.3333333333333333,0.8333333333333334,Middle-age,At Risk,0.25,0.5,1.0,0.5,1.0,1.0,0.10940919037199125,0.16666666666666666,0.03333333333333333,0.07658643326039387,0.33333333333333337,0.8333333333333334,0.3233333333333333,0.36,score_exclusive_discount
428056,3,0,5,4,0.0,0.8,0.09999999999999998,Middle-age,High Spenders,0.0,0.0,2.25,0.5,0.75,1.0,0.1149425287356322,0.0,0.075,0.08045977011494253,0.2,0.09999999999999998,0.27749999999999997,0.3725,score_free_night_flight
428552,2,1,6,1,0.5,0.16666666666666666,0.6666666666666667,Middle-age,Low Spenders,0.0,0.0,1.5,0.25,1.0,1.0,0.12269938650306748,0.0,0.05,0.08588957055214723,0.2,0.6666666666666667,0.33499999999999996,0.19,score_exclusive_discount
428858,2,1,6,3,0.5,0.5,0.5,Youth,High Spenders,0.25,1.0,6.0,0.5,1.0,0.75,0.07215007215007216,0.3333333333333333,0.2,0.05050505050505051,0.4166666666666667,0.5,0.43999999999999995,0.41,score_exclusive_discount
429345,3,1,5,0,0.3333333333333333,0.0,0.6666666666666666,Elderly,At Risk,0.0,0.0,6.0,0.125,1.0,0.0,1.0,0.0,0.2,0.7,0.0,0.6666666666666666,0.43999999999999995,0.1475,score_free_cancellation
429375,1,1,7,3,1.0,0.42857142857142855,0.7857142857142857,Middle-age,Low Spenders,0.25,1.0,1.5,0.5,0.75,1.0,0.12062726176115804,0.3333333333333333,0.05,0.08443908323281062,0.4666666666666667,0.7857142857142857,0.25999999999999995,0.365,score_exclusive_discount
430722,3,2,5,2,0.6666666666666666,0.4,0.6333333333333333,Middle-age,Low Spenders,0.25,1.0,2.5,0.5,1.0,1.0,0.13351134846461948,0.3333333333333333,0.08333333333333333,0.09345794392523363,0.4666666666666667,0.6333333333333333,0.35833333333333334,0.375,score_exclusive_discount
431337,1,0,7,3,0.0,0.42857142857142855,0.2857142857142857,Middle-age,Medium Spenders,0.0,1.0,2.0,0.375,1.0,1.0,0.10604453870625663,0.3333333333333333,0.06666666666666667,0.07423117709437964,0.4666666666666667,0.2857142857142857,0.3466666666666667,0.2825,score_free_checkedbag
431602,4,2,4,2,0.5,0.5,0.5,Middle-age,High Spenders,0.25,0.5,2.0,0.5,0.75,1.0,0.13315579227696406,0.16666666666666666,0.06666666666666667,0.09320905459387484,0.33333333333333337,0.5,0.2716666666666666,0.37,score_exclusive_discount
431746,2,1,6,0,0.5,0.0,0.75,Middle-age,Low Spenders,0.0,1.0,1.0,0.125,1.0,1.0,0.12804097311139565,0.3333333333333333,0.03333333333333333,0.08962868117797694,0.4666666666666667,0.75,0.3233333333333333,0.09749999999999999,score_exclusive_discount
431899,2,1,6,1,0.5,0.16666666666666666,0.6666666666666667,0,0,0.0,0.0,0.0,0.0,0.0,0.0,0.0,0.0,0.0,0.0,0.0,0.6666666666666667,0.0,0.0,score_exclusive_discount
431912,2,0,6,1,0.0,0.16666666666666666,0.4166666666666667,Middle-age,At Risk,0.0,0.5,0.0,0.125,0.0,1.0,0.15479876160990713,0.16666666666666666,0.0,0.10835913312693499,0.33333333333333337,0.4166666666666667,0.0,0.0875,score_exclusive_discount
432333,2,1,6,1,0.5,0.16666666666666666,0.6666666666666667,Middle-age,Medium Spenders,0.0,1.0,4.5,0.25,1.0,0.5,0.07032348804500703,0.3333333333333333,0.15,0.04922644163150492,0.3666666666666667,0.6666666666666667,0.40499999999999997,0.21999999999999997,score_exclusive_discount
432637,3,1,5,2,0.3333333333333333,0.4,0.4666666666666667,Middle-age,Medium Spenders,0.0,0.33,2.0,0.375,1.0,1.0,0.1358695652173913,0.11,0.06666666666666667,0.0951086956521739,0.28800000000000003,0.4666666666666667,0.3466666666666667,0.2825,score_exclusive_discount
432941,1,0,7,4,0.0,0.5714285714285714,0.2142857142857143,Middle-age,Champions,0.0,0.33,5.0,0.5,1.0,0.75,0.1321003963011889,0.11,0.16666666666666666,0.09247027741083222,0.23800000000000004,0.2142857142857143,0.41666666666666663,0.39999999999999997,score_free_meal
433339,2,1,6,1,0.5,0.16666666666666666,0.6666666666666667,Youth,Medium Spenders,0.0,1.0,7.0,0.25,1.0,0.5,0.10504201680672269,0.3333333333333333,0.23333333333333334,0.07352941176470588,0.3666666666666667,0.6666666666666667,0.4633333333333333,0.245,score_exclusive_discount
433905,1,0,7,1,0.0,0.14285714285714285,0.4285714285714286,Youth,High Spenders,0.0,0.0,14.0,0.125,1.0,0.0,1.0,0.0,0.4666666666666667,0.7,0.0,0.4285714285714286,0.6266666666666667,0.22749999999999998,score_free_cancellation
434238,1,1,7,1,1.0,0.14285714285714285,0.9285714285714286,Middle-age,At Risk,0.0,0.5,0.5,0.25,0.5,1.0,0.09950248756218905,0.16666666666666666,0.016666666666666666,0.06965174129353233,0.33333333333333337,0.9285714285714286,0.16166666666666665,0.18,score_exclusive_discount
434623,3,3,5,2,1.0,0.4,0.8,Middle-age,Medium Spenders,0.2,0.33,2.0,0.625,1.0,1.0,0.1278772378516624,0.11,0.06666666666666667,0.08951406649616368,0.28800000000000003,0.8,0.3466666666666667,0.4575,score_exclusive_discount
435231,0,0,8,2,0.0,0.25,0.5,Middle-age,Low Spenders,0.0,1.0,4.0,0.25,1.0,0.5,0.14749262536873156,0.3333333333333333,0.13333333333333333,0.10324483775811209,0.3666666666666667,0.5,0.3933333333333333,0.215,score_exclusive_discount
435596,4,0,4,2,0.0,0.5,0.25,Middle-age,Low Spenders,0.0,0.5,2.0,0.25,1.0,1.0,0.1150747986191024,0.16666666666666666,0.06666666666666667,0.08055235903337167,0.33333333333333337,0.25,0.3466666666666667,0.19499999999999998,score_free_meal
435669,3,1,5,1,0.3333333333333333,0.2,0.5666666666666667,Middle-age,Medium Spenders,0.0,0.25,1.0,0.25,1.0,1.0,0.12919896640826872,0.08333333333333333,0.03333333333333333,0.0904392764857881,0.26666666666666666,0.5666666666666667,0.3233333333333333,0.185,score_exclusive_discount
435837,1,0,7,1,0.0,0.14285714285714285,0.4285714285714286,Middle-age,Medium Spenders,0.0,0.0,12.0,0.125,1.0,0.0,1.0,0.0,0.4,0.7,0.0,0.4285714285714286,0.58,0.2075,score_free_cancellation
435882,4,2,5,2,0.5,0.4,0.55,Middle-age,Medium Spenders,0.25,0.5,2.0,0.4444444444444444,1.0,1.0,0.09267840593141799,0.16666666666666666,0.06666666666666667,0.06487488415199259,0.33333333333333337,0.55,0.3466666666666667,0.3311111111111111,score_exclusive_discount
436320,2,2,6,0,1.0,0.0,1.0,Middle-age,Low Spenders,0.0,0.5,2.5,0.25,1.0,1.0,0.11001100110011001,0.16666666666666666,0.08333333333333333,0.077007700770077,0.33333333333333337,1.0,0.35833333333333334,0.19999999999999998,score_exclusive_discount
436894,3,0,5,2,0.0,0.4,0.3,Middle-age,Low Spenders,0.0,0.5,4.0,0.25,1.0,1.0,0.10224948875255624,0.16666666666666666,0.13333333333333333,0.07157464212678936,0.33333333333333337,0.3,0.3933333333333333,0.215,score_free_meal
437069,2,2,6,3,1.0,0.5,0.75,Middle-age,High Spenders,0.0,0.5,3.6,0.625,1.0,1.0,0.1152073732718894,0.16666666666666666,0.12000000000000001,0.08064516129032258,0.33333333333333337,0.75,0.384,0.47350000000000003,score_exclusive_discount
437162,4,3,4,0,0.75,0.0,0.875,Middle-age,At Risk,0.33,1.0,1.0,0.375,1.0,0.6666666666666666,0.1264222503160556,0.3333333333333333,0.03333333333333333,0.08849557522123892,0.4,0.875,0.3233333333333333,0.27249999999999996,score_exclusive_discount
437251,0,0,8,3,0.0,0.375,0.5,Middle-age,Low Spenders,0.0,0.33,1.33,0.375,1.0,1.0,0.11641443538998836,0.11,0.044333333333333336,0.08149010477299184,0.28800000000000003,0.5,0.33103333333333335,0.27579999999999993,score_exclusive_discount
437549,3,1,5,2,0.3333333333333333,0.4,0.4666666666666667,Middle-age,Medium Spenders,0.0,1.0,2.67,0.375,1.0,1.0,0.10141987829614606,0.3333333333333333,0.089,0.07099391480730223,0.4666666666666667,0.4666666666666667,0.36229999999999996,0.28919999999999996,score_free_checkedbag
438189,1,1,8,5,1.0,0.625,0.6875,Middle-age,Champions,0.0,0.75,1.83,0.6666666666666666,0.8333333333333334,1.0,0.10857763300760043,0.25,0.061000000000000006,0.0760043431053203,0.4,0.6875,0.2927,0.4849666666666666,score_exclusive_discount
438406,2,2,6,2,1.0,0.3333333333333333,0.8333333333333334,Middle-age,High Spenders,0.0,0.5,1.5,0.5,0.75,1.0,0.12224938875305624,0.16666666666666666,0.05,0.08557457212713937,0.33333333333333337,0.8333333333333334,0.25999999999999995,0.365,score_exclusive_discount
438551,3,2,5,2,0.6666666666666666,0.4,0.6333333333333333,Middle-age,At Risk,0.25,0.0,2.0,0.5,1.0,0.5,1.0,0.0,0.06666666666666667,0.7,0.1,0.6333333333333333,0.3466666666666667,0.37,score_free_cancellation
438839,4,1,4,2,0.25,0.5,0.375,Middle-age,High Spenders,0.0,0.67,6.67,0.375,1.0,1.0,0.13175230566534915,0.22333333333333336,0.22233333333333333,0.0922266139657444,0.3786666666666667,0.375,0.45563333333333333,0.32919999999999994,score_free_meal
438985,3,3,5,1,1.0,0.2,0.9,Middle-age,Medium Spenders,0.25,0.5,2.0,0.5,1.0,1.0,0.13869625520110956,0.16666666666666666,0.06666666666666667,0.09708737864077668,0.33333333333333337,0.9,0.3466666666666667,0.37,score_exclusive_discount
438995,3,0,5,0,0.0,0.0,0.5,0,0,0.0,0.0,0.0,0.0,0.0,0.0,0.0,0.0,0.0,0.0,0.0,0.5,0.0,0.0,score_exclusive_discount
439052,4,1,5,3,0.25,0.6,0.325,Middle-age,High Spenders,0.0,0.5,4.25,0.4444444444444444,1.0,1.0,0.13812154696132597,0.16666666666666666,0.14166666666666666,0.09668508287292818,0.33333333333333337,0.325,0.39916666666666667,0.35361111111111104,score_free_meal
439120,1,1,7,1,1.0,0.14285714285714285,0.9285714285714286,Middle-age,Low Spenders,0.0,0.5,0.5,0.25,0.5,1.0,0.09900990099009901,0.16666666666666666,0.016666666666666666,0.0693069306930693,0.33333333333333337,0.9285714285714286,0.16166666666666665,0.18,score_exclusive_discount
439363,2,0,6,4,0.0,0.6666666666666666,0.16666666666666669,Middle-age,Medium Spenders,0.0,0.33,4.25,0.5,0.75,0.75,0.10905125408942203,0.11,0.14166666666666666,0.07633587786259541,0.23800000000000004,0.16666666666666669,0.3241666666666666,0.39249999999999996,score_free_night_flight
440212,3,1,5,0,0.3333333333333333,0.0,0.6666666666666666,Middle-age,At Risk,0.0,1.0,2.0,0.125,1.0,1.0,0.14641288433382138,0.3333333333333333,0.06666666666666667,0.10248901903367497,0.4666666666666667,0.6666666666666666,0.3466666666666667,0.1075,score_exclusive_discount
441200,1,0,7,3,0.0,0.42857142857142855,0.2857142857142857,Middle-age,Low Spenders,0.0,1.0,2.33,0.375,0.6666666666666666,0.6666666666666666,0.13440860215053763,0.3333333333333333,0.07766666666666668,0.09408602150537633,0.4,0.2857142857142857,0.25436666666666663,0.28579999999999994,score_free_checkedbag
441205,3,1,5,1,0.3333333333333333,0.2,0.5666666666666667,Middle-age,At Risk,0.0,0.5,0.0,0.25,0.0,1.0,0.1006036217303823,0.16666666666666666,0.0,0.07042253521126761,0.33333333333333337,0.5666666666666667,0.0,0.175,score_exclusive_discount
441448,1,0,7,1,0.0,0.14285714285714285,0.4285714285714286,Middle-age,Low Spenders,0.0,1.0,2.0,0.125,1.0,1.0,0.11587485515643106,0.3333333333333333,0.06666666666666667,0.08111239860950174,0.4666666666666667,0.4285714285714286,0.3466666666666667,0.1075,score_free_checkedbag
441457,4,2,4,1,0.5,0.25,0.625,Middle-age,High Spenders,0.0,0.0,3.67,0.375,1.0,0.6666666666666666,0.1360544217687075,0.0,0.12233333333333334,0.09523809523809525,0.13333333333333333,0.625,0.38563333333333333,0.29919999999999997,score_exclusive_discount
441982,2,2,6,3,1.0,0.5,0.75,Middle-age,High Spenders,0.0,0.27,1.6,0.625,0.6,1.0,0.14104372355430184,0.09000000000000001,0.05333333333333334,0.09873060648801128,0.272,0.75,0.21733333333333332,0.4535,score_exclusive_discount
442484,5,1,3,2,0.2,0.6666666666666666,0.2666666666666667,Middle-age,At Risk,0.0,0.33,0.33,0.375,0.3333333333333333,1.0,0.10976948408342481,0.11,0.011000000000000001,0.07683863885839737,0.28800000000000003,0.2666666666666667,0.10769999999999999,0.2658,score_free_checkedbag
442718,2,2,6,2,1.0,0.3333333333333333,0.8333333333333334,Middle-age,Champions,0.0,0.25,2.5,0.5,0.5,1.0,0.1088139281828074,0.08333333333333333,0.08333333333333333,0.07616974972796517,0.26666666666666666,0.8333333333333334,0.20833333333333331,0.375,score_exclusive_discount
442812,1,0,7,1,0.0,0.14285714285714285,0.4285714285714286,Middle-age,At Risk,0.0,0.0,10.0,0.125,1.0,0.0,1.0,0.0,0.3333333333333333,0.7,0.0,0.4285714285714286,0.5333333333333333,0.1875,score_free_cancellation
442819,3,0,5,1,0.0,0.2,0.4,Elderly,At Risk,0.0,1.0,1.0,0.125,1.0,1.0,0.1278772378516624,0.3333333333333333,0.03333333333333333,0.08951406649616368,0.4666666666666667,0.4,0.3233333333333333,0.09749999999999999,score_free_checkedbag
442833,2,0,6,4,0.0,0.6666666666666666,0.16666666666666669,Middle-age,Champions,0.0,0.12,1.25,0.5,1.0,1.0,0.12919896640826872,0.04,0.041666666666666664,0.0904392764857881,0.232,0.16666666666666669,0.32916666666666666,0.3625,score_free_night_flight
443305,1,0,7,1,0.0,0.14285714285714285,0.4285714285714286,Youth,At Risk,0.0,1.0,3.0,0.125,1.0,1.0,0.10395010395010396,0.3333333333333333,0.1,0.07276507276507277,0.4666666666666667,0.4285714285714286,0.37,0.1175,score_free_checkedbag
443598,4,2,4,0,0.5,0.0,0.75,Middle-age,High Spenders,0.0,0.5,4.5,0.25,1.0,1.0,0.07727975270479134,0.16666666666666666,0.15,0.05409582689335394,0.33333333333333337,0.75,0.40499999999999997,0.21999999999999997,score_exclusive_discount
443652,1,0,7,4,0.0,0.5714285714285714,0.2142857142857143,Middle-age,High Spenders,0.0,0.88,2.75,0.5,1.0,1.0,0.12453300124533,0.29333333333333333,0.09166666666666666,0.087173100871731,0.4346666666666667,0.2142857142857143,0.36416666666666664,0.37749999999999995,score_free_checkedbag
444387,2,0,6,3,0.0,0.5,0.25,Middle-age,Medium Spenders,0.0,0.17,0.67,0.375,0.6666666666666666,1.0,0.007814331483941549,0.05666666666666667,0.022333333333333334,0.005470032038759084,0.24533333333333335,0.25,0.21563333333333332,0.26919999999999994,score_free_night_flight
444885,2,0,6,1,0.0,0.16666666666666666,0.4166666666666667,Middle-age,At Risk,0.0,2.0,3.0,0.125,1.0,1.0,0.14947683109118085,0.6666666666666666,0.1,0.10463378176382658,0.7333333333333334,0.4166666666666667,0.37,0.1175,score_free_checkedbag
445351,1,1,7,3,1.0,0.42857142857142855,0.7857142857142857,Middle-age,Medium Spenders,0.0,0.0,2.75,0.5,0.75,1.0,0.15552099533437014,0.0,0.09166666666666666,0.10886469673405909,0.2,0.7857142857142857,0.2891666666666666,0.37749999999999995,score_exclusive_discount
445515,1,0,7,2,0.0,0.2857142857142857,0.35714285714285715,Middle-age,Medium Spenders,0.0,0.5,2.0,0.25,1.0,1.0,0.09363295880149813,0.16666666666666666,0.06666666666666667,0.0655430711610487,0.33333333333333337,0.35714285714285715,0.3466666666666667,0.19499999999999998,score_exclusive_discount
446124,1,1,7,4,1.0,0.5714285714285714,0.7142857142857143,Middle-age,High Spenders,0.0,0.6,2.8,0.625,1.0,1.0,0.12391573729863692,0.19999999999999998,0.09333333333333332,0.08674101610904583,0.36,0.7142857142857143,0.3653333333333333,0.4655,score_exclusive_discount
446138,4,3,4,1,0.75,0.25,0.75,Middle-age,Champions,0.25,0.0,8.0,0.5,1.0,0.75,0.10952902519167579,0.0,0.26666666666666666,0.07667031763417305,0.15000000000000002,0.75,0.48666666666666664,0.43,score_exclusive_discount
446473,5,2,3,1,0.4,0.3333333333333333,0.5333333333333333,Middle-age,Medium Spenders,0.0,0.67,1.0,0.375,0.6666666666666666,1.0,0.14064697609001406,0.22333333333333336,0.03333333333333333,0.09845288326300984,0.3786666666666667,0.5333333333333333,0.22333333333333333,0.27249999999999996,score_exclusive_discount
446933,3,1,5,3,0.3333333333333333,0.6,0.3666666666666667,Middle-age,Medium Spenders,0.0,0.38,1.5,0.5,1.0,1.0,0.15552099533437014,0.12666666666666668,0.05,0.10886469673405909,0.30133333333333334,0.3666666666666667,0.33499999999999996,0.365,score_exclusive_discount
447053,2,0,6,2,0.0,0.3333333333333333,0.33333333333333337,Middle-age,Low Spenders,0.0,0.5,2.5,0.25,1.0,1.0,0.12804097311139565,0.16666666666666666,0.08333333333333333,0.08962868117797694,0.33333333333333337,0.33333333333333337,0.35833333333333334,0.19999999999999998,score_free_meal
447737,2,1,6,2,0.5,0.3333333333333333,0.5833333333333334,Middle-age,High Spenders,0.0,0.83,1.0,0.375,0.6666666666666666,1.0,0.11668611435239207,0.27666666666666667,0.03333333333333333,0.08168028004667444,0.42133333333333334,0.5833333333333334,0.22333333333333333,0.27249999999999996,score_exclusive_discount
448025,0,0,8,1,0.0,0.125,0.5,Middle-age,At Risk,0.0,0.0,4.0,0.125,1.0,1.0,0.10559662090813093,0.0,0.13333333333333333,0.07391763463569165,0.2,0.5,0.3933333333333333,0.1275,score_exclusive_discount
448154,3,0,5,2,0.0,0.4,0.3,Middle-age,Champions,0.0,0.0,3.5,0.25,0.5,1.0,0.13351134846461948,0.0,0.11666666666666667,0.09345794392523363,0.2,0.3,0.23166666666666666,0.21,score_exclusive_discount
448295,2,0,6,2,0.0,0.3333333333333333,0.33333333333333337,Middle-age,Low Spenders,0.0,0.5,1.5,0.25,1.0,1.0,0.1763668430335097,0.16666666666666666,0.05,0.12345679012345677,0.33333333333333337,0.33333333333333337,0.33499999999999996,0.19,score_free_meal
448467,3,1,6,1,0.3333333333333333,0.16666666666666666,0.5833333333333334,Middle-age,High Spenders,0.0,0.0,9.5,0.2222222222222222,1.0,0.0,1.0,0.0,0.31666666666666665,0.7,0.0,0.5833333333333334,0.5216666666666666,0.25055555555555553,score_free_cancellation
449033,2,0,7,5,0.0,0.7142857142857143,0.14285714285714285,Middle-age,High Spenders,0.0,1.0,2.6,0.5555555555555556,1.0,1.0,0.11135857461024498,0.3333333333333333,0.08666666666666667,0.07795100222717148,0.4666666666666667,0.14285714285714285,0.36066666666666664,0.4148888888888889,score_free_checkedbag
449326,4,0,4,2,0.0,0.5,0.25,Middle-age,Medium Spenders,0.0,0.5,3.5,0.25,1.0,1.0,0.12077294685990336,0.16666666666666666,0.11666666666666667,0.08454106280193235,0.33333333333333337,0.25,0.38166666666666665,0.21,score_free_meal
449619,2,1,6,2,0.5,0.3333333333333333,0.5833333333333334,Middle-age,High Spenders,0.0,1.0,5.33,0.375,1.0,1.0,0.1287001287001287,0.3333333333333333,0.17766666666666667,0.09009009009009009,0.4666666666666667,0.5833333333333334,0.42436666666666667,0.31579999999999997,score_exclusive_discount
449804,1,0,7,3,0.0,0.42857142857142855,0.2857142857142857,Middle-age,Medium Spenders,0.0,1.0,1.67,0.375,1.0,1.0,0.13175230566534915,0.3333333333333333,0.05566666666666666,0.0922266139657444,0.4666666666666667,0.2857142857142857,0.33896666666666664,0.27919999999999995,score_free_checkedbag
450164,1,0,7,4,0.0,0.5714285714285714,0.2142857142857143,Middle-age,High Spenders,0.0,0.38,3.25,0.5,1.0,1.0,0.13812154696132597,0.12666666666666668,0.10833333333333334,0.09668508287292818,0.30133333333333334,0.2142857142857143,0.37583333333333335,0.38249999999999995,score_free_night_flight
450193,2,1,6,1,0.5,0.16666666666666666,0.6666666666666667,Middle-age,Champions,0.0,0.5,8.0,0.25,1.0,1.0,0.1231527093596059,0.16666666666666666,0.26666666666666666,0.08620689655172413,0.33333333333333337,0.6666666666666667,0.48666666666666664,0.255,score_exclusive_discount
450305,2,2,6,1,1.0,0.16666666666666666,0.9166666666666667,Middle-age,Medium Spenders,0.0,0.5,3.67,0.375,1.0,0.6666666666666666,0.16666666666666666,0.16666666666666666,0.12233333333333334,0.11666666666666665,0.26666666666666666,0.9166666666666667,0.38563333333333333,0.29919999999999997,score_exclusive_discount
450615,2,1,6,3,0.5,0.5,0.5,Middle-age,Medium Spenders,0.0,0.62,3.75,0.5,0.75,1.0,0.10030090270812436,0.20666666666666667,0.125,0.07021063189568705,0.36533333333333334,0.5,0.3125,0.38749999999999996,score_exclusive_discount
451291,6,2,3,2,0.3333333333333333,0.6666666666666666,0.33333333333333337,Middle-age,Champions,0.0,0.38,0.25,0.4444444444444444,0.25,1.0,0.014168319637291017,0.12666666666666668,0.008333333333333333,0.009917823746103711,0.30133333333333334,0.33333333333333337,0.08083333333333333,0.31361111111111106,score_exclusive_discount
451674,4,0,5,0,0.0,0.0,0.5,0,0,0.0,0.0,0.0,0.0,0.0,0.0,0.0,0.0,0.0,0.0,0.0,0.5,0.0,0.0,score_exclusive_discount
452034,3,2,5,3,0.6666666666666666,0.6,0.5333333333333333,Middle-age,Medium Spenders,0.4,1.0,5.0,0.625,0.8,0.8,0.09115770282588878,0.3333333333333333,0.16666666666666666,0.06381039197812215,0.4266666666666667,0.5333333333333333,0.35666666666666663,0.4875,score_exclusive_discount
452532,3,2,5,2,0.6666666666666666,0.4,0.6333333333333333,Middle-age,At Risk,0.25,1.0,0.0,0.5,0.5,1.0,0.11013215859030837,0.3333333333333333,0.0,0.07709251101321585,0.4666666666666667,0.6333333333333333,0.15,0.35,score_exclusive_discount
452594,1,1,7,3,1.0,0.42857142857142855,0.7857142857142857,Middle-age,Champions,0.0,0.33,5.25,0.5,1.0,0.75,0.10741138560687433,0.11,0.175,0.07518796992481203,0.23800000000000004,0.7857142857142857,0.4225,0.40249999999999997,score_exclusive_discount
453143,3,1,5,4,0.3333333333333333,0.8,0.2666666666666666,Middle-age,High Spenders,0.0,0.75,3.2,0.625,1.0,0.8,0.1150747986191024,0.25,0.10666666666666667,0.08055235903337167,0.36000000000000004,0.2666666666666666,0.37466666666666665,0.46950000000000003,score_free_night_flight
453168,2,1,7,3,0.5,0.42857142857142855,0.5357142857142857,Middle-age,Medium Spenders,0.0,0.5,2.25,0.4444444444444444,0.75,1.0,0.14577259475218657,0.16666666666666666,0.075,0.10204081632653059,0.33333333333333337,0.5357142857142857,0.27749999999999997,0.3336111111111111,score_exclusive_discount
454264,3,0,5,1,0.0,0.2,0.4,Middle-age,At Risk,0.0,0.0,0.0,0.125,0.0,1.0,0.1724137931034483,0.0,0.0,0.1206896551724138,0.2,0.4,0.0,0.0875,score_exclusive_discount
454430,3,2,5,1,0.6666666666666666,0.2,0.7333333333333333,Middle-age,Champions,0.0,0.0,2.33,0.375,1.0,0.6666666666666666,0.11261261261261263,0.0,0.07766666666666668,0.07882882882882883,0.13333333333333333,0.7333333333333333,0.35436666666666666,0.28579999999999994,score_exclusive_discount
454616,3,0,5,1,0.0,0.2,0.4,Middle-age,Low Spenders,0.0,0.0,2.0,0.125,1.0,1.0,0.10570824524312895,0.0,0.06666666666666667,0.07399577167019027,0.2,0.4,0.3466666666666667,0.1075,score_exclusive_discount
454661,1,1,7,2,1.0,0.2857142857142857,0.8571428571428572,Middle-age,Medium Spenders,0.0,0.33,1.67,0.375,1.0,1.0,0.14450867052023122,0.11,0.05566666666666666,0.10115606936416185,0.28800000000000003,0.8571428571428572,0.33896666666666664,0.27919999999999995,score_exclusive_discount
454920,4,1,4,4,0.25,1.0,0.125,Middle-age,Champions,0.0,0.6,3.8,0.625,1.0,1.0,0.09505703422053233,0.19999999999999998,0.12666666666666665,0.06653992395437262,0.36,0.125,0.3886666666666666,0.4755,score_free_night_flight
454934,1,1,7,3,1.0,0.42857142857142855,0.7857142857142857,Middle-age,Low Spenders,0.25,0.5,2.5,0.5,1.0,1.0,0.10952902519167579,0.16666666666666666,0.08333333333333333,0.07667031763417305,0.33333333333333337,0.7857142857142857,0.35833333333333334,0.375,score_exclusive_discount
456226,1,0,7,5,0.0,0.7142857142857143,0.14285714285714285,Middle-age,Champions,0.0,0.9,3.6,0.625,0.8,1.0,0.019234468166955183,0.3,0.12000000000000001,0.013464127716868628,0.44,0.14285714285714285,0.324,0.47350000000000003,score_free_night_flight
456318,2,0,6,1,0.0,0.16666666666666666,0.4166666666666667,Middle-age,At Risk,0.0,0.0,2.0,0.125,1.0,1.0,0.1150747986191024,0.0,0.06666666666666667,0.08055235903337167,0.2,0.4166666666666667,0.3466666666666667,0.1075,score_exclusive_discount
456663,2,1,6,1,0.5,0.16666666666666666,0.6666666666666667,Middle-age,Low Spenders,0.0,1.5,2.0,0.25,1.0,1.0,0.10298661174047373,0.5,0.06666666666666667,0.0720906282183316,0.6000000000000001,0.6666666666666667,0.3466666666666667,0.19499999999999998,score_exclusive_discount
456671,2,0,6,1,0.0,0.16666666666666666,0.4166666666666667,Middle-age,At Risk,0.0,2.0,1.0,0.125,1.0,1.0,0.1579778830963665,0.6666666666666666,0.03333333333333333,0.11058451816745656,0.7333333333333334,0.4166666666666667,0.3233333333333333,0.09749999999999999,score_free_checkedbag
457468,4,2,4,2,0.5,0.5,0.5,Middle-age,High Spenders,0.0,1.0,4.5,0.5,1.0,0.5,0.12437810945273634,0.3333333333333333,0.15,0.08706467661691543,0.3666666666666667,0.5,0.40499999999999997,0.39499999999999996,score_exclusive_discount
457599,2,2,6,3,1.0,0.5,0.75,Middle-age,High Spenders,0.0,0.5,2.0,0.625,0.8,0.8,0.13297872340425532,0.16666666666666666,0.06666666666666667,0.09308510638297872,0.29333333333333333,0.75,0.2866666666666666,0.4575,score_exclusive_discount
457967,1,0,7,0,0.0,0.0,0.5,0,0,0.0,0.0,0.0,0.0,0.0,0.0,0.0,0.0,0.0,0.0,0.0,0.5,0.0,0.0,score_exclusive_discount
458479,5,4,3,2,0.8,0.6666666666666666,0.5666666666666667,Middle-age,High Spenders,0.33,1.0,7.0,0.75,1.0,0.8333333333333334,0.13458950201884254,0.3333333333333333,0.23333333333333334,0.09421265141318977,0.43333333333333335,0.5666666666666667,0.4633333333333333,0.5949999999999999,score_free_night_flight
458688,4,1,5,1,0.25,0.2,0.525,Middle-age,Medium Spenders,0.0,0.0,5.0,0.2222222222222222,0.5,1.0,0.11481056257175659,0.0,0.16666666666666666,0.08036739380022961,0.2,0.525,0.26666666666666666,0.20555555555555552,score_exclusive_discount
458725,3,0,5,0,0.0,0.0,0.5,0,0,0.0,0.0,0.0,0.0,0.0,0.0,0.0,0.0,0.0,0.0,0.0,0.5,0.0,0.0,score_exclusive_discount
458762,1,0,8,4,0.0,0.5,0.25,Middle-age,Low Spenders,0.0,1.0,1.25,0.4444444444444444,0.25,0.75,0.1358695652173913,0.3333333333333333,0.041666666666666664,0.0951086956521739,0.4166666666666667,0.25,0.10416666666666666,0.32361111111111107,score_free_checkedbag
458814,5,4,3,0,0.8,0.0,0.9,Middle-age,Champions,0.0,0.0,3.25,0.5,0.75,0.75,0.11148272017837237,0.0,0.10833333333333334,0.07803790412486065,0.15000000000000002,0.9,0.3008333333333333,0.38249999999999995,score_exclusive_discount
458855,2,1,7,1,0.5,0.14285714285714285,0.6785714285714286,Middle-age,Low Spenders,0.0,0.25,1.5,0.2222222222222222,1.0,1.0,0.13157894736842105,0.08333333333333333,0.05,0.09210526315789473,0.26666666666666666,0.6785714285714286,0.33499999999999996,0.17055555555555552,score_exclusive_discount
458919,1,0,7,2,0.0,0.2857142857142857,0.35714285714285715,Middle-age,Low Spenders,0.0,1.5,1.0,0.25,1.0,1.0,0.13986013986013984,0.5,0.03333333333333333,0.09790209790209789,0.6000000000000001,0.35714285714285715,0.3233333333333333,0.185,score_free_checkedbag
459229,3,3,5,1,1.0,0.2,0.9,Middle-age,Champions,0.0,0.31,4.75,0.5,0.75,1.0,0.13192612137203166,0.10333333333333333,0.15833333333333333,0.09234828496042216,0.2826666666666667,0.9,0.3358333333333333,0.39749999999999996,score_exclusive_discount
459486,1,0,8,2,0.0,0.25,0.375,Middle-age,Low Spenders,0.0,0.5,1.5,0.2222222222222222,0.5,1.0,0.11792452830188678,0.16666666666666666,0.05,0.08254716981132074,0.33333333333333337,0.375,0.185,0.17055555555555552,score_exclusive_discount
459645,1,0,8,1,0.0,0.125,0.4375,Middle-age,Medium Spenders,0.0,0.5,5.0,0.1111111111111111,1.0,1.0,0.11441647597254004,0.16666666666666666,0.16666666666666666,0.08009153318077802,0.33333333333333337,0.4375,0.41666666666666663,0.12777777777777777,score_exclusive_discount
460072,5,1,3,1,0.2,0.3333333333333333,0.43333333333333335,Middle-age,Low Spenders,0.0,0.0,4.0,0.25,1.0,0.5,0.13157894736842105,0.0,0.13333333333333333,0.09210526315789473,0.1,0.43333333333333335,0.3933333333333333,0.215,score_exclusive_discount
460181,1,1,7,1,1.0,0.14285714285714285,0.9285714285714286,Elderly,Medium Spenders,0.0,0.0,5.0,0.25,1.0,0.5,0.0946073793755913,0.0,0.16666666666666666,0.0662251655629139,0.1,0.9285714285714286,0.41666666666666663,0.22499999999999998,score_exclusive_discount
460553,0,0,8,3,0.0,0.375,0.5,Middle-age,High Spenders,0.0,1.0,8.67,0.375,1.0,0.3333333333333333,0.1053740779768177,0.3333333333333333,0.289,0.0737618545837724,0.3333333333333333,0.5,0.5023,0.34919999999999995,score_free_meal
460625,3,3,6,3,1.0,0.5,0.75,Middle-age,Champions,0.17,0.33,6.75,0.6666666666666666,1.0,0.6666666666666666,0.11641443538998836,0.11,0.225,0.08149010477299184,0.22133333333333333,0.75,0.4575,0.5341666666666667,score_exclusive_discount
461559,4,2,4,2,0.5,0.5,0.5,Middle-age,Medium Spenders,0.0,0.5,2.75,0.5,0.75,1.0,0.13568521031207598,0.16666666666666666,0.09166666666666666,0.09497964721845317,0.33333333333333337,0.5,0.2891666666666666,0.37749999999999995,score_exclusive_discount
461744,3,0,6,2,0.0,0.3333333333333333,0.33333333333333337,Middle-age,Low Spenders,0.0,0.0,4.0,0.2222222222222222,1.0,0.5,0.1023541453428864,0.0,0.13333333333333333,0.07164790174002048,0.1,0.33333333333333337,0.3933333333333333,0.19555555555555554,score_free_meal
461791,2,1,7,2,0.5,0.2857142857142857,0.6071428571428572,Middle-age,High Spenders,0.0,0.33,1.67,0.3333333333333333,0.6666666666666666,1.0,0.09784735812133072,0.11,0.05566666666666666,0.0684931506849315,0.28800000000000003,0.6071428571428572,0.23896666666666666,0.25003333333333333,score_exclusive_discount
462127,3,0,5,2,0.0,0.4,0.3,Middle-age,Low Spenders,0.0,0.5,0.5,0.25,0.5,1.0,0.13175230566534915,0.16666666666666666,0.016666666666666666,0.0922266139657444,0.33333333333333337,0.3,0.16166666666666665,0.18,score_free_checkedbag
462456,2,1,6,4,0.5,0.6666666666666666,0.4166666666666667,Middle-age,Medium Spenders,0.0,0.1,0.8,0.625,0.6,1.0,0.09267840593141799,0.03333333333333333,0.02666666666666667,0.06487488415199259,0.22666666666666668,0.4166666666666667,0.19866666666666666,0.4455,score_free_night_flight
462894,1,0,8,1,0.0,0.125,0.4375,Middle-age,At Risk,0.0,1.0,0.0,0.1111111111111111,0.0,1.0,0.10570824524312895,0.3333333333333333,0.0,0.07399577167019027,0.4666666666666667,0.4375,0.0,0.07777777777777777,score_free_checkedbag
463652,5,1,3,0,0.2,0.0,0.6,Middle-age,At Risk,0.0,1.0,1.0,0.125,1.0,1.0,0.1091703056768559,0.3333333333333333,0.03333333333333333,0.07641921397379912,0.4666666666666667,0.6,0.3233333333333333,0.09749999999999999,score_exclusive_discount
463783,2,1,7,3,0.5,0.42857142857142855,0.5357142857142857,Middle-age,Champions,0.0,0.67,2.25,0.4444444444444444,0.5,0.75,0.11547344110854503,0.22333333333333336,0.075,0.08083140877598152,0.3286666666666667,0.5357142857142857,0.20249999999999999,0.3336111111111111,score_exclusive_discount
463867,3,0,5,2,0.0,0.4,0.3,Middle-age,At Risk,0.0,1.0,1.0,0.25,1.0,1.0,0.1277139208173691,0.3333333333333333,0.03333333333333333,0.08939974457215837,0.4666666666666667,0.3,0.3233333333333333,0.185,score_free_checkedbag
463910,2,0,6,5,0.0,0.8333333333333334,0.08333333333333331,Middle-age,Champions,0.0,0.7,2.2,0.625,1.0,1.0,0.0831255195344971,0.2333333333333333,0.07333333333333333,0.05818786367414796,0.38666666666666666,0.08333333333333331,0.35133333333333333,0.4595,score_free_night_flight
464080,3,0,5,1,0.0,0.2,0.4,Elderly,At Risk,0.0,2.0,5.0,0.125,1.0,1.0,0.15698587127158556,0.6666666666666666,0.16666666666666666,0.10989010989010989,0.7333333333333334,0.4,0.41666666666666663,0.13749999999999998,score_free_checkedbag
464239,3,0,5,3,0.0,0.6,0.2,Middle-age,Low Spenders,0.0,0.33,2.33,0.375,1.0,1.0,0.12562814070351758,0.11,0.07766666666666668,0.0879396984924623,0.28800000000000003,0.2,0.35436666666666666,0.28579999999999994,score_free_meal
464542,4,0,4,1,0.0,0.25,0.375,Youth,At Risk,0.0,0.0,1.0,0.125,1.0,1.0,0.10638297872340426,0.0,0.03333333333333333,0.07446808510638298,0.2,0.375,0.3233333333333333,0.09749999999999999,score_exclusive_discount
464597,1,0,7,1,0.0,0.14285714285714285,0.4285714285714286,Middle-age,Champions,0.0,0.0,9.0,0.125,1.0,0.0,1.0,0.0,0.3,0.7,0.0,0.4285714285714286,0.51,0.1775,score_free_cancellation
464614,2,2,6,3,1.0,0.5,0.75,Middle-age,Medium Spenders,0.2,0.67,2.67,0.625,1.0,0.8,0.1314060446780552,0.22333333333333336,0.089,0.09198423127463863,0.3386666666666667,0.75,0.36229999999999996,0.4642,score_exclusive_discount
464673,1,1,7,3,1.0,0.42857142857142855,0.7857142857142857,Middle-age,Champions,0.0,0.56,2.5,0.5,0.5,0.75,0.1122334455667789,0.18666666666666668,0.08333333333333333,0.07856341189674523,0.29933333333333334,0.7857142857142857,0.20833333333333331,0.375,score_exclusive_discount
464782,1,0,7,2,0.0,0.2857142857142857,0.35714285714285715,Middle-age,At Risk,0.0,0.0,2.0,0.25,1.0,0.5,0.1763668430335097,0.0,0.06666666666666667,0.12345679012345677,0.1,0.35714285714285715,0.3466666666666667,0.19499999999999998,score_exclusive_discount
464855,4,2,4,1,0.5,0.25,0.625,Middle-age,Low Spenders,0.33,1.0,6.0,0.375,1.0,1.0,0.1303780964797914,0.3333333333333333,0.2,0.09126466753585398,0.4666666666666667,0.625,0.43999999999999995,0.32249999999999995,score_exclusive_discount
465138,3,0,5,4,0.0,0.8,0.09999999999999998,Middle-age,High Spenders,0.0,0.75,2.5,0.5,1.0,1.0,0.1314060446780552,0.25,0.08333333333333333,0.09198423127463863,0.4,0.09999999999999998,0.35833333333333334,0.375,score_free_checkedbag
465343,4,1,4,1,0.25,0.25,0.5,Middle-age,Champions,0.0,0.75,3.0,0.25,1.0,1.0,0.1072961373390558,0.25,0.1,0.07510729613733905,0.4,0.5,0.37,0.205,score_exclusive_discount
465531,3,0,5,2,0.0,0.4,0.3,Middle-age,Low Spenders,0.0,0.0,3.5,0.25,1.0,1.0,0.12195121951219513,0.0,0.11666666666666667,0.08536585365853659,0.2,0.3,0.38166666666666665,0.21,score_free_meal
465568,3,1,5,0,0.3333333333333333,0.0,0.6666666666666666,Middle-age,At Risk,0.0,0.0,3.0,0.125,1.0,0.0,1.0,0.0,0.1,0.7,0.0,0.6666666666666666,0.37,0.1175,score_free_cancellation
465731,3,1,5,3,0.3333333333333333,0.6,0.3666666666666667,Middle-age,High Spenders,0.25,0.0,5.0,0.5,1.0,1.0,0.13297872340425532,0.0,0.16666666666666666,0.09308510638297872,0.2,0.3666666666666667,0.41666666666666663,0.39999999999999997,score_free_meal
466205,2,1,6,3,0.5,0.5,0.5,Middle-age,High Spenders,0.0,1.0,5.5,0.5,1.0,0.5,0.09950248756218905,0.3333333333333333,0.18333333333333332,0.06965174129353233,0.3666666666666667,0.5,0.42833333333333334,0.40499999999999997,score_exclusive_discount
466342,1,1,7,1,1.0,0.14285714285714285,0.9285714285714286,Youth,Champions,0.0,0.0,12.0,0.25,1.0,0.0,1.0,0.0,0.4,0.7,0.0,0.9285714285714286,0.58,0.295,score_exclusive_discount
466723,4,3,4,2,0.75,0.5,0.625,Middle-age,Low Spenders,0.2,0.0,2.33,0.625,1.0,1.0,0.12853470437017994,0.0,0.07766666666666668,0.08997429305912595,0.2,0.625,0.35436666666666666,0.4608,score_exclusive_discount
467339,1,0,7,3,0.0,0.42857142857142855,0.2857142857142857,Middle-age,Low Spenders,0.0,1.0,1.67,0.375,0.6666666666666666,1.0,0.1251564455569462,0.3333333333333333,0.05566666666666666,0.08760951188986232,0.4666666666666667,0.2857142857142857,0.23896666666666666,0.27919999999999995,score_free_checkedbag
467809,2,2,6,1,1.0,0.16666666666666666,0.9166666666666667,Middle-age,Medium Spenders,0.0,0.33,1.33,0.375,1.0,1.0,0.10582010582010583,0.11,0.044333333333333336,0.07407407407407407,0.28800000000000003,0.9166666666666667,0.33103333333333335,0.27579999999999993,score_exclusive_discount
467892,2,2,6,4,1.0,0.6666666666666666,0.6666666666666667,Middle-age,Medium Spenders,0.17,0.0,2.5,0.75,1.0,0.8333333333333334,0.10152284263959391,0.0,0.08333333333333333,0.07106598984771573,0.16666666666666669,0.6666666666666667,0.35833333333333334,0.5499999999999999,score_exclusive_discount
468106,2,1,6,3,0.5,0.5,0.5,Middle-age,High Spenders,0.0,0.0,1.25,0.5,0.5,1.0,0.1111111111111111,0.0,0.041666666666666664,0.07777777777777777,0.2,0.5,0.17916666666666667,0.3625,score_exclusive_discount
468409,4,2,4,3,0.5,0.75,0.375,Middle-age,High Spenders,0.2,0.75,3.0,0.625,1.0,1.0,0.13440860215053763,0.25,0.1,0.09408602150537633,0.4,0.375,0.37,0.4675,score_free_night_flight
468666,5,2,5,1,0.4,0.2,0.6,Middle-age,Low Spenders,0.0,0.33,1.0,0.3,1.0,1.0,0.1240694789081886,0.11,0.03333333333333333,0.08684863523573202,0.28800000000000003,0.6,0.3233333333333333,0.22,score_exclusive_discount
468832,1,1,7,5,1.0,0.7142857142857143,0.6428571428571428,Middle-age,High Spenders,0.17,0.67,4.0,0.75,0.8333333333333334,0.8333333333333334,0.13351134846461948,0.22333333333333336,0.13333333333333333,0.09345794392523363,0.3453333333333334,0.6428571428571428,0.3433333333333333,0.565,score_exclusive_discount
469237,3,0,5,1,0.0,0.2,0.4,Youth,Low Spenders,0.0,0.0,3.0,0.125,1.0,0.0,1.0,0.0,0.1,0.7,0.0,0.4,0.37,0.1175,score_free_cancellation
469418,2,0,6,0,0.0,0.0,0.5,0,0,0.0,0.0,0.0,0.0,0.0,0.0,0.0,0.0,0.0,0.0,0.0,0.5,0.0,0.0,score_exclusive_discount
469464,5,2,3,2,0.4,0.6666666666666666,0.3666666666666667,Middle-age,High Spenders,0.0,0.75,3.5,0.5,0.75,0.5,0.1336898395721925,0.25,0.11666666666666667,0.09358288770053474,0.30000000000000004,0.3666666666666667,0.30666666666666664,0.38499999999999995,score_free_night_flight
469699,2,0,7,2,0.0,0.2857142857142857,0.35714285714285715,Middle-age,At Risk,0.0,2.0,2.5,0.2222222222222222,1.0,0.5,0.11614401858304298,0.6666666666666666,0.08333333333333333,0.08130081300813008,0.6333333333333333,0.35714285714285715,0.35833333333333334,0.18055555555555552,score_free_checkedbag
469767,1,0,7,4,0.0,0.5714285714285714,0.2142857142857143,Middle-age,High Spenders,0.0,0.5,2.25,0.5,1.0,1.0,0.12919896640826872,0.16666666666666666,0.075,0.0904392764857881,0.33333333333333337,0.2142857142857143,0.3525,0.3725,score_free_night_flight
469824,3,1,5,2,0.3333333333333333,0.4,0.4666666666666667,Middle-age,Medium Spenders,0.0,1.0,5.0,0.375,1.0,0.6666666666666666,0.09149130832570906,0.3333333333333333,0.16666666666666666,0.06404391582799634,0.4,0.4666666666666667,0.41666666666666663,0.31249999999999994,score_exclusive_discount
471161,2,1,6,1,0.5,0.16666666666666666,0.6666666666666667,Middle-age,Medium Spenders,0.0,1.5,1.5,0.25,1.0,1.0,0.1400560224089636,0.5,0.05,0.09803921568627451,0.6000000000000001,0.6666666666666667,0.33499999999999996,0.19,score_exclusive_discount
471186,1,1,7,1,1.0,0.14285714285714285,0.9285714285714286,Middle-age,Low Spenders,0.0,0.0,1.0,0.25,1.0,1.0,0.13513513513513511,0.0,0.03333333333333333,0.09459459459459457,0.2,0.9285714285714286,0.3233333333333333,0.185,score_exclusive_discount
471500,2,2,6,1,1.0,0.16666666666666666,0.9166666666666667,Youth,High Spenders,0.0,0.0,5.67,0.375,1.0,0.3333333333333333,0.13020833333333334,0.0,0.189,0.09114583333333333,0.06666666666666667,0.9166666666666667,0.4323,0.31919999999999993,score_exclusive_discount
471565,2,0,6,2,0.0,0.3333333333333333,0.33333333333333337,Middle-age,Low Spenders,0.0,1.0,7.0,0.25,1.0,0.5,0.09425070688030161,0.3333333333333333,0.23333333333333334,0.06597549481621112,0.3666666666666667,0.33333333333333337,0.4633333333333333,0.245,score_free_meal
471649,4,1,4,0,0.25,0.0,0.625,Middle-age,At Risk,0.0,0.0,4.0,0.125,1.0,0.0,1.0,0.0,0.13333333333333333,0.7,0.0,0.625,0.3933333333333333,0.1275,score_free_cancellation
471687,1,0,8,4,0.0,0.5,0.25,Middle-age,High Spenders,0.0,0.5,2.0,0.4444444444444444,1.0,1.0,0.09057971014492755,0.16666666666666666,0.06666666666666667,0.06340579710144928,0.33333333333333337,0.25,0.3466666666666667,0.3311111111111111,score_free_meal
471935,1,0,8,3,0.0,0.375,0.3125,Middle-age,High Spenders,0.0,0.0,2.0,0.3333333333333333,1.0,0.6666666666666666,0.12422360248447203,0.0,0.06666666666666667,0.08695652173913042,0.13333333333333333,0.3125,0.3466666666666667,0.2533333333333333,score_free_meal
471946,0,0,8,1,0.0,0.125,0.5,Middle-age,At Risk,0.0,0.0,3.0,0.125,1.0,0.0,1.0,0.0,0.1,0.7,0.0,0.5,0.37,0.1175,score_free_cancellation
471973,3,0,5,0,0.0,0.0,0.5,0,0,0.0,0.0,0.0,0.0,0.0,0.0,0.0,0.0,0.0,0.0,0.0,0.5,0.0,0.0,score_exclusive_discount
472394,2,0,6,2,0.0,0.3333333333333333,0.33333333333333337,Middle-age,High Spenders,0.0,1.0,5.0,0.25,1.0,0.5,0.10976948408342481,0.3333333333333333,0.16666666666666666,0.07683863885839737,0.3666666666666667,0.33333333333333337,0.41666666666666663,0.22499999999999998,score_free_meal
472713,5,1,4,3,0.2,0.75,0.22499999999999998,Middle-age,High Spenders,0.0,0.75,3.0,0.4444444444444444,1.0,1.0,0.020308692120227456,0.25,0.1,0.014216084484159218,0.4,0.22499999999999998,0.37,0.34111111111111103,score_free_checkedbag
472785,1,1,7,2,1.0,0.2857142857142857,0.8571428571428572,Middle-age,Medium Spenders,0.0,0.67,1.67,0.375,0.6666666666666666,1.0,0.1388888888888889,0.22333333333333336,0.05566666666666666,0.09722222222222222,0.3786666666666667,0.8571428571428572,0.23896666666666666,0.27919999999999995,score_exclusive_discount
472966,1,0,8,2,0.0,0.25,0.375,Middle-age,Low Spenders,0.0,0.0,1.5,0.2222222222222222,1.0,1.0,0.1053740779768177,0.0,0.05,0.0737618545837724,0.2,0.375,0.33499999999999996,0.17055555555555552,score_exclusive_discount
473343,1,0,7,3,0.0,0.42857142857142855,0.2857142857142857,Middle-age,Medium Spenders,0.0,0.83,2.0,0.375,1.0,1.0,0.12484394506866417,0.27666666666666667,0.06666666666666667,0.08739076154806491,0.42133333333333334,0.2857142857142857,0.3466666666666667,0.2825,score_free_checkedbag
473402,2,1,6,3,0.5,0.5,0.5,Middle-age,High Spenders,0.25,0.25,3.0,0.5,1.0,1.0,0.11198208286674133,0.08333333333333333,0.1,0.07838745800671892,0.26666666666666666,0.5,0.37,0.38,score_exclusive_discount
473467,3,2,6,2,0.6666666666666666,0.3333333333333333,0.6666666666666666,Middle-age,High Spenders,0.0,0.5,1.75,0.4444444444444444,0.75,0.75,0.013498920086393088,0.16666666666666666,0.058333333333333334,0.00944924406047516,0.2833333333333333,0.6666666666666666,0.2658333333333333,0.3286111111111111,score_exclusive_discount
473568,5,1,3,0,0.2,0.0,0.6,Middle-age,At Risk,0.0,1.0,1.0,0.125,1.0,1.0,0.12562814070351758,0.3333333333333333,0.03333333333333333,0.0879396984924623,0.4666666666666667,0.6,0.3233333333333333,0.09749999999999999,score_exclusive_discount
473712,1,1,7,5,1.0,0.7142857142857143,0.6428571428571428,Middle-age,High Spenders,0.0,0.4,2.33,0.75,0.8333333333333334,0.8333333333333334,0.13071895424836602,0.13333333333333333,0.07766666666666668,0.0915032679738562,0.2733333333333334,0.6428571428571428,0.3043666666666667,0.5482999999999999,score_exclusive_discount
473847,4,1,4,0,0.25,0.0,0.625,Middle-age,Medium Spenders,0.0,0.5,4.0,0.125,1.0,1.0,0.09328358208955223,0.16666666666666666,0.13333333333333333,0.06529850746268656,0.33333333333333337,0.625,0.3933333333333333,0.1275,score_exclusive_discount
474007,0,0,8,1,0.0,0.125,0.5,Youth,At Risk,0.0,0.0,1.0,0.125,1.0,1.0,0.12738853503184713,0.0,0.03333333333333333,0.08917197452229299,0.2,0.5,0.3233333333333333,0.09749999999999999,score_exclusive_discount
474120,3,1,5,4,0.3333333333333333,0.8,0.2666666666666666,Middle-age,Champions,0.2,0.33,4.0,0.625,1.0,1.0,0.09784735812133072,0.11,0.13333333333333333,0.0684931506849315,0.28800000000000003,0.2666666666666666,0.3933333333333333,0.4775,score_free_night_flight
474239,1,1,7,1,1.0,0.14285714285714285,0.9285714285714286,0,0,0.0,0.0,0.0,0.0,0.0,0.0,0.0,0.0,0.0,0.0,0.0,0.9285714285714286,0.0,0.0,score_exclusive_discount
474278,5,0,3,0,0.0,0.0,0.5,0,0,0.0,0.0,0.0,0.0,0.0,0.0,0.0,0.0,0.0,0.0,0.0,0.5,0.0,0.0,score_exclusive_discount
474384,1,1,7,3,1.0,0.42857142857142855,0.7857142857142857,Middle-age,Medium Spenders,0.0,0.88,1.5,0.5,0.75,1.0,0.14306151645207438,0.29333333333333333,0.05,0.10014306151645205,0.4346666666666667,0.7857142857142857,0.25999999999999995,0.365,score_exclusive_discount
474546,4,3,4,2,0.75,0.5,0.625,Middle-age,Champions,0.0,0.2,3.0,0.625,0.8,1.0,0.11961722488038279,0.06666666666666667,0.1,0.08373205741626795,0.25333333333333335,0.625,0.31,0.4675,score_exclusive_discount
474951,4,2,6,3,0.5,0.5,0.5,Middle-age,High Spenders,0.0,0.4,1.8,0.5,1.0,1.0,0.11600928074245938,0.13333333333333333,0.060000000000000005,0.08120649651972156,0.3066666666666667,0.5,0.34199999999999997,0.368,score_exclusive_discount
474980,2,0,6,3,0.0,0.5,0.25,Middle-age,Medium Spenders,0.0,0.0,2.67,0.375,1.0,0.6666666666666666,0.1107419712070875,0.0,0.089,0.07751937984496124,0.13333333333333333,0.25,0.36229999999999996,0.28919999999999996,score_free_meal
475060,2,0,6,2,0.0,0.3333333333333333,0.33333333333333337,Middle-age,Low Spenders,0.0,1.0,3.0,0.25,1.0,1.0,0.13966480446927373,0.3333333333333333,0.1,0.09776536312849161,0.4666666666666667,0.33333333333333337,0.37,0.205,score_free_checkedbag
475130,3,3,5,3,1.0,0.6,0.7,Middle-age,Champions,0.0,0.39,1.0,0.75,0.8333333333333334,1.0,0.11481056257175659,0.13,0.03333333333333333,0.08036739380022961,0.30400000000000005,0.7,0.2733333333333333,0.5349999999999999,score_exclusive_discount
475467,3,1,5,2,0.3333333333333333,0.4,0.4666666666666667,Middle-age,Medium Spenders,0.0,1.0,2.67,0.375,1.0,1.0,0.15360983102918588,0.3333333333333333,0.089,0.10752688172043011,0.4666666666666667,0.4666666666666667,0.36229999999999996,0.28919999999999996,score_free_checkedbag
475531,1,0,8,4,0.0,0.5,0.25,Middle-age,Medium Spenders,0.0,0.75,1.5,0.4444444444444444,0.75,1.0,0.10976948408342481,0.25,0.05,0.07683863885839737,0.4,0.25,0.25999999999999995,0.3261111111111111,score_free_checkedbag
476081,1,0,7,4,0.0,0.5714285714285714,0.2142857142857143,Middle-age,Low Spenders,0.0,0.0,1.75,0.5,0.75,0.75,0.1240694789081886,0.0,0.058333333333333334,0.08684863523573202,0.15000000000000002,0.2142857142857143,0.2658333333333333,0.3675,score_free_night_flight
476104,0,0,8,7,0.0,0.875,0.5,Middle-age,Champions,0.0,1.17,2.29,0.875,1.0,0.8571428571428571,0.10604453870625663,0.38999999999999996,0.07633333333333334,0.07423117709437964,0.48342857142857143,0.5,0.3534333333333333,0.6354,score_free_night_flight
476124,2,1,6,2,0.5,0.3333333333333333,0.5833333333333334,Middle-age,Medium Spenders,0.0,0.67,2.67,0.375,1.0,1.0,0.09363295880149813,0.22333333333333336,0.089,0.0655430711610487,0.3786666666666667,0.5833333333333334,0.36229999999999996,0.28919999999999996,score_exclusive_discount
476173,1,0,7,1,0.0,0.14285714285714285,0.4285714285714286,Youth,High Spenders,0.0,0.0,13.0,0.125,1.0,0.0,1.0,0.0,0.43333333333333335,0.7,0.0,0.4285714285714286,0.6033333333333333,0.2175,score_free_cancellation
476270,1,0,7,3,0.0,0.42857142857142855,0.2857142857142857,Middle-age,Medium Spenders,0.0,0.5,4.33,0.375,1.0,0.6666666666666666,0.14577259475218657,0.16666666666666666,0.14433333333333334,0.10204081632653059,0.26666666666666666,0.2857142857142857,0.40103333333333335,0.30579999999999996,score_free_meal
476393,3,0,5,2,0.0,0.4,0.3,Middle-age,Low Spenders,0.0,0.5,1.5,0.25,1.0,1.0,0.12330456226880396,0.16666666666666666,0.05,0.08631319358816276,0.33333333333333337,0.3,0.33499999999999996,0.19,score_free_meal
476436,0,0,8,4,0.0,0.5,0.5,Middle-age,Medium Spenders,0.0,0.5,2.25,0.5,1.0,1.0,0.10615711252653928,0.16666666666666666,0.075,0.07430997876857749,0.33333333333333337,0.5,0.3525,0.3725,score_exclusive_discount
476535,1,1,7,3,1.0,0.42857142857142855,0.7857142857142857,Middle-age,Medium Spenders,0.0,0.75,1.0,0.5,0.75,1.0,0.12531328320802004,0.25,0.03333333333333333,0.08771929824561403,0.4,0.7857142857142857,0.2483333333333333,0.36,score_exclusive_discount
476665,1,1,7,5,1.0,0.7142857142857143,0.6428571428571428,Middle-age,Champions,0.0,0.54,2.5,0.75,1.0,1.0,0.11655011655011654,0.18000000000000002,0.08333333333333333,0.08158508158508157,0.34400000000000003,0.6428571428571428,0.35833333333333334,0.5499999999999999,score_exclusive_discount
476714,2,1,6,2,0.5,0.3333333333333333,0.5833333333333334,Middle-age,High Spenders,0.0,0.5,3.33,0.375,1.0,1.0,0.09551098376313276,0.16666666666666666,0.111,0.06685768863419293,0.33333333333333337,0.5833333333333334,0.3777,0.29579999999999995,score_exclusive_discount
476916,1,0,7,0,0.0,0.0,0.5,0,0,0.0,0.0,0.0,0.0,0.0,0.0,0.0,0.0,0.0,0.0,0.0,0.5,0.0,0.0,score_exclusive_discount
476956,2,0,6,3,0.0,0.5,0.25,Middle-age,Medium Spenders,0.0,0.0,2.33,0.375,1.0,0.6666666666666666,0.12300123001230014,0.0,0.07766666666666668,0.08610086100861009,0.13333333333333333,0.25,0.35436666666666666,0.28579999999999994,score_free_meal
477285,3,1,5,1,0.3333333333333333,0.2,0.5666666666666667,Middle-age,Low Spenders,0.0,0.5,1.5,0.25,1.0,1.0,0.11389521640091115,0.16666666666666666,0.05,0.0797266514806378,0.33333333333333337,0.5666666666666667,0.33499999999999996,0.19,score_exclusive_discount
477316,1,0,7,4,0.0,0.5714285714285714,0.2142857142857143,Middle-age,Medium Spenders,0.0,0.67,2.5,0.5,1.0,0.75,0.13089005235602094,0.22333333333333336,0.08333333333333333,0.09162303664921466,0.3286666666666667,0.2142857142857143,0.35833333333333334,0.375,score_free_night_flight
477730,1,1,7,4,1.0,0.5714285714285714,0.7142857142857143,Middle-age,Champions,0.0,0.0,3.8,0.625,1.0,1.0,0.11976047904191617,0.0,0.12666666666666665,0.08383233532934131,0.2,0.7142857142857143,0.3886666666666666,0.4755,score_exclusive_discount
477805,3,0,5,1,0.0,0.2,0.4,Middle-age,Medium Spenders,0.0,0.0,10.0,0.125,1.0,0.0,1.0,0.0,0.3333333333333333,0.7,0.0,0.4,0.5333333333333333,0.1875,score_free_cancellation
478003,2,0,8,3,0.0,0.375,0.3125,Middle-age,Medium Spenders,0.0,0.33,1.0,0.3,0.6666666666666666,1.0,0.09345794392523366,0.11,0.03333333333333333,0.06542056074766356,0.28800000000000003,0.3125,0.22333333333333333,0.22,score_exclusive_discount
478146,4,2,4,2,0.5,0.5,0.5,Middle-age,Low Spenders,0.25,2.0,4.0,0.5,0.75,0.75,0.15037593984962405,0.6666666666666666,0.13333333333333333,0.10526315789473684,0.6833333333333333,0.5,0.3183333333333333,0.38999999999999996,score_free_checkedbag
478188,1,0,7,3,0.0,0.42857142857142855,0.2857142857142857,Middle-age,Low Spenders,0.0,1.0,3.0,0.375,1.0,0.6666666666666666,0.11668611435239207,0.3333333333333333,0.1,0.08168028004667444,0.4,0.2857142857142857,0.37,0.2925,score_free_checkedbag
478228,1,1,7,1,1.0,0.14285714285714285,0.9285714285714286,Youth,Medium Spenders,0.0,0.0,6.5,0.25,1.0,0.5,0.13404825737265416,0.0,0.21666666666666667,0.0938337801608579,0.1,0.9285714285714286,0.45166666666666666,0.24,score_exclusive_discount
478291,1,0,7,2,0.0,0.2857142857142857,0.35714285714285715,Middle-age,Low Spenders,0.0,1.0,1.0,0.25,1.0,1.0,0.12437810945273634,0.3333333333333333,0.03333333333333333,0.08706467661691543,0.4666666666666667,0.35714285714285715,0.3233333333333333,0.185,score_free_checkedbag
478533,1,0,7,1,0.0,0.14285714285714285,0.4285714285714286,Middle-age,At Risk,0.0,0.0,4.0,0.125,1.0,1.0,0.1639344262295082,0.0,0.13333333333333333,0.11475409836065574,0.2,0.4285714285714286,0.3933333333333333,0.1275,score_exclusive_discount
478760,5,2,3,1,0.4,0.3333333333333333,0.5333333333333333,Youth,At Risk,0.33,0.0,1.0,0.375,0.6666666666666666,0.6666666666666666,1.0,0.0,0.03333333333333333,0.7,0.13333333333333333,0.5333333333333333,0.22333333333333333,0.27249999999999996,score_free_cancellation
478801,2,0,8,3,0.0,0.375,0.3125,Middle-age,Low Spenders,0.0,0.67,1.67,0.3,1.0,1.0,0.12820512820512822,0.22333333333333336,0.05566666666666666,0.08974358974358974,0.3786666666666667,0.3125,0.33896666666666664,0.22669999999999998,score_free_checkedbag
478834,3,0,5,0,0.0,0.0,0.5,0,0,0.0,0.0,0.0,0.0,0.0,0.0,0.0,0.0,0.0,0.0,0.0,0.5,0.0,0.0,score_exclusive_discount
479071,2,0,7,5,0.0,0.7142857142857143,0.14285714285714285,Middle-age,High Spenders,0.0,0.5,1.8,0.5555555555555556,1.0,0.8,0.11655011655011654,0.16666666666666666,0.060000000000000005,0.08158508158508157,0.29333333333333333,0.14285714285714285,0.34199999999999997,0.4068888888888889,score_free_night_flight
479101,3,1,5,0,0.3333333333333333,0.0,0.6666666666666666,Middle-age,At Risk,0.0,1.0,1.0,0.125,1.0,1.0,0.11641443538998836,0.3333333333333333,0.03333333333333333,0.08149010477299184,0.4666666666666667,0.6666666666666666,0.3233333333333333,0.09749999999999999,score_exclusive_discount
479254,3,1,5,2,0.3333333333333333,0.4,0.4666666666666667,Middle-age,Medium Spenders,0.0,0.33,2.0,0.375,1.0,1.0,0.10570824524312895,0.11,0.06666666666666667,0.07399577167019027,0.28800000000000003,0.4666666666666667,0.3466666666666667,0.2825,score_exclusive_discount
479524,4,2,5,0,0.5,0.0,0.75,0,0,0.0,0.0,0.0,0.0,0.0,0.0,0.0,0.0,0.0,0.0,0.0,0.75,0.0,0.0,score_exclusive_discount
479785,4,0,4,0,0.0,0.0,0.5,0,0,0.0,0.0,0.0,0.0,0.0,0.0,0.0,0.0,0.0,0.0,0.0,0.5,0.0,0.0,score_exclusive_discount
480186,1,0,7,0,0.0,0.0,0.5,0,0,0.0,0.0,0.0,0.0,0.0,0.0,0.0,0.0,0.0,0.0,0.0,0.5,0.0,0.0,score_exclusive_discount
480313,4,1,4,3,0.25,0.75,0.25,Middle-age,At Risk,0.25,0.5,1.0,0.5,1.0,1.0,0.117096018735363,0.16666666666666666,0.03333333333333333,0.08196721311475409,0.33333333333333337,0.25,0.3233333333333333,0.36,score_free_night_flight
480331,3,1,5,2,0.3333333333333333,0.4,0.4666666666666667,Middle-age,Medium Spenders,0.0,0.33,2.0,0.375,1.0,1.0,0.10384215991692626,0.11,0.06666666666666667,0.07268951194184838,0.28800000000000003,0.4666666666666667,0.3466666666666667,0.2825,score_exclusive_discount
480690,3,2,5,2,0.6666666666666666,0.4,0.6333333333333333,Middle-age,High Spenders,0.0,0.5,2.25,0.5,1.0,1.0,0.09090909090909091,0.16666666666666666,0.075,0.06363636363636363,0.33333333333333337,0.6333333333333333,0.3525,0.3725,score_exclusive_discount
480796,0,0,8,3,0.0,0.375,0.5,Middle-age,Medium Spenders,0.0,0.5,3.33,0.375,1.0,0.6666666666666666,0.09823182711198429,0.16666666666666666,0.111,0.068762278978389,0.26666666666666666,0.5,0.3777,0.29579999999999995,score_exclusive_discount
480877,2,2,6,2,1.0,0.3333333333333333,0.8333333333333334,Middle-age,Medium Spenders,0.0,0.88,1.25,0.5,0.75,1.0,0.10604453870625663,0.29333333333333333,0.041666666666666664,0.07423117709437964,0.4346666666666667,0.8333333333333334,0.25416666666666665,0.3625,score_exclusive_discount
480975,4,0,4,0,0.0,0.0,0.5,0,0,0.0,0.0,0.0,0.0,0.0,0.0,0.0,0.0,0.0,0.0,0.0,0.5,0.0,0.0,score_exclusive_discount
481245,4,1,5,1,0.25,0.2,0.525,Middle-age,Low Spenders,0.0,0.0,8.0,0.2222222222222222,1.0,1.0,0.11467889908256883,0.0,0.26666666666666666,0.08027522935779817,0.2,0.525,0.48666666666666664,0.23555555555555552,score_exclusive_discount
481292,2,1,6,3,0.5,0.5,0.5,Middle-age,Medium Spenders,0.0,1.0,1.25,0.5,0.75,1.0,0.09970089730807578,0.3333333333333333,0.041666666666666664,0.06979062811565305,0.4666666666666667,0.5,0.25416666666666665,0.3625,score_exclusive_discount
481554,2,1,7,4,0.5,0.5714285714285714,0.4642857142857143,Middle-age,Champions,0.0,0.5,3.2,0.5555555555555556,1.0,1.0,0.10570824524312895,0.16666666666666666,0.10666666666666667,0.07399577167019027,0.33333333333333337,0.4642857142857143,0.37466666666666665,0.42088888888888887,score_exclusive_discount
481772,3,2,5,1,0.6666666666666666,0.2,0.7333333333333333,Middle-age,Champions,0.0,1.0,11.33,0.375,0.6666666666666666,0.3333333333333333,0.2150537634408602,0.3333333333333333,0.37766666666666665,0.15053763440860213,0.3333333333333333,0.7333333333333333,0.4643666666666666,0.3757999999999999,score_exclusive_discount
481781,1,0,8,0,0.0,0.0,0.5,0,0,0.0,0.0,0.0,0.0,0.0,0.0,0.0,0.0,0.0,0.0,0.0,0.5,0.0,0.0,score_exclusive_discount
482264,3,1,5,3,0.3333333333333333,0.6,0.3666666666666667,Middle-age,High Spenders,0.0,0.67,4.0,0.5,1.0,0.75,0.08984725965858041,0.22333333333333336,0.13333333333333333,0.06289308176100629,0.3286666666666667,0.3666666666666667,0.3933333333333333,0.38999999999999996,score_free_meal
482335,2,0,7,1,0.0,0.14285714285714285,0.4285714285714286,Middle-age,At Risk,0.0,0.0,2.0,0.1111111111111111,1.0,0.0,1.0,0.0,0.06666666666666667,0.7,0.0,0.4285714285714286,0.3466666666666667,0.09777777777777777,score_free_cancellation
482424,5,1,4,3,0.2,0.75,0.22499999999999998,Middle-age,High Spenders,0.0,0.67,2.5,0.4444444444444444,1.0,0.75,0.12106537530266344,0.22333333333333336,0.08333333333333333,0.0847457627118644,0.3286666666666667,0.22499999999999998,0.35833333333333334,0.3361111111111111,score_free_meal
482548,1,1,7,4,1.0,0.5714285714285714,0.7142857142857143,Middle-age,Medium Spenders,0.2,0.67,3.67,0.625,0.8,1.0,0.0970873786407767,0.22333333333333336,0.12233333333333334,0.06796116504854369,0.3786666666666667,0.7142857142857143,0.32563333333333333,0.4742,score_exclusive_discount
482602,1,0,7,4,0.0,0.5714285714285714,0.2142857142857143,Middle-age,High Spenders,0.0,0.5,1.0,0.5,0.5,1.0,0.10373443983402489,0.16666666666666666,0.03333333333333333,0.07261410788381742,0.33333333333333337,0.2142857142857143,0.17333333333333334,0.36,score_free_night_flight
482630,1,0,7,2,0.0,0.2857142857142857,0.35714285714285715,Middle-age,Low Spenders,0.0,0.5,1.0,0.25,1.0,1.0,0.11976047904191617,0.16666666666666666,0.03333333333333333,0.08383233532934131,0.33333333333333337,0.35714285714285715,0.3233333333333333,0.185,score_exclusive_discount
482744,2,1,6,2,0.5,0.3333333333333333,0.5833333333333334,Middle-age,Low Spenders,0.0,1.0,2.67,0.375,1.0,1.0,0.12437810945273634,0.3333333333333333,0.089,0.08706467661691543,0.4666666666666667,0.5833333333333334,0.36229999999999996,0.28919999999999996,score_exclusive_discount
482811,3,1,5,1,0.3333333333333333,0.2,0.5666666666666667,0,0,0.0,0.0,0.0,0.0,0.0,0.0,0.0,0.0,0.0,0.0,0.0,0.5666666666666667,0.0,0.0,score_exclusive_discount
483224,2,1,6,2,0.5,0.3333333333333333,0.5833333333333334,Middle-age,Medium Spenders,0.0,0.33,3.0,0.375,0.3333333333333333,1.0,0.11764705882352941,0.11,0.1,0.08235294117647059,0.28800000000000003,0.5833333333333334,0.16999999999999998,0.2925,score_exclusive_discount
483480,3,1,5,4,0.3333333333333333,0.8,0.2666666666666666,Middle-age,High Spenders,0.0,0.67,2.8,0.625,1.0,0.6,0.14814814814814814,0.22333333333333336,0.09333333333333332,0.10370370370370369,0.2986666666666667,0.2666666666666666,0.3653333333333333,0.4655,score_free_night_flight
483483,2,0,6,2,0.0,0.3333333333333333,0.33333333333333337,Middle-age,At Risk,0.0,0.5,1.5,0.25,1.0,1.0,0.13003901170351104,0.16666666666666666,0.05,0.09102730819245772,0.33333333333333337,0.33333333333333337,0.33499999999999996,0.19,score_free_meal
483525,4,0,4,1,0.0,0.25,0.375,Middle-age,At Risk,0.0,1.0,2.0,0.125,1.0,1.0,0.09328358208955223,0.3333333333333333,0.06666666666666667,0.06529850746268656,0.4666666666666667,0.375,0.3466666666666667,0.1075,score_free_checkedbag
483603,3,1,5,3,0.3333333333333333,0.6,0.3666666666666667,Middle-age,High Spenders,0.0,0.0,1.0,0.5,0.75,1.0,0.1251564455569462,0.0,0.03333333333333333,0.08760951188986232,0.2,0.3666666666666667,0.2483333333333333,0.36,score_exclusive_discount
483928,2,1,6,4,0.5,0.6666666666666666,0.4166666666666667,Middle-age,High Spenders,0.0,0.4,2.6,0.625,1.0,1.0,0.12195121951219513,0.13333333333333333,0.08666666666666667,0.08536585365853659,0.3066666666666667,0.4166666666666667,0.36066666666666664,0.4635,score_free_night_flight
483982,2,0,6,2,0.0,0.3333333333333333,0.33333333333333337,Youth,Low Spenders,0.0,0.5,3.5,0.25,1.0,1.0,0.09242144177449169,0.16666666666666666,0.11666666666666667,0.06469500924214418,0.33333333333333337,0.33333333333333337,0.38166666666666665,0.21,score_free_meal
484249,3,1,5,2,0.3333333333333333,0.4,0.4666666666666667,Middle-age,Champions,0.0,0.0,7.33,0.375,1.0,1.0,0.10131712259371835,0.0,0.24433333333333335,0.07092198581560284,0.2,0.4666666666666667,0.4710333333333333,0.3358,score_free_meal
484418,2,0,6,3,0.0,0.5,0.25,Middle-age,Medium Spenders,0.0,0.67,3.67,0.375,1.0,1.0,0.11376564277588169,0.22333333333333336,0.12233333333333334,0.07963594994311718,0.3786666666666667,0.25,0.38563333333333333,0.29919999999999997,score_free_meal
484987,3,0,5,4,0.0,0.8,0.09999999999999998,Middle-age,High Spenders,0.0,0.5,4.0,0.5,1.0,1.0,0.13245033112582782,0.16666666666666666,0.13333333333333333,0.09271523178807947,0.33333333333333337,0.09999999999999998,0.3933333333333333,0.38999999999999996,score_free_meal
485149,2,0,7,3,0.0,0.42857142857142855,0.2857142857142857,Middle-age,Low Spenders,0.0,0.33,1.33,0.3333333333333333,1.0,1.0,0.13531799729364005,0.11,0.044333333333333336,0.09472259810554803,0.28800000000000003,0.2857142857142857,0.33103333333333335,0.24663333333333332,score_free_meal
485260,3,1,5,1,0.3333333333333333,0.2,0.5666666666666667,Middle-age,Low Spenders,0.0,0.5,3.0,0.25,1.0,1.0,0.11441647597254004,0.16666666666666666,0.1,0.08009153318077802,0.33333333333333337,0.5666666666666667,0.37,0.205,score_exclusive_discount
485393,3,2,5,0,0.6666666666666666,0.0,0.8333333333333333,0,0,0.0,0.0,0.0,0.0,0.0,0.0,0.0,0.0,0.0,0.0,0.0,0.8333333333333333,0.0,0.0,score_exclusive_discount
485505,2,1,6,1,0.5,0.16666666666666666,0.6666666666666667,Middle-age,Low Spenders,0.0,0.5,2.0,0.25,1.0,1.0,0.12019230769230768,0.16666666666666666,0.06666666666666667,0.08413461538461538,0.33333333333333337,0.6666666666666667,0.3466666666666667,0.19499999999999998,score_exclusive_discount
485518,3,0,5,0,0.0,0.0,0.5,0,0,0.0,0.0,0.0,0.0,0.0,0.0,0.0,0.0,0.0,0.0,0.0,0.5,0.0,0.0,score_exclusive_discount
485536,3,0,6,0,0.0,0.0,0.5,0,0,0.0,0.0,0.0,0.0,0.0,0.0,0.0,0.0,0.0,0.0,0.0,0.5,0.0,0.0,score_exclusive_discount
485544,2,2,6,6,1.0,1.0,0.5,Middle-age,Champions,0.0,0.31,3.38,1.0,0.875,1.0,0.11848341232227487,0.10333333333333333,0.11266666666666666,0.0829383886255924,0.2826666666666667,0.5,0.34136666666666665,0.7338,score_free_night_flight
485591,4,2,4,2,0.5,0.5,0.5,Middle-age,Champions,0.0,0.0,2.5,0.5,1.0,0.75,0.09345794392523366,0.0,0.08333333333333333,0.06542056074766356,0.15000000000000002,0.5,0.35833333333333334,0.375,score_exclusive_discount
485658,2,1,6,3,0.5,0.5,0.5,Middle-age,Low Spenders,0.25,1.0,1.0,0.5,1.0,1.0,0.11600928074245938,0.3333333333333333,0.03333333333333333,0.08120649651972156,0.4666666666666667,0.5,0.3233333333333333,0.36,score_exclusive_discount
485780,1,1,7,2,1.0,0.2857142857142857,0.8571428571428572,Middle-age,Champions,0.0,0.5,5.33,0.375,1.0,0.6666666666666666,0.1383125864453665,0.16666666666666666,0.17766666666666667,0.09681881051175655,0.26666666666666666,0.8571428571428572,0.42436666666666667,0.31579999999999997,score_exclusive_discount
485785,4,0,4,3,0.0,0.75,0.125,Middle-age,Medium Spenders,0.0,1.0,1.67,0.375,0.6666666666666666,0.6666666666666666,0.14534883720930233,0.3333333333333333,0.05566666666666666,0.10174418604651163,0.4,0.125,0.23896666666666666,0.27919999999999995,score_free_checkedbag
485891,2,2,6,1,1.0,0.16666666666666666,0.9166666666666667,Middle-age,At Risk,0.33,0.0,2.0,0.375,1.0,0.6666666666666666,0.14513788098693758,0.0,0.06666666666666667,0.1015965166908563,0.13333333333333333,0.9166666666666667,0.3466666666666667,0.2825,score_exclusive_discount
485894,1,1,7,2,1.0,0.2857142857142857,0.8571428571428572,Middle-age,Champions,0.0,0.25,5.0,0.375,1.0,0.6666666666666666,0.13966480446927373,0.08333333333333333,0.16666666666666666,0.09776536312849161,0.2,0.8571428571428572,0.41666666666666663,0.31249999999999994,score_exclusive_discount
486046,5,1,3,0,0.2,0.0,0.6,Elderly,Low Spenders,0.0,0.0,11.0,0.125,1.0,0.0,1.0,0.0,0.36666666666666664,0.7,0.0,0.6,0.5566666666666666,0.19749999999999998,score_free_cancellation
486113,3,1,5,1,0.3333333333333333,0.2,0.5666666666666667,Middle-age,Low Spenders,0.0,0.5,1.5,0.25,1.0,1.0,0.17211703958691912,0.16666666666666666,0.05,0.12048192771084337,0.33333333333333337,0.5666666666666667,0.33499999999999996,0.19,score_exclusive_discount
486191,3,1,5,0,0.3333333333333333,0.0,0.6666666666666666,Elderly,Medium Spenders,0.0,0.0,6.0,0.125,1.0,0.0,1.0,0.0,0.2,0.7,0.0,0.6666666666666666,0.43999999999999995,0.1475,score_free_cancellation
486270,3,1,5,2,0.3333333333333333,0.4,0.4666666666666667,Middle-age,High Spenders,0.0,0.5,3.33,0.375,1.0,0.6666666666666666,0.10989010989010989,0.16666666666666666,0.111,0.07692307692307691,0.26666666666666666,0.4666666666666667,0.3777,0.29579999999999995,score_exclusive_discount
486366,1,0,7,3,0.0,0.42857142857142855,0.2857142857142857,Middle-age,Medium Spenders,0.0,1.0,3.67,0.375,1.0,0.3333333333333333,0.17035775127768313,0.3333333333333333,0.12233333333333334,0.11925042589437818,0.3333333333333333,0.2857142857142857,0.38563333333333333,0.29919999999999997,score_free_meal
486454,1,0,7,3,0.0,0.42857142857142855,0.2857142857142857,Middle-age,Low Spenders,0.0,0.0,2.0,0.375,1.0,1.0,0.09832841691248771,0.0,0.06666666666666667,0.0688298918387414,0.2,0.2857142857142857,0.3466666666666667,0.2825,score_free_meal
486605,4,1,4,0,0.25,0.0,0.625,Middle-age,Low Spenders,0.0,0.0,2.0,0.125,1.0,1.0,0.07763975155279502,0.0,0.06666666666666667,0.05434782608695651,0.2,0.625,0.3466666666666667,0.1075,score_exclusive_discount
486671,1,1,7,4,1.0,0.5714285714285714,0.7142857142857143,Middle-age,Champions,0.0,0.4,2.2,0.625,0.8,1.0,0.13351134846461948,0.13333333333333333,0.07333333333333333,0.09345794392523363,0.3066666666666667,0.7142857142857143,0.29133333333333333,0.4595,score_exclusive_discount
486751,4,4,6,1,1.0,0.16666666666666666,0.9166666666666667,Middle-age,Champions,0.2,0.33,2.0,0.5,0.8,1.0,0.11135857461024498,0.11,0.06666666666666667,0.07795100222717148,0.28800000000000003,0.9166666666666667,0.2866666666666666,0.37,score_exclusive_discount
486823,3,1,5,2,0.3333333333333333,0.4,0.4666666666666667,Youth,Champions,0.0,0.11,1.0,0.375,0.6666666666666666,1.0,0.10626992561105207,0.03666666666666667,0.03333333333333333,0.07438894792773644,0.22933333333333333,0.4666666666666667,0.22333333333333333,0.27249999999999996,score_exclusive_discount
487002,2,0,6,1,0.0,0.16666666666666666,0.4166666666666667,Youth,Low Spenders,0.0,0.0,7.0,0.125,1.0,1.0,0.10351966873706003,0.0,0.23333333333333334,0.07246376811594202,0.2,0.4166666666666667,0.4633333333333333,0.15749999999999997,score_free_meal
487036,2,0,7,1,0.0,0.14285714285714285,0.4285714285714286,Middle-age,At Risk,0.0,1.0,1.0,0.1111111111111111,1.0,1.0,0.12121212121212122,0.3333333333333333,0.03333333333333333,0.08484848484848484,0.4666666666666667,0.4285714285714286,0.3233333333333333,0.08777777777777776,score_free_checkedbag
487101,2,1,6,3,0.5,0.5,0.5,Middle-age,High Spenders,0.0,0.5,1.5,0.5,1.0,1.0,0.1264222503160556,0.16666666666666666,0.05,0.08849557522123892,0.33333333333333337,0.5,0.33499999999999996,0.365,score_exclusive_discount
487276,3,1,5,3,0.3333333333333333,0.6,0.3666666666666667,Elderly,High Spenders,0.0,0.67,3.5,0.5,1.0,0.75,0.10672358591248667,0.22333333333333336,0.11666666666666667,0.07470651013874066,0.3286666666666667,0.3666666666666667,0.38166666666666665,0.38499999999999995,score_free_night_flight
487352,3,1,5,1,0.3333333333333333,0.2,0.5666666666666667,Youth,Low Spenders,0.0,0.0,3.5,0.25,1.0,0.5,0.17699115044247787,0.0,0.11666666666666667,0.1238938053097345,0.1,0.5666666666666667,0.38166666666666665,0.21,score_exclusive_discount
487453,5,4,3,3,0.8,1.0,0.4,Middle-age,Champions,0.14,0.3,4.0,0.875,0.8571428571428571,1.0,0.10330578512396695,0.09999999999999999,0.13333333333333333,0.07231404958677685,0.28,0.4,0.35047619047619044,0.6525,score_free_night_flight
487637,1,1,7,2,1.0,0.2857142857142857,0.8571428571428572,Middle-age,Low Spenders,0.0,0.5,3.0,0.375,1.0,0.6666666666666666,0.15015015015015015,0.16666666666666666,0.1,0.1051051051051051,0.26666666666666666,0.8571428571428572,0.37,0.2925,score_exclusive_discount
487680,2,1,7,3,0.5,0.42857142857142855,0.5357142857142857,Middle-age,High Spenders,0.25,0.5,2.0,0.4444444444444444,1.0,1.0,0.10718113612004287,0.16666666666666666,0.06666666666666667,0.07502679528403,0.33333333333333337,0.5357142857142857,0.3466666666666667,0.3311111111111111,score_exclusive_discount
487858,0,0,8,3,0.0,0.375,0.5,Middle-age,Medium Spenders,0.0,0.5,3.0,0.375,1.0,0.6666666666666666,0.10718113612004287,0.16666666666666666,0.1,0.07502679528403,0.26666666666666666,0.5,0.37,0.2925,score_exclusive_discount
487954,4,1,5,3,0.25,0.6,0.325,Middle-age,Champions,0.0,0.5,4.25,0.4444444444444444,1.0,0.75,0.09910802775024777,0.16666666666666666,0.14166666666666666,0.06937561942517344,0.2833333333333333,0.325,0.39916666666666667,0.35361111111111104,score_free_meal
488099,2,0,6,0,0.0,0.0,0.5,0,0,0.0,0.0,0.0,0.0,0.0,0.0,0.0,0.0,0.0,0.0,0.0,0.5,0.0,0.0,score_exclusive_discount
488246,4,1,4,0,0.25,0.0,0.625,Youth,Low Spenders,0.0,0.0,5.0,0.125,1.0,0.0,1.0,0.0,0.16666666666666666,0.7,0.0,0.625,0.41666666666666663,0.13749999999999998,score_free_cancellation
488314,4,2,4,3,0.5,0.75,0.375,Middle-age,Medium Spenders,0.2,0.33,1.67,0.625,1.0,1.0,0.12903225806451613,0.11,0.05566666666666666,0.09032258064516129,0.28800000000000003,0.375,0.33896666666666664,0.4542,score_free_night_flight
488410,0,0,8,3,0.0,0.375,0.5,Middle-age,Low Spenders,0.0,0.33,3.33,0.375,1.0,1.0,0.11098779134295228,0.11,0.111,0.07769145394006659,0.28800000000000003,0.5,0.3777,0.29579999999999995,score_exclusive_discount
488430,3,1,5,1,0.3333333333333333,0.2,0.5666666666666667,0,0,0.0,0.0,0.0,0.0,0.0,0.0,0.0,0.0,0.0,0.0,0.0,0.5666666666666667,0.0,0.0,score_exclusive_discount
488462,3,2,5,3,0.6666666666666666,0.6,0.5333333333333333,Middle-age,Medium Spenders,0.0,0.25,2.6,0.625,1.0,0.8,0.10504201680672269,0.08333333333333333,0.08666666666666667,0.07352941176470588,0.22666666666666668,0.5333333333333333,0.36066666666666664,0.4635,score_exclusive_discount
488529,3,2,5,1,0.6666666666666666,0.2,0.7333333333333333,Middle-age,Champions,0.0,0.17,1.67,0.375,1.0,1.0,0.10810810810810811,0.05666666666666667,0.05566666666666666,0.07567567567567568,0.24533333333333335,0.7333333333333333,0.33896666666666664,0.27919999999999995,score_exclusive_discount
488539,2,0,6,0,0.0,0.0,0.5,0,0,0.0,0.0,0.0,0.0,0.0,0.0,0.0,0.0,0.0,0.0,0.0,0.5,0.0,0.0,score_exclusive_discount
488672,2,2,6,2,1.0,0.3333333333333333,0.8333333333333334,Middle-age,High Spenders,0.0,0.5,4.0,0.5,1.0,0.75,0.1122334455667789,0.16666666666666666,0.13333333333333333,0.07856341189674523,0.2833333333333333,0.8333333333333334,0.3933333333333333,0.38999999999999996,score_exclusive_discount
488827,3,3,5,3,1.0,0.6,0.7,Middle-age,Medium Spenders,0.0,0.25,1.83,0.75,0.6666666666666666,1.0,0.11574074074074073,0.08333333333333333,0.061000000000000006,0.0810185185185185,0.26666666666666666,0.7,0.24269999999999997,0.5432999999999999,score_exclusive_discount
488865,1,0,7,3,0.0,0.42857142857142855,0.2857142857142857,Middle-age,Low Spenders,0.0,1.0,3.33,0.375,1.0,1.0,0.07199424046076314,0.3333333333333333,0.111,0.05039596832253419,0.4666666666666667,0.2857142857142857,0.3777,0.29579999999999995,score_free_checkedbag
488870,3,1,6,3,0.3333333333333333,0.5,0.41666666666666663,Middle-age,High Spenders,0.25,1.0,6.5,0.4444444444444444,1.0,0.75,0.12690355329949238,0.3333333333333333,0.21666666666666667,0.08883248730964466,0.4166666666666667,0.41666666666666663,0.45166666666666666,0.37611111111111106,score_free_meal
488918,3,2,5,4,0.6666666666666666,0.8,0.4333333333333333,Middle-age,Champions,0.0,0.42,2.33,0.75,0.8333333333333334,1.0,0.13404825737265416,0.13999999999999999,0.07766666666666668,0.0938337801608579,0.312,0.4333333333333333,0.3043666666666667,0.5482999999999999,score_free_night_flight
488974,3,1,5,2,0.3333333333333333,0.4,0.4666666666666667,Middle-age,At Risk,0.0,0.67,1.33,0.375,0.6666666666666666,1.0,0.12804097311139565,0.22333333333333336,0.044333333333333336,0.08962868117797694,0.3786666666666667,0.4666666666666667,0.2310333333333333,0.27579999999999993,score_exclusive_discount
489096,1,0,7,3,0.0,0.42857142857142855,0.2857142857142857,Middle-age,High Spenders,0.0,0.0,1.0,0.375,1.0,1.0,0.12376237623762376,0.0,0.03333333333333333,0.08663366336633663,0.2,0.2857142857142857,0.3233333333333333,0.27249999999999996,score_free_meal
489131,2,0,6,0,0.0,0.0,0.5,0,0,0.0,0.0,0.0,0.0,0.0,0.0,0.0,0.0,0.0,0.0,0.0,0.5,0.0,0.0,score_exclusive_discount
489575,2,0,7,4,0.0,0.5714285714285714,0.2142857142857143,Middle-age,Medium Spenders,0.0,0.75,1.5,0.4444444444444444,1.0,1.0,0.10976948408342481,0.25,0.05,0.07683863885839737,0.4,0.2142857142857143,0.33499999999999996,0.3261111111111111,score_free_checkedbag
489635,1,1,7,3,1.0,0.42857142857142855,0.7857142857142857,Middle-age,High Spenders,0.0,0.5,2.0,0.5,1.0,1.0,0.1,0.16666666666666666,0.06666666666666667,0.06999999999999999,0.33333333333333337,0.7857142857142857,0.3466666666666667,0.37,score_exclusive_discount
489730,2,0,6,4,0.0,0.6666666666666666,0.16666666666666669,Middle-age,Medium Spenders,0.0,0.5,1.25,0.5,0.5,1.0,0.13531799729364005,0.16666666666666666,0.041666666666666664,0.09472259810554803,0.33333333333333337,0.16666666666666669,0.17916666666666667,0.3625,score_free_night_flight
489785,3,2,6,1,0.6666666666666666,0.16666666666666666,0.75,Middle-age,Medium Spenders,0.0,0.33,5.0,0.3333333333333333,1.0,1.0,0.08912655971479501,0.11,0.16666666666666666,0.062388591800356503,0.28800000000000003,0.75,0.41666666666666663,0.2833333333333333,score_exclusive_discount
489802,0,0,8,1,0.0,0.125,0.5,Middle-age,Low Spenders,0.0,0.0,4.0,0.125,1.0,1.0,0.09389671361502347,0.0,0.13333333333333333,0.06572769953051642,0.2,0.5,0.3933333333333333,0.1275,score_exclusive_discount
489844,2,2,6,1,1.0,0.16666666666666666,0.9166666666666667,Middle-age,Medium Spenders,0.0,1.0,5.0,0.375,1.0,0.6666666666666666,0.12269938650306748,0.3333333333333333,0.16666666666666666,0.08588957055214723,0.4,0.9166666666666667,0.41666666666666663,0.31249999999999994,score_exclusive_discount
489852,2,0,6,2,0.0,0.3333333333333333,0.33333333333333337,Middle-age,High Spenders,0.0,0.5,6.0,0.25,1.0,0.5,0.10384215991692626,0.16666666666666666,0.2,0.07268951194184838,0.23333333333333334,0.33333333333333337,0.43999999999999995,0.235,score_free_meal
489949,3,2,5,2,0.6666666666666666,0.4,0.6333333333333333,Middle-age,Champions,0.25,0.0,4.5,0.5,0.75,1.0,0.10471204188481674,0.0,0.15,0.07329842931937171,0.2,0.6333333333333333,0.32999999999999996,0.39499999999999996,score_exclusive_discount
489953,2,2,6,4,1.0,0.6666666666666666,0.6666666666666667,Middle-age,Champions,0.0,0.64,2.17,0.75,0.8333333333333334,1.0,0.1267427122940431,0.21333333333333335,0.07233333333333333,0.08871989860583017,0.3706666666666667,0.6666666666666667,0.3006333333333333,0.5467,score_exclusive_discount
489992,2,1,6,2,0.5,0.3333333333333333,0.5833333333333334,Middle-age,Champions,0.0,0.5,3.67,0.375,1.0,0.6666666666666666,0.08481764206955048,0.16666666666666666,0.12233333333333334,0.05937234944868533,0.26666666666666666,0.5833333333333334,0.38563333333333333,0.29919999999999997,score_exclusive_discount
490040,4,1,4,2,0.25,0.5,0.375,Middle-age,Champions,0.0,0.0,2.67,0.375,1.0,1.0,0.13089005235602094,0.0,0.089,0.09162303664921466,0.2,0.375,0.36229999999999996,0.28919999999999996,score_exclusive_discount
490107,4,2,4,3,0.5,0.75,0.375,Middle-age,High Spenders,0.0,0.8,2.2,0.625,1.0,1.0,0.1589825119236884,0.26666666666666666,0.07333333333333333,0.11128775834658187,0.41333333333333333,0.375,0.35133333333333333,0.4595,score_free_night_flight
490133,1,1,7,4,1.0,0.5714285714285714,0.7142857142857143,Middle-age,Champions,0.0,1.0,4.6,0.625,1.0,0.6,0.1023541453428864,0.3333333333333333,0.15333333333333332,0.07164790174002048,0.38666666666666666,0.7142857142857143,0.4073333333333333,0.4835,score_exclusive_discount
490201,3,1,5,1,0.3333333333333333,0.2,0.5666666666666667,Middle-age,Low Spenders,0.0,1.0,3.0,0.25,1.0,1.0,0.09208103130755065,0.3333333333333333,0.1,0.06445672191528545,0.4666666666666667,0.5666666666666667,0.37,0.205,score_exclusive_discount
490348,0,0,8,1,0.0,0.125,0.5,Middle-age,Low Spenders,0.0,1.0,2.0,0.125,1.0,1.0,0.0847457627118644,0.3333333333333333,0.06666666666666667,0.05932203389830508,0.4666666666666667,0.5,0.3466666666666667,0.1075,score_exclusive_discount
490517,2,1,6,2,0.5,0.3333333333333333,0.5833333333333334,Middle-age,Low Spenders,0.0,0.5,0.33,0.375,0.3333333333333333,1.0,0.09000900090009001,0.16666666666666666,0.011000000000000001,0.063006300630063,0.33333333333333337,0.5833333333333334,0.10769999999999999,0.2658,score_exclusive_discount
490576,4,1,4,1,0.25,0.25,0.5,Middle-age,Low Spenders,0.0,0.5,2.0,0.25,1.0,1.0,0.16666666666666666,0.16666666666666666,0.06666666666666667,0.11666666666666665,0.33333333333333337,0.5,0.3466666666666667,0.19499999999999998,score_exclusive_discount
490608,5,0,4,2,0.0,0.5,0.25,Middle-age,Medium Spenders,0.0,1.25,0.5,0.2222222222222222,0.5,1.0,0.12531328320802004,0.4166666666666667,0.016666666666666666,0.08771929824561403,0.5333333333333334,0.25,0.16166666666666665,0.16055555555555553,score_free_checkedbag
490629,1,1,7,3,1.0,0.42857142857142855,0.7857142857142857,Middle-age,Medium Spenders,0.0,0.5,2.5,0.5,1.0,1.0,0.1092896174863388,0.16666666666666666,0.08333333333333333,0.07650273224043715,0.33333333333333337,0.7857142857142857,0.35833333333333334,0.375,score_exclusive_discount
490671,2,1,7,3,0.5,0.42857142857142855,0.5357142857142857,Middle-age,High Spenders,0.0,1.0,3.25,0.4444444444444444,0.75,1.0,0.1510574018126888,0.3333333333333333,0.10833333333333334,0.10574018126888217,0.4666666666666667,0.5357142857142857,0.3008333333333333,0.3436111111111111,score_exclusive_discount
491003,4,1,4,0,0.25,0.0,0.625,Middle-age,At Risk,0.0,0.0,1.0,0.125,1.0,1.0,0.1152073732718894,0.0,0.03333333333333333,0.08064516129032258,0.2,0.625,0.3233333333333333,0.09749999999999999,score_exclusive_discount
491124,2,1,6,3,0.5,0.5,0.5,Middle-age,Champions,0.0,0.0,4.25,0.5,1.0,0.75,0.10141987829614606,0.0,0.14166666666666666,0.07099391480730223,0.15000000000000002,0.5,0.39916666666666667,0.39249999999999996,score_exclusive_discount
491141,1,1,7,4,1.0,0.5714285714285714,0.7142857142857143,Middle-age,Champions,0.0,0.47,2.0,0.625,0.8,1.0,0.12658227848101264,0.15666666666666665,0.06666666666666667,0.08860759493670885,0.32533333333333336,0.7142857142857143,0.2866666666666666,0.4575,score_exclusive_discount
491175,0,0,10,4,0.0,0.4,0.5,Middle-age,Medium Spenders,0.0,0.5,2.5,0.4,1.0,1.0,0.09960159362549802,0.16666666666666666,0.08333333333333333,0.06972111553784861,0.33333333333333337,0.5,0.35833333333333334,0.305,score_exclusive_discount
491182,2,1,7,4,0.5,0.5714285714285714,0.4642857142857143,Middle-age,Medium Spenders,0.0,0.6,2.4,0.5555555555555556,1.0,1.0,0.11428571428571428,0.19999999999999998,0.08,0.07999999999999999,0.36,0.4642857142857143,0.356,0.4128888888888889,score_exclusive_discount
491241,3,1,5,2,0.3333333333333333,0.4,0.4666666666666667,Middle-age,Medium Spenders,0.0,0.0,1.33,0.375,0.6666666666666666,1.0,0.1589825119236884,0.0,0.044333333333333336,0.11128775834658187,0.2,0.4666666666666667,0.2310333333333333,0.27579999999999993,score_exclusive_discount
491266,2,0,6,3,0.0,0.5,0.25,Middle-age,High Spenders,0.0,0.67,1.33,0.375,0.3333333333333333,1.0,0.10615711252653928,0.22333333333333336,0.044333333333333336,0.07430997876857749,0.3786666666666667,0.25,0.13103333333333333,0.27579999999999993,score_free_checkedbag
491617,4,1,5,3,0.25,0.6,0.325,Middle-age,Champions,0.0,0.83,6.75,0.4444444444444444,1.0,0.75,0.12853470437017994,0.27666666666666667,0.225,0.08997429305912595,0.3713333333333334,0.325,0.4575,0.37861111111111106,score_free_meal
491706,4,0,4,2,0.0,0.5,0.25,Middle-age,Medium Spenders,0.0,0.0,2.0,0.25,0.5,1.0,0.10660980810234541,0.0,0.06666666666666667,0.07462686567164178,0.2,0.25,0.19666666666666666,0.19499999999999998,score_exclusive_discount
491772,3,2,5,2,0.6666666666666666,0.4,0.6333333333333333,Middle-age,High Spenders,0.0,0.17,3.25,0.5,1.0,0.75,0.14749262536873156,0.05666666666666667,0.10833333333333334,0.10324483775811209,0.19533333333333336,0.6333333333333333,0.37583333333333335,0.38249999999999995,score_exclusive_discount
491930,0,0,8,3,0.0,0.375,0.5,Middle-age,Medium Spenders,0.0,0.67,2.0,0.375,1.0,1.0,0.09523809523809523,0.22333333333333336,0.06666666666666667,0.06666666666666665,0.3786666666666667,0.5,0.3466666666666667,0.2825,score_exclusive_discount
491995,2,1,6,1,0.5,0.16666666666666666,0.6666666666666667,0,0,0.0,0.0,0.0,0.0,0.0,0.0,0.0,0.0,0.0,0.0,0.0,0.6666666666666667,0.0,0.0,score_exclusive_discount
492209,1,1,7,3,1.0,0.42857142857142855,0.7857142857142857,Middle-age,High Spenders,0.0,0.25,1.25,0.5,0.75,1.0,0.1314060446780552,0.08333333333333333,0.041666666666666664,0.09198423127463863,0.26666666666666666,0.7857142857142857,0.25416666666666665,0.3625,score_exclusive_discount
492211,5,0,3,1,0.0,0.3333333333333333,0.33333333333333337,Youth,Low Spenders,0.0,0.0,5.0,0.125,1.0,1.0,0.11235955056179775,0.0,0.16666666666666666,0.07865168539325842,0.2,0.33333333333333337,0.41666666666666663,0.13749999999999998,score_free_meal
492287,3,0,6,2,0.0,0.3333333333333333,0.33333333333333337,Middle-age,Champions,0.0,0.38,3.0,0.2222222222222222,1.0,1.0,0.12106537530266344,0.12666666666666668,0.1,0.0847457627118644,0.30133333333333334,0.33333333333333337,0.37,0.18555555555555553,score_free_meal
492371,3,0,5,2,0.0,0.4,0.3,Middle-age,Low Spenders,0.0,0.5,3.0,0.25,1.0,1.0,0.15384615384615385,0.16666666666666666,0.1,0.1076923076923077,0.33333333333333337,0.3,0.37,0.205,score_free_meal
492497,1,1,7,1,1.0,0.14285714285714285,0.9285714285714286,0,0,0.0,0.0,0.0,0.0,0.0,0.0,0.0,0.0,0.0,0.0,0.0,0.9285714285714286,0.0,0.0,score_exclusive_discount
492614,5,0,3,0,0.0,0.0,0.5,0,0,0.0,0.0,0.0,0.0,0.0,0.0,0.0,0.0,0.0,0.0,0.0,0.5,0.0,0.0,score_exclusive_discount
492999,0,0,8,1,0.0,0.125,0.5,Middle-age,Low Spenders,0.0,0.0,1.0,0.125,1.0,1.0,0.05685048322910745,0.0,0.03333333333333333,0.039795338260375214,0.2,0.5,0.3233333333333333,0.09749999999999999,score_exclusive_discount
493177,2,2,6,2,1.0,0.3333333333333333,0.8333333333333334,Middle-age,Champions,0.0,0.5,6.0,0.5,1.0,1.0,0.111731843575419,0.16666666666666666,0.2,0.0782122905027933,0.33333333333333337,0.8333333333333334,0.43999999999999995,0.41,score_exclusive_discount
493409,0,0,8,5,0.0,0.625,0.5,Middle-age,Champions,0.0,0.75,4.8,0.625,0.8,0.8,0.11025358324145534,0.25,0.16,0.07717750826901873,0.36000000000000004,0.5,0.352,0.4855,score_exclusive_discount
493476,5,1,3,0,0.2,0.0,0.6,Middle-age,At Risk,0.0,0.0,1.0,0.125,1.0,1.0,0.12903225806451613,0.0,0.03333333333333333,0.09032258064516129,0.2,0.6,0.3233333333333333,0.09749999999999999,score_exclusive_discount
493718,3,2,6,2,0.6666666666666666,0.3333333333333333,0.6666666666666666,Middle-age,Champions,0.0,0.0,4.75,0.4444444444444444,1.0,0.75,0.12987012987012986,0.0,0.15833333333333333,0.0909090909090909,0.15000000000000002,0.6666666666666666,0.41083333333333333,0.35861111111111105,score_exclusive_discount
494294,4,1,4,3,0.25,0.75,0.25,Middle-age,High Spenders,0.0,0.75,2.75,0.5,1.0,1.0,0.12091898428053205,0.25,0.09166666666666666,0.08464328899637243,0.4,0.25,0.36416666666666664,0.37749999999999995,score_free_checkedbag
494382,1,1,7,4,1.0,0.5714285714285714,0.7142857142857143,Middle-age,High Spenders,0.0,0.08,3.8,0.625,0.8,0.8,0.09345794392523366,0.02666666666666667,0.12666666666666665,0.06542056074766356,0.18133333333333337,0.7142857142857143,0.32866666666666666,0.4755,score_exclusive_discount
494441,2,0,6,0,0.0,0.0,0.5,0,0,0.0,0.0,0.0,0.0,0.0,0.0,0.0,0.0,0.0,0.0,0.0,0.5,0.0,0.0,score_exclusive_discount
494484,3,1,5,2,0.3333333333333333,0.4,0.4666666666666667,Youth,Champions,0.0,0.5,7.33,0.375,1.0,0.3333333333333333,0.13513513513513511,0.16666666666666666,0.24433333333333335,0.09459459459459457,0.2,0.4666666666666667,0.4710333333333333,0.3358,score_free_meal
494590,5,3,3,1,0.6,0.3333333333333333,0.6333333333333333,Middle-age,Champions,0.0,1.0,3.75,0.5,1.0,0.75,0.11682242990654207,0.3333333333333333,0.125,0.08177570093457945,0.4166666666666667,0.6333333333333333,0.38749999999999996,0.38749999999999996,score_exclusive_discount
494630,2,0,7,1,0.0,0.14285714285714285,0.4285714285714286,Youth,At Risk,0.0,0.0,6.0,0.1111111111111111,1.0,0.0,1.0,0.0,0.2,0.7,0.0,0.4285714285714286,0.43999999999999995,0.13777777777777778,score_free_cancellation
494680,1,1,7,3,1.0,0.42857142857142855,0.7857142857142857,Middle-age,Medium Spenders,0.0,0.33,2.25,0.5,1.0,0.75,0.1440922190201729,0.11,0.075,0.10086455331412103,0.23800000000000004,0.7857142857142857,0.3525,0.3725,score_exclusive_discount
494704,1,0,7,6,0.0,0.8571428571428571,0.07142857142857145,Middle-age,High Spenders,0.0,0.4,2.17,0.75,1.0,0.8333333333333334,0.12091898428053205,0.13333333333333333,0.07233333333333333,0.08464328899637243,0.2733333333333334,0.07142857142857145,0.3506333333333333,0.5467,score_free_night_flight
494985,0,0,8,6,0.0,0.75,0.5,Middle-age,Champions,0.0,0.33,3.33,0.75,0.8333333333333334,1.0,0.11534025374855825,0.11,0.111,0.08073817762399077,0.28800000000000003,0.5,0.3277,0.5582999999999999,score_free_night_flight
495029,4,3,5,2,0.75,0.4,0.675,Middle-age,Low Spenders,0.2,0.5,3.67,0.5555555555555556,1.0,0.8,0.11286681715575622,0.16666666666666666,0.12233333333333334,0.07900677200902935,0.29333333333333333,0.675,0.38563333333333333,0.4255888888888889,score_exclusive_discount
495042,3,2,5,3,0.6666666666666666,0.6,0.5333333333333333,Middle-age,Champions,0.0,0.25,2.6,0.625,1.0,0.8,0.1251564455569462,0.08333333333333333,0.08666666666666667,0.08760951188986232,0.22666666666666668,0.5333333333333333,0.36066666666666664,0.4635,score_exclusive_discount
495080,3,1,5,0,0.3333333333333333,0.0,0.6666666666666666,Middle-age,At Risk,0.0,0.0,1.0,0.125,1.0,1.0,0.11574074074074073,0.0,0.03333333333333333,0.0810185185185185,0.2,0.6666666666666666,0.3233333333333333,0.09749999999999999,score_exclusive_discount
495272,5,1,4,2,0.2,0.5,0.35,Middle-age,Medium Spenders,0.0,0.5,4.33,0.3333333333333333,1.0,0.6666666666666666,0.15625,0.16666666666666666,0.14433333333333334,0.109375,0.26666666666666666,0.35,0.40103333333333335,0.2766333333333333,score_free_meal
495273,3,2,5,4,0.6666666666666666,0.8,0.4333333333333333,Middle-age,Champions,0.0,1.12,7.17,0.75,1.0,0.6666666666666666,0.1321003963011889,0.37333333333333335,0.239,0.09247027741083222,0.43200000000000005,0.4333333333333333,0.46729999999999994,0.5966999999999999,score_free_night_flight
495386,4,3,4,0,0.75,0.0,0.875,Middle-age,Medium Spenders,0.0,0.67,1.67,0.375,0.6666666666666666,1.0,0.12135922330097088,0.22333333333333336,0.05566666666666666,0.0849514563106796,0.3786666666666667,0.875,0.23896666666666666,0.27919999999999995,score_exclusive_discount
495482,2,1,7,4,0.5,0.5714285714285714,0.4642857142857143,Middle-age,Champions,0.0,0.25,5.0,0.5555555555555556,0.8,0.8,0.1240694789081886,0.08333333333333333,0.16666666666666666,0.08684863523573202,0.22666666666666668,0.4642857142857143,0.35666666666666663,0.4388888888888889,score_exclusive_discount
495592,3,0,6,0,0.0,0.0,0.5,0,0,0.0,0.0,0.0,0.0,0.0,0.0,0.0,0.0,0.0,0.0,0.0,0.5,0.0,0.0,score_exclusive_discount
495603,2,1,6,4,0.5,0.6666666666666666,0.4166666666666667,Middle-age,Champions,0.0,0.25,6.6,0.625,0.8,0.8,0.01589067217543302,0.08333333333333333,0.22,0.011123470522803113,0.22666666666666668,0.4166666666666667,0.394,0.5035000000000001,score_free_night_flight
495727,1,0,7,6,0.0,0.8571428571428571,0.07142857142857145,Middle-age,Champions,0.0,0.83,2.83,0.75,1.0,1.0,0.11848341232227487,0.27666666666666667,0.09433333333333334,0.0829383886255924,0.42133333333333334,0.07142857142857145,0.3660333333333333,0.5532999999999999,score_free_night_flight
496016,5,2,3,2,0.4,0.6666666666666666,0.3666666666666667,Middle-age,Medium Spenders,0.0,0.75,2.0,0.5,1.0,1.0,0.11210762331838565,0.25,0.06666666666666667,0.07847533632286996,0.4,0.3666666666666667,0.3466666666666667,0.37,score_free_checkedbag
496074,3,0,5,0,0.0,0.0,0.5,0,0,0.0,0.0,0.0,0.0,0.0,0.0,0.0,0.0,0.0,0.0,0.0,0.5,0.0,0.0,score_exclusive_discount
496273,6,3,3,1,0.5,0.3333333333333333,0.5833333333333334,Middle-age,Medium Spenders,0.0,0.67,3.75,0.4444444444444444,0.75,0.75,0.13513513513513511,0.22333333333333336,0.125,0.09459459459459457,0.3286666666666667,0.5833333333333334,0.3125,0.34861111111111104,score_exclusive_discount
496286,0,0,8,3,0.0,0.375,0.5,Middle-age,Champions,0.0,0.78,1.33,0.375,0.6666666666666666,1.0,0.13986013986013984,0.26,0.044333333333333336,0.09790209790209789,0.40800000000000003,0.5,0.2310333333333333,0.27579999999999993,score_exclusive_discount
496332,2,1,6,3,0.5,0.5,0.5,Middle-age,Champions,0.0,0.5,4.25,0.5,1.0,1.0,0.11037527593818984,0.16666666666666666,0.14166666666666666,0.07726269315673288,0.33333333333333337,0.5,0.39916666666666667,0.39249999999999996,score_exclusive_discount
496382,4,2,4,2,0.5,0.5,0.5,Middle-age,Medium Spenders,0.0,1.0,1.5,0.5,0.5,1.0,0.1006036217303823,0.3333333333333333,0.05,0.07042253521126761,0.4666666666666667,0.5,0.185,0.365,score_exclusive_discount
496408,3,1,7,5,0.3333333333333333,0.7142857142857143,0.30952380952380953,Middle-age,Medium Spenders,0.17,0.75,0.75,0.6,0.8333333333333334,1.0,0.1485884101040119,0.25,0.025,0.10401188707280831,0.4,0.30952380952380953,0.2675,0.4275,score_free_night_flight
496566,2,0,6,4,0.0,0.6666666666666666,0.16666666666666669,Middle-age,Champions,0.0,0.67,2.5,0.5,0.5,0.75,0.13123359580052493,0.22333333333333336,0.08333333333333333,0.09186351706036745,0.3286666666666667,0.16666666666666669,0.20833333333333331,0.375,score_free_night_flight
496972,2,0,7,3,0.0,0.42857142857142855,0.2857142857142857,Middle-age,Low Spenders,0.0,0.33,0.67,0.3333333333333333,0.3333333333333333,1.0,0.136986301369863,0.11,0.022333333333333334,0.0958904109589041,0.28800000000000003,0.2857142857142857,0.11563333333333332,0.24003333333333332,score_free_checkedbag
497042,3,1,5,3,0.3333333333333333,0.6,0.3666666666666667,Middle-age,Medium Spenders,0.0,0.0,2.75,0.5,1.0,1.0,0.10989010989010989,0.0,0.09166666666666666,0.07692307692307691,0.2,0.3666666666666667,0.36416666666666664,0.37749999999999995,score_free_night_flight
497077,4,4,4,2,1.0,0.5,0.75,Middle-age,Medium Spenders,0.33,0.5,2.5,0.75,1.0,0.8333333333333334,0.1404494382022472,0.16666666666666666,0.08333333333333333,0.09831460674157304,0.30000000000000004,0.75,0.35833333333333334,0.5499999999999999,score_exclusive_discount
497108,1,0,7,3,0.0,0.42857142857142855,0.2857142857142857,Middle-age,Medium Spenders,0.0,0.33,1.0,0.375,1.0,1.0,0.12706480304955528,0.11,0.03333333333333333,0.08894536213468869,0.28800000000000003,0.2857142857142857,0.3233333333333333,0.27249999999999996,score_free_meal
497225,2,2,6,3,1.0,0.5,0.75,Middle-age,High Spenders,0.0,0.2,3.0,0.625,1.0,1.0,0.10706638115631692,0.06666666666666667,0.1,0.07494646680942184,0.25333333333333335,0.75,0.37,0.4675,score_exclusive_discount
497475,2,1,6,3,0.5,0.5,0.5,Middle-age,Champions,0.0,0.62,1.0,0.5,0.25,1.0,0.024881811395869622,0.20666666666666667,0.03333333333333333,0.017417267977108734,0.36533333333333334,0.5,0.09833333333333333,0.36,score_exclusive_discount
497615,4,0,4,3,0.0,0.75,0.125,Middle-age,High Spenders,0.0,1.0,4.33,0.375,1.0,0.6666666666666666,0.14513788098693758,0.3333333333333333,0.14433333333333334,0.1015965166908563,0.4,0.125,0.40103333333333335,0.30579999999999996,score_free_meal
497678,2,1,7,1,0.5,0.14285714285714285,0.6785714285714286,Middle-age,Low Spenders,0.0,0.5,2.0,0.2222222222222222,1.0,1.0,0.07892659826361484,0.16666666666666666,0.06666666666666667,0.055248618784530384,0.33333333333333337,0.6785714285714286,0.3466666666666667,0.17555555555555552,score_exclusive_discount
497680,3,0,5,3,0.0,0.6,0.2,Middle-age,Low Spenders,0.0,0.5,2.67,0.375,1.0,0.6666666666666666,0.12422360248447203,0.16666666666666666,0.089,0.08695652173913042,0.26666666666666666,0.2,0.36229999999999996,0.28919999999999996,score_free_meal
497915,2,1,6,3,0.5,0.5,0.5,Middle-age,High Spenders,0.0,1.0,2.0,0.5,1.0,1.0,0.10810810810810811,0.3333333333333333,0.06666666666666667,0.07567567567567568,0.4666666666666667,0.5,0.3466666666666667,0.37,score_exclusive_discount
498154,1,0,7,2,0.0,0.2857142857142857,0.35714285714285715,Middle-age,Low Spenders,0.0,0.5,1.5,0.25,1.0,1.0,0.14347202295552366,0.16666666666666666,0.05,0.10043041606886656,0.33333333333333337,0.35714285714285715,0.33499999999999996,0.19,score_exclusive_discount
498199,3,0,5,3,0.0,0.6,0.2,Middle-age,Low Spenders,0.0,0.0,2.67,0.375,1.0,0.6666666666666666,0.12738853503184713,0.0,0.089,0.08917197452229299,0.13333333333333333,0.2,0.36229999999999996,0.28919999999999996,score_free_meal
498287,1,0,7,5,0.0,0.7142857142857143,0.14285714285714285,Middle-age,Champions,0.0,0.55,1.4,0.625,1.0,1.0,0.11210762331838565,0.18333333333333335,0.04666666666666666,0.07847533632286996,0.3466666666666667,0.14285714285714285,0.33266666666666667,0.4515,score_free_night_flight
498298,1,1,7,2,1.0,0.2857142857142857,0.8571428571428572,Youth,Champions,0.0,2.0,8.0,0.375,1.0,0.3333333333333333,0.13020833333333334,0.6666666666666666,0.26666666666666666,0.09114583333333333,0.6,0.8571428571428572,0.48666666666666664,0.34249999999999997,score_exclusive_discount
498357,4,2,4,3,0.5,0.75,0.375,Middle-age,Champions,0.0,0.88,2.8,0.625,1.0,0.8,0.1020408163265306,0.29333333333333333,0.09333333333333332,0.07142857142857141,0.3946666666666667,0.375,0.3653333333333333,0.4655,score_free_night_flight
498363,4,1,4,1,0.25,0.25,0.5,Middle-age,Low Spenders,0.0,0.0,2.0,0.25,1.0,1.0,0.11061946902654868,0.0,0.06666666666666667,0.07743362831858407,0.2,0.5,0.3466666666666667,0.19499999999999998,score_exclusive_discount
498574,2,0,6,4,0.0,0.6666666666666666,0.16666666666666669,Middle-age,Medium Spenders,0.0,0.67,3.0,0.5,0.75,0.75,0.09442870632672333,0.22333333333333336,0.1,0.06610009442870633,0.3286666666666667,0.16666666666666669,0.295,0.38,score_free_night_flight
498607,3,1,5,1,0.3333333333333333,0.2,0.5666666666666667,Middle-age,Medium Spenders,0.0,0.75,1.0,0.25,1.0,1.0,0.09107468123861566,0.25,0.03333333333333333,0.06375227686703096,0.4,0.5666666666666667,0.3233333333333333,0.185,score_exclusive_discount
498665,3,3,5,4,1.0,0.8,0.6,Middle-age,High Spenders,0.14,0.4,2.2,0.875,1.0,1.0,0.12690355329949238,0.13333333333333333,0.07333333333333333,0.08883248730964466,0.3066666666666667,0.6,0.35133333333333333,0.6345,score_free_night_flight
498857,2,0,6,3,0.0,0.5,0.25,Middle-age,Low Spenders,0.0,0.67,2.33,0.375,0.6666666666666666,1.0,0.10330578512396695,0.22333333333333336,0.07766666666666668,0.07231404958677685,0.3786666666666667,0.25,0.25436666666666663,0.28579999999999994,score_free_checkedbag
498931,3,1,5,1,0.3333333333333333,0.2,0.5666666666666667,Middle-age,High Spenders,0.0,0.0,6.0,0.25,1.0,1.0,0.12987012987012986,0.0,0.2,0.0909090909090909,0.2,0.5666666666666667,0.43999999999999995,0.235,score_exclusive_discount
499028,0,0,8,3,0.0,0.375,0.5,Middle-age,Low Spenders,0.0,0.33,3.0,0.375,1.0,1.0,0.1287001287001287,0.11,0.1,0.09009009009009009,0.28800000000000003,0.5,0.37,0.2925,score_exclusive_discount
499038,1,0,7,4,0.0,0.5714285714285714,0.2142857142857143,Middle-age,Champions,0.0,1.0,2.25,0.5,0.75,0.75,0.12330456226880396,0.3333333333333333,0.075,0.08631319358816276,0.4166666666666667,0.2142857142857143,0.27749999999999997,0.3725,score_free_checkedbag
499252,3,1,5,0,0.3333333333333333,0.0,0.6666666666666666,Middle-age,Low Spenders,0.0,2.0,6.0,0.125,1.0,1.0,0.09165902841429881,0.6666666666666666,0.2,0.06416131989000916,0.7333333333333334,0.6666666666666666,0.43999999999999995,0.1475,score_free_checkedbag
499313,2,0,6,1,0.0,0.16666666666666666,0.4166666666666667,Middle-age,At Risk,0.0,1.0,7.0,0.125,1.0,1.0,0.1392757660167131,0.3333333333333333,0.23333333333333334,0.09749303621169916,0.4666666666666667,0.4166666666666667,0.4633333333333333,0.15749999999999997,score_free_checkedbag
499366,1,1,7,3,1.0,0.42857142857142855,0.7857142857142857,Middle-age,Champions,0.0,0.5,1.75,0.5,0.75,1.0,0.10559662090813093,0.16666666666666666,0.058333333333333334,0.07391763463569165,0.33333333333333337,0.7857142857142857,0.2658333333333333,0.3675,score_exclusive_discount
499375,2,1,6,4,0.5,0.6666666666666666,0.4166666666666667,Middle-age,Champions,0.0,0.6,2.0,0.625,1.0,1.0,0.13089005235602094,0.19999999999999998,0.06666666666666667,0.09162303664921466,0.36,0.4166666666666667,0.3466666666666667,0.4575,score_free_night_flight
499379,4,2,5,0,0.5,0.0,0.75,Elderly,Low Spenders,0.0,0.0,3.5,0.2222222222222222,1.0,0.5,0.11481056257175659,0.0,0.11666666666666667,0.08036739380022961,0.1,0.75,0.38166666666666665,0.19055555555555553,score_exclusive_discount
499461,1,0,7,2,0.0,0.2857142857142857,0.35714285714285715,Middle-age,Low Spenders,0.0,0.0,2.0,0.25,1.0,1.0,0.12755102040816327,0.0,0.06666666666666667,0.08928571428571429,0.2,0.35714285714285715,0.3466666666666667,0.19499999999999998,score_exclusive_discount
499633,3,2,5,3,0.6666666666666666,0.6,0.5333333333333333,Middle-age,Medium Spenders,0.0,1.25,1.8,0.625,0.6,0.8,0.08176614881439084,0.4166666666666667,0.060000000000000005,0.05723630417007359,0.4933333333333334,0.5333333333333333,0.222,0.4555,score_exclusive_discount
499634,1,0,8,1,0.0,0.125,0.4375,Middle-age,At Risk,0.0,1.0,2.0,0.1111111111111111,1.0,1.0,0.10416666666666667,0.3333333333333333,0.06666666666666667,0.07291666666666667,0.4666666666666667,0.4375,0.3466666666666667,0.09777777777777777,score_free_checkedbag
499659,2,1,6,0,0.5,0.0,0.75,Middle-age,Medium Spenders,0.0,0.0,8.0,0.125,1.0,0.0,1.0,0.0,0.26666666666666666,0.7,0.0,0.75,0.48666666666666664,0.16749999999999998,score_exclusive_discount
499669,3,0,6,1,0.0,0.16666666666666666,0.4166666666666667,Middle-age,At Risk,0.0,1.0,2.0,0.1111111111111111,1.0,1.0,0.1264222503160556,0.3333333333333333,0.06666666666666667,0.08849557522123892,0.4666666666666667,0.4166666666666667,0.3466666666666667,0.09777777777777777,score_free_checkedbag
499751,0,0,9,4,0.0,0.4444444444444444,0.5,Middle-age,Champions,0.0,1.33,4.75,0.4444444444444444,1.0,0.75,0.09000900090009001,0.44333333333333336,0.15833333333333333,0.063006300630063,0.5046666666666667,0.5,0.41083333333333333,0.35861111111111105,score_free_checkedbag
499760,2,0,6,0,0.0,0.0,0.5,0,0,0.0,0.0,0.0,0.0,0.0,0.0,0.0,0.0,0.0,0.0,0.0,0.5,0.0,0.0,score_exclusive_discount
499780,1,0,7,0,0.0,0.0,0.5,0,0,0.0,0.0,0.0,0.0,0.0,0.0,0.0,0.0,0.0,0.0,0.0,0.5,0.0,0.0,score_exclusive_discount
499810,1,0,8,3,0.0,0.375,0.3125,Middle-age,High Spenders,0.0,0.5,5.33,0.3333333333333333,1.0,0.6666666666666666,0.0796812749003984,0.16666666666666666,0.17766666666666667,0.05577689243027888,0.26666666666666666,0.3125,0.42436666666666667,0.2866333333333333,score_free_meal
499847,2,0,7,3,0.0,0.42857142857142855,0.2857142857142857,Middle-age,High Spenders,0.0,0.0,2.0,0.3333333333333333,1.0,1.0,0.1322751322751323,0.0,0.06666666666666667,0.0925925925925926,0.2,0.2857142857142857,0.3466666666666667,0.2533333333333333,score_free_meal
499969,2,0,6,1,0.0,0.16666666666666666,0.4166666666666667,Youth,At Risk,0.0,0.0,9.0,0.125,1.0,0.0,1.0,0.0,0.3,0.7,0.0,0.4166666666666667,0.51,0.1775,score_free_cancellation
499979,2,1,8,4,0.5,0.5,0.5,Middle-age,Champions,0.0,0.1,1.8,0.5,0.8,1.0,0.1364256480218281,0.03333333333333333,0.060000000000000005,0.09549795361527967,0.22666666666666668,0.5,0.282,0.368,score_exclusive_discount
499990,3,2,5,2,0.6666666666666666,0.4,0.6333333333333333,Middle-age,Champions,0.25,0.5,3.0,0.5,0.75,1.0,0.10427528675703858,0.16666666666666666,0.1,0.072992700729927,0.33333333333333337,0.6333333333333333,0.295,0.38,score_exclusive_discount
500078,0,0,8,2,0.0,0.25,0.5,Middle-age,Low Spenders,0.0,1.0,3.5,0.25,1.0,1.0,0.16155088852988692,0.3333333333333333,0.11666666666666667,0.11308562197092083,0.4666666666666667,0.5,0.38166666666666665,0.21,score_exclusive_discount
500196,2,0,6,2,0.0,0.3333333333333333,0.33333333333333337,Middle-age,Medium Spenders,0.0,0.5,2.0,0.25,1.0,1.0,0.11235955056179775,0.16666666666666666,0.06666666666666667,0.07865168539325842,0.33333333333333337,0.33333333333333337,0.3466666666666667,0.19499999999999998,score_free_meal
500243,3,0,6,1,0.0,0.16666666666666666,0.4166666666666667,Youth,At Risk,0.0,0.0,2.0,0.1111111111111111,1.0,1.0,0.12239902080783353,0.0,0.06666666666666667,0.08567931456548347,0.2,0.4166666666666667,0.3466666666666667,0.09777777777777777,score_exclusive_discount
500257,1,1,7,1,1.0,0.14285714285714285,0.9285714285714286,Middle-age,Low Spenders,0.0,0.5,1.5,0.25,1.0,1.0,0.1564945226917058,0.16666666666666666,0.05,0.10954616588419405,0.33333333333333337,0.9285714285714286,0.33499999999999996,0.19,score_exclusive_discount
500288,1,0,7,0,0.0,0.0,0.5,0,0,0.0,0.0,0.0,0.0,0.0,0.0,0.0,0.0,0.0,0.0,0.0,0.5,0.0,0.0,score_exclusive_discount
500299,0,0,8,1,0.0,0.125,0.5,Youth,At Risk,0.0,0.0,2.0,0.125,1.0,0.0,1.0,0.0,0.06666666666666667,0.7,0.0,0.5,0.3466666666666667,0.1075,score_free_cancellation
500493,1,1,7,2,1.0,0.2857142857142857,0.8571428571428572,Middle-age,Champions,0.0,0.25,2.67,0.375,0.6666666666666666,0.6666666666666666,0.14204545454545456,0.08333333333333333,0.089,0.09943181818181819,0.2,0.8571428571428572,0.2623,0.28919999999999996,score_exclusive_discount
500532,2,0,6,1,0.0,0.16666666666666666,0.4166666666666667,Middle-age,At Risk,0.0,0.0,2.0,0.125,1.0,0.0,1.0,0.0,0.06666666666666667,0.7,0.0,0.4166666666666667,0.3466666666666667,0.1075,score_free_cancellation
500646,5,3,3,0,0.6,0.0,0.8,Middle-age,High Spenders,0.0,1.0,7.33,0.375,1.0,0.3333333333333333,0.10893246187363835,0.3333333333333333,0.24433333333333335,0.07625272331154684,0.3333333333333333,0.8,0.4710333333333333,0.3358,score_exclusive_discount
500745,2,1,6,3,0.5,0.5,0.5,Middle-age,Medium Spenders,0.0,0.5,3.25,0.5,0.75,0.5,0.11198208286674133,0.16666666666666666,0.10833333333333334,0.07838745800671892,0.23333333333333334,0.5,0.3008333333333333,0.38249999999999995,score_exclusive_discount
500773,4,2,4,2,0.5,0.5,0.5,Middle-age,Champions,0.0,0.0,4.0,0.5,1.0,0.75,0.12437810945273634,0.0,0.13333333333333333,0.08706467661691543,0.15000000000000002,0.5,0.3933333333333333,0.38999999999999996,score_exclusive_discount
500791,3,1,5,0,0.3333333333333333,0.0,0.6666666666666666,Elderly,At Risk,0.0,0.0,6.0,0.125,1.0,0.0,1.0,0.0,0.2,0.7,0.0,0.6666666666666666,0.43999999999999995,0.1475,score_free_cancellation
500828,2,0,6,3,0.0,0.5,0.25,Middle-age,Low Spenders,0.0,0.33,1.33,0.375,0.6666666666666666,1.0,0.12987012987012986,0.11,0.044333333333333336,0.0909090909090909,0.28800000000000003,0.25,0.2310333333333333,0.27579999999999993,score_free_checkedbag
500972,3,1,5,2,0.3333333333333333,0.4,0.4666666666666667,Middle-age,Champions,0.0,0.25,1.67,0.375,1.0,1.0,0.10905125408942203,0.08333333333333333,0.05566666666666666,0.07633587786259541,0.26666666666666666,0.4666666666666667,0.33896666666666664,0.27919999999999995,score_exclusive_discount
500974,1,0,7,6,0.0,0.8571428571428571,0.07142857142857145,Middle-age,High Spenders,0.0,0.4,4.33,0.75,1.0,0.8333333333333334,0.11918951132300357,0.13333333333333333,0.14433333333333334,0.0834326579261025,0.2733333333333334,0.07142857142857145,0.40103333333333335,0.5682999999999999,score_free_night_flight
501087,5,0,3,2,0.0,0.6666666666666666,0.16666666666666669,Middle-age,Medium Spenders,0.0,0.5,2.5,0.25,1.0,1.0,0.13192612137203166,0.16666666666666666,0.08333333333333333,0.09234828496042216,0.33333333333333337,0.16666666666666669,0.35833333333333334,0.19999999999999998,score_free_meal
501125,0,0,8,2,0.0,0.25,0.5,Middle-age,Low Spenders,0.0,0.5,4.5,0.25,1.0,1.0,0.1310615989515072,0.16666666666666666,0.15,0.09174311926605504,0.33333333333333337,0.5,0.40499999999999997,0.21999999999999997,score_exclusive_discount
501184,2,0,6,4,0.0,0.6666666666666666,0.16666666666666669,Middle-age,Champions,0.0,0.67,7.0,0.5,1.0,0.75,0.10593220338983052,0.22333333333333336,0.23333333333333334,0.07415254237288135,0.3286666666666667,0.16666666666666669,0.4633333333333333,0.42,score_free_meal
501322,5,2,4,2,0.4,0.5,0.45,Middle-age,High Spenders,0.0,1.0,2.75,0.4444444444444444,1.0,0.75,0.10559662090813093,0.3333333333333333,0.09166666666666666,0.07391763463569165,0.4166666666666667,0.45,0.36416666666666664,0.3386111111111111,score_exclusive_discount
501344,2,1,6,0,0.5,0.0,0.75,Middle-age,At Risk,0.0,0.0,0.0,0.125,0.0,1.0,0.16611295681063123,0.0,0.0,0.11627906976744186,0.2,0.75,0.0,0.0875,score_exclusive_discount
501436,2,2,6,3,1.0,0.5,0.75,Middle-age,Low Spenders,0.2,1.33,0.67,0.625,0.8,1.0,0.1322751322751323,0.44333333333333336,0.022333333333333334,0.0925925925925926,0.5546666666666666,0.75,0.2556333333333333,0.4442,score_exclusive_discount
501512,5,2,3,0,0.4,0.0,0.7,Middle-age,Low Spenders,0.0,0.5,3.5,0.25,1.0,1.0,0.10952902519167579,0.16666666666666666,0.11666666666666667,0.07667031763417305,0.33333333333333337,0.7,0.38166666666666665,0.21,score_exclusive_discount
501708,5,2,3,0,0.4,0.0,0.7,0,0,0.0,0.0,0.0,0.0,0.0,0.0,0.0,0.0,0.0,0.0,0.0,0.7,0.0,0.0,score_exclusive_discount
501735,2,0,6,3,0.0,0.5,0.25,Middle-age,Low Spenders,0.0,1.0,1.0,0.375,1.0,1.0,0.11376564277588169,0.3333333333333333,0.03333333333333333,0.07963594994311718,0.4666666666666667,0.25,0.3233333333333333,0.27249999999999996,score_free_checkedbag
501764,3,0,5,2,0.0,0.4,0.3,Middle-age,Low Spenders,0.0,0.5,3.0,0.25,1.0,1.0,0.12755102040816327,0.16666666666666666,0.1,0.08928571428571429,0.33333333333333337,0.3,0.37,0.205,score_free_meal
501780,1,0,7,0,0.0,0.0,0.5,0,0,0.0,0.0,0.0,0.0,0.0,0.0,0.0,0.0,0.0,0.0,0.0,0.5,0.0,0.0,score_exclusive_discount
501794,1,1,7,3,1.0,0.42857142857142855,0.7857142857142857,Middle-age,Medium Spenders,0.0,0.75,4.25,0.5,1.0,1.0,0.1402524544179523,0.25,0.14166666666666666,0.09817671809256662,0.4,0.7857142857142857,0.39916666666666667,0.39249999999999996,score_exclusive_discount
501817,0,0,9,3,0.0,0.3333333333333333,0.5,Middle-age,Champions,0.0,0.5,2.67,0.3333333333333333,1.0,1.0,0.15151515151515152,0.16666666666666666,0.089,0.10606060606060606,0.33333333333333337,0.5,0.36229999999999996,0.2600333333333333,score_exclusive_discount
501830,2,0,7,2,0.0,0.2857142857142857,0.35714285714285715,Middle-age,High Spenders,0.0,0.0,4.5,0.2222222222222222,1.0,0.5,0.14265335235378032,0.0,0.15,0.09985734664764621,0.1,0.35714285714285715,0.40499999999999997,0.20055555555555554,score_free_meal
501897,3,0,5,1,0.0,0.2,0.4,Middle-age,Low Spenders,0.0,0.0,9.0,0.125,1.0,0.0,1.0,0.0,0.3,0.7,0.0,0.4,0.51,0.1775,score_free_cancellation
501947,4,2,6,4,0.5,0.6666666666666666,0.4166666666666667,Middle-age,Champions,0.17,0.0,1.5,0.6,0.8333333333333334,0.8333333333333334,0.13717421124828533,0.0,0.05,0.09602194787379972,0.16666666666666669,0.4166666666666667,0.285,0.435,score_free_night_flight
502063,0,0,8,1,0.0,0.125,0.5,Middle-age,Low Spenders,0.0,0.0,5.0,0.125,1.0,1.0,0.1706484641638225,0.0,0.16666666666666666,0.11945392491467575,0.2,0.5,0.41666666666666663,0.13749999999999998,score_exclusive_discount
502145,2,0,8,4,0.0,0.5,0.25,Middle-age,Champions,0.0,0.62,2.5,0.4,1.0,1.0,0.12106537530266344,0.20666666666666667,0.08333333333333333,0.0847457627118644,0.36533333333333334,0.25,0.35833333333333334,0.305,score_free_checkedbag
502210,1,1,7,4,1.0,0.5714285714285714,0.7142857142857143,Middle-age,Medium Spenders,0.2,1.0,3.0,0.625,1.0,0.8,0.09823182711198429,0.3333333333333333,0.1,0.068762278978389,0.4266666666666667,0.7142857142857143,0.37,0.4675,score_exclusive_discount
502212,1,1,7,0,1.0,0.0,1.0,Youth,At Risk,0.0,0.0,1.0,0.125,1.0,1.0,0.1364256480218281,0.0,0.03333333333333333,0.09549795361527967,0.2,1.0,0.3233333333333333,0.09749999999999999,score_exclusive_discount
502353,1,1,7,4,1.0,0.5714285714285714,0.7142857142857143,Middle-age,Champions,0.0,0.5,4.4,0.625,0.8,0.8,0.1519756838905775,0.16666666666666666,0.14666666666666667,0.10638297872340424,0.29333333333333333,0.7142857142857143,0.3426666666666667,0.4815,score_exclusive_discount
502412,7,2,1,1,0.2857142857142857,1.0,0.14285714285714285,Middle-age,Low Spenders,0.0,0.5,5.67,0.375,1.0,0.6666666666666666,0.12210012210012208,0.16666666666666666,0.189,0.08547008547008546,0.26666666666666666,0.14285714285714285,0.4323,0.31919999999999993,score_free_meal
502435,5,1,3,1,0.2,0.3333333333333333,0.43333333333333335,Middle-age,Low Spenders,0.0,0.5,3.0,0.25,1.0,1.0,0.11235955056179775,0.16666666666666666,0.1,0.07865168539325842,0.33333333333333337,0.43333333333333335,0.37,0.205,score_exclusive_discount
502444,1,1,7,5,1.0,0.7142857142857143,0.6428571428571428,Middle-age,High Spenders,0.0,0.33,2.0,0.75,0.8333333333333334,1.0,0.09433962264150944,0.11,0.06666666666666667,0.0660377358490566,0.28800000000000003,0.6428571428571428,0.29666666666666663,0.5449999999999999,score_exclusive_discount
502609,1,1,8,4,1.0,0.5,0.75,Middle-age,Medium Spenders,0.0,0.0,2.2,0.5555555555555556,1.0,1.0,0.12437810945273634,0.0,0.07333333333333333,0.08706467661691543,0.2,0.75,0.35133333333333333,0.4108888888888889,score_exclusive_discount
502626,2,0,6,2,0.0,0.3333333333333333,0.33333333333333337,Middle-age,Low Spenders,0.0,1.0,2.0,0.25,1.0,1.0,0.09775171065493646,0.3333333333333333,0.06666666666666667,0.06842619745845552,0.4666666666666667,0.33333333333333337,0.3466666666666667,0.19499999999999998,score_free_checkedbag
502799,3,0,5,4,0.0,0.8,0.09999999999999998,Middle-age,Medium Spenders,0.0,0.75,2.5,0.5,1.0,1.0,0.11415525114155252,0.25,0.08333333333333333,0.07990867579908675,0.4,0.09999999999999998,0.35833333333333334,0.375,score_free_checkedbag
502819,1,0,7,0,0.0,0.0,0.5,0,0,0.0,0.0,0.0,0.0,0.0,0.0,0.0,0.0,0.0,0.0,0.0,0.5,0.0,0.0,score_exclusive_discount
502826,0,0,8,3,0.0,0.375,0.5,Middle-age,Low Spenders,0.0,0.33,0.33,0.375,0.3333333333333333,1.0,0.12121212121212122,0.11,0.011000000000000001,0.08484848484848484,0.28800000000000003,0.5,0.10769999999999999,0.2658,score_exclusive_discount
502847,1,0,7,5,0.0,0.7142857142857143,0.14285714285714285,Middle-age,High Spenders,0.0,0.5,1.8,0.625,1.0,0.8,0.15552099533437014,0.16666666666666666,0.060000000000000005,0.10886469673405909,0.29333333333333333,0.14285714285714285,0.34199999999999997,0.4555,score_free_night_flight
502850,4,0,4,0,0.0,0.0,0.5,0,0,0.0,0.0,0.0,0.0,0.0,0.0,0.0,0.0,0.0,0.0,0.0,0.5,0.0,0.0,score_exclusive_discount
502875,2,0,6,3,0.0,0.5,0.25,Middle-age,Medium Spenders,0.0,0.67,0.67,0.375,0.6666666666666666,1.0,0.0929368029739777,0.22333333333333336,0.022333333333333334,0.06505576208178439,0.3786666666666667,0.25,0.21563333333333332,0.26919999999999994,score_free_checkedbag
502995,3,0,6,0,0.0,0.0,0.5,0,0,0.0,0.0,0.0,0.0,0.0,0.0,0.0,0.0,0.0,0.0,0.0,0.5,0.0,0.0,score_exclusive_discount
503042,3,1,5,0,0.3333333333333333,0.0,0.6666666666666666,Youth,At Risk,0.0,1.0,2.0,0.125,1.0,1.0,0.10101010101010101,0.3333333333333333,0.06666666666666667,0.0707070707070707,0.4666666666666667,0.6666666666666666,0.3466666666666667,0.1075,score_exclusive_discount
503049,1,0,7,0,0.0,0.0,0.5,0,0,0.0,0.0,0.0,0.0,0.0,0.0,0.0,0.0,0.0,0.0,0.0,0.5,0.0,0.0,score_exclusive_discount
503058,2,0,8,3,0.0,0.375,0.3125,Youth,Low Spenders,0.0,0.5,3.0,0.3,1.0,0.6666666666666666,0.06934812760055478,0.16666666666666666,0.1,0.04854368932038834,0.26666666666666666,0.3125,0.37,0.24,score_free_meal
503126,1,0,7,1,0.0,0.14285714285714285,0.4285714285714286,Youth,Medium Spenders,0.0,0.0,9.0,0.125,1.0,0.0,1.0,0.0,0.3,0.7,0.0,0.4285714285714286,0.51,0.1775,score_free_cancellation
503161,3,0,6,0,0.0,0.0,0.5,0,0,0.0,0.0,0.0,0.0,0.0,0.0,0.0,0.0,0.0,0.0,0.0,0.5,0.0,0.0,score_exclusive_discount
503277,2,1,6,2,0.5,0.3333333333333333,0.5833333333333334,Middle-age,Medium Spenders,0.0,1.33,3.67,0.375,1.0,1.0,0.09267840593141799,0.44333333333333336,0.12233333333333334,0.06487488415199259,0.5546666666666666,0.5833333333333334,0.38563333333333333,0.29919999999999997,score_exclusive_discount
503418,2,1,6,4,0.5,0.6666666666666666,0.4166666666666667,Middle-age,High Spenders,0.0,0.4,3.6,0.625,1.0,1.0,0.09727626459143969,0.13333333333333333,0.12000000000000001,0.06809338521400778,0.3066666666666667,0.4166666666666667,0.384,0.47350000000000003,score_free_night_flight
503483,0,0,8,0,0.0,0.0,0.5,0,0,0.0,0.0,0.0,0.0,0.0,0.0,0.0,0.0,0.0,0.0,0.0,0.5,0.0,0.0,score_exclusive_discount
503621,0,0,8,2,0.0,0.25,0.5,Middle-age,Medium Spenders,0.0,0.0,9.5,0.25,1.0,0.5,0.10460251046025104,0.0,0.31666666666666665,0.07322175732217573,0.1,0.5,0.5216666666666666,0.26999999999999996,score_free_meal
503760,3,1,5,4,0.3333333333333333,0.8,0.2666666666666666,Middle-age,Champions,0.0,0.38,4.6,0.625,1.0,0.8,0.01782848992690319,0.12666666666666668,0.15333333333333332,0.012479942948832232,0.26133333333333336,0.2666666666666666,0.4073333333333333,0.4835,score_free_night_flight
503773,0,0,8,0,0.0,0.0,0.5,0,0,0.0,0.0,0.0,0.0,0.0,0.0,0.0,0.0,0.0,0.0,0.0,0.5,0.0,0.0,score_exclusive_discount
503918,4,0,4,0,0.0,0.0,0.5,0,0,0.0,0.0,0.0,0.0,0.0,0.0,0.0,0.0,0.0,0.0,0.0,0.5,0.0,0.0,score_exclusive_discount
503928,1,0,7,2,0.0,0.2857142857142857,0.35714285714285715,Middle-age,Medium Spenders,0.0,0.0,2.0,0.25,1.0,1.0,0.12224938875305624,0.0,0.06666666666666667,0.08557457212713937,0.2,0.35714285714285715,0.3466666666666667,0.19499999999999998,score_exclusive_discount
503945,3,1,5,2,0.3333333333333333,0.4,0.4666666666666667,Middle-age,High Spenders,0.0,0.33,1.33,0.375,0.6666666666666666,1.0,0.12224938875305624,0.11,0.044333333333333336,0.08557457212713937,0.28800000000000003,0.4666666666666667,0.2310333333333333,0.27579999999999993,score_exclusive_discount
503973,3,3,6,1,1.0,0.16666666666666666,0.9166666666666667,Middle-age,Low Spenders,0.0,0.33,2.5,0.4444444444444444,0.75,0.75,0.17035775127768313,0.11,0.08333333333333333,0.11925042589437818,0.23800000000000004,0.9166666666666667,0.2833333333333333,0.3361111111111111,score_exclusive_discount
504081,3,1,7,1,0.3333333333333333,0.14285714285714285,0.5952380952380952,Middle-age,Low Spenders,0.0,0.5,0.5,0.2,0.5,1.0,0.129366106080207,0.16666666666666666,0.016666666666666666,0.09055627425614489,0.33333333333333337,0.5952380952380952,0.16166666666666665,0.145,score_exclusive_discount
504133,1,0,7,3,0.0,0.42857142857142855,0.2857142857142857,Middle-age,Champions,0.0,0.5,6.0,0.375,1.0,1.0,0.09960159362549802,0.16666666666666666,0.2,0.06972111553784861,0.33333333333333337,0.2857142857142857,0.43999999999999995,0.32249999999999995,score_free_meal
504299,1,1,7,2,1.0,0.2857142857142857,0.8571428571428572,Middle-age,Medium Spenders,0.0,0.67,2.0,0.375,1.0,1.0,0.11198208286674133,0.22333333333333336,0.06666666666666667,0.07838745800671892,0.3786666666666667,0.8571428571428572,0.3466666666666667,0.2825,score_exclusive_discount
504320,3,2,5,0,0.6666666666666666,0.0,0.8333333333333333,Middle-age,Low Spenders,0.0,1.0,2.0,0.25,1.0,1.0,0.17123287671232876,0.3333333333333333,0.06666666666666667,0.11986301369863012,0.4666666666666667,0.8333333333333333,0.3466666666666667,0.19499999999999998,score_exclusive_discount
504371,2,1,6,4,0.5,0.6666666666666666,0.4166666666666667,Middle-age,Champions,0.0,0.2,3.8,0.625,0.8,1.0,0.014602803738317757,0.06666666666666667,0.12666666666666665,0.01022196261682243,0.25333333333333335,0.4166666666666667,0.32866666666666666,0.4755,score_free_night_flight
504435,6,3,2,2,0.5,1.0,0.25,Middle-age,Medium Spenders,0.2,0.78,1.33,0.625,1.0,1.0,0.10989010989010989,0.26,0.044333333333333336,0.07692307692307691,0.40800000000000003,0.25,0.33103333333333335,0.4508,score_free_night_flight
504473,1,0,7,2,0.0,0.2857142857142857,0.35714285714285715,Middle-age,Low Spenders,0.0,1.0,2.0,0.25,1.0,1.0,0.1026694045174538,0.3333333333333333,0.06666666666666667,0.07186858316221766,0.4666666666666667,0.35714285714285715,0.3466666666666667,0.19499999999999998,score_free_checkedbag
504579,1,0,7,0,0.0,0.0,0.5,0,0,0.0,0.0,0.0,0.0,0.0,0.0,0.0,0.0,0.0,0.0,0.0,0.5,0.0,0.0,score_exclusive_discount
504610,3,0,5,1,0.0,0.2,0.4,Elderly,Low Spenders,0.0,0.5,2.0,0.125,1.0,1.0,0.14084507042253522,0.16666666666666666,0.06666666666666667,0.09859154929577464,0.33333333333333337,0.4,0.3466666666666667,0.1075,score_exclusive_discount
504665,4,2,5,0,0.5,0.0,0.75,Middle-age,Medium Spenders,0.0,2.0,6.5,0.2222222222222222,1.0,0.5,0.14705882352941177,0.6666666666666666,0.21666666666666667,0.10294117647058823,0.6333333333333333,0.75,0.45166666666666666,0.22055555555555553,score_exclusive_discount
504669,2,1,6,1,0.5,0.16666666666666666,0.6666666666666667,Middle-age,Low Spenders,0.0,1.0,2.0,0.25,1.0,1.0,0.14749262536873156,0.3333333333333333,0.06666666666666667,0.10324483775811209,0.4666666666666667,0.6666666666666667,0.3466666666666667,0.19499999999999998,score_exclusive_discount
504786,4,1,4,2,0.25,0.5,0.375,Middle-age,High Spenders,0.0,1.0,3.33,0.375,1.0,0.3333333333333333,0.12755102040816327,0.3333333333333333,0.111,0.08928571428571429,0.3333333333333333,0.375,0.3777,0.29579999999999995,score_free_meal
504859,3,1,5,1,0.3333333333333333,0.2,0.5666666666666667,Youth,Medium Spenders,0.0,0.0,4.0,0.25,1.0,0.5,0.09852216748768472,0.0,0.13333333333333333,0.0689655172413793,0.1,0.5666666666666667,0.3933333333333333,0.215,score_exclusive_discount
504892,3,1,5,2,0.3333333333333333,0.4,0.4666666666666667,Middle-age,Champions,0.0,0.0,7.33,0.375,0.6666666666666666,0.6666666666666666,0.09852216748768472,0.0,0.24433333333333335,0.0689655172413793,0.13333333333333333,0.4666666666666667,0.3710333333333333,0.3358,score_exclusive_discount
504916,4,1,4,1,0.25,0.25,0.5,0,0,0.0,0.0,0.0,0.0,0.0,0.0,0.0,0.0,0.0,0.0,0.0,0.5,0.0,0.0,score_exclusive_discount
504936,4,2,5,1,0.5,0.2,0.65,Middle-age,Champions,0.0,0.5,5.33,0.3333333333333333,1.0,0.6666666666666666,0.1079913606911447,0.16666666666666666,0.17766666666666667,0.07559395248380128,0.26666666666666666,0.65,0.42436666666666667,0.2866333333333333,score_exclusive_discount
504945,2,1,7,3,0.5,0.42857142857142855,0.5357142857142857,Middle-age,Medium Spenders,0.0,0.75,1.5,0.4444444444444444,1.0,1.0,0.13262599469496023,0.25,0.05,0.09283819628647215,0.4,0.5357142857142857,0.33499999999999996,0.3261111111111111,score_exclusive_discount
505062,2,1,6,2,0.5,0.3333333333333333,0.5833333333333334,Middle-age,Medium Spenders,0.0,0.33,3.0,0.375,1.0,1.0,0.09930486593843098,0.11,0.1,0.06951340615690169,0.28800000000000003,0.5833333333333334,0.37,0.2925,score_exclusive_discount
505066,4,0,4,1,0.0,0.25,0.375,Youth,At Risk,0.0,0.0,3.0,0.125,1.0,0.0,1.0,0.0,0.1,0.7,0.0,0.375,0.37,0.1175,score_free_cancellation
505172,4,2,4,1,0.5,0.25,0.625,Middle-age,At Risk,0.33,1.0,1.0,0.375,1.0,1.0,0.12755102040816327,0.3333333333333333,0.03333333333333333,0.08928571428571429,0.4666666666666667,0.625,0.3233333333333333,0.27249999999999996,score_exclusive_discount
505230,1,1,7,2,1.0,0.2857142857142857,0.8571428571428572,Middle-age,High Spenders,0.0,0.75,3.67,0.375,1.0,0.6666666666666666,0.09372071227741331,0.25,0.12233333333333334,0.06560449859418932,0.33333333333333337,0.8571428571428572,0.38563333333333333,0.29919999999999997,score_exclusive_discount
505285,5,2,3,2,0.4,0.6666666666666666,0.3666666666666667,Middle-age,High Spenders,0.0,0.75,3.5,0.5,1.0,1.0,0.10893246187363835,0.25,0.11666666666666667,0.07625272331154684,0.4,0.3666666666666667,0.38166666666666665,0.38499999999999995,score_free_checkedbag
505289,2,0,6,3,0.0,0.5,0.25,Middle-age,Low Spenders,0.0,0.33,1.0,0.375,1.0,1.0,0.10964912280701755,0.11,0.03333333333333333,0.07675438596491228,0.28800000000000003,0.25,0.3233333333333333,0.27249999999999996,score_free_meal
505358,2,1,6,2,0.5,0.3333333333333333,0.5833333333333334,Middle-age,High Spenders,0.0,0.22,3.0,0.375,1.0,1.0,0.11682242990654207,0.07333333333333333,0.1,0.08177570093457945,0.2586666666666667,0.5833333333333334,0.37,0.2925,score_exclusive_discount
505414,2,0,6,2,0.0,0.3333333333333333,0.33333333333333337,Middle-age,Medium Spenders,0.0,0.0,5.5,0.25,1.0,1.0,0.14285714285714285,0.0,0.18333333333333332,0.09999999999999999,0.2,0.33333333333333337,0.42833333333333334,0.22999999999999998,score_free_meal
505498,2,1,6,1,0.5,0.16666666666666666,0.6666666666666667,Middle-age,Low Spenders,0.0,1.5,1.0,0.25,0.5,1.0,0.11025358324145534,0.5,0.03333333333333333,0.07717750826901873,0.6000000000000001,0.6666666666666667,0.17333333333333334,0.185,score_exclusive_discount
505617,4,1,4,2,0.25,0.5,0.375,Middle-age,High Spenders,0.33,0.0,1.0,0.375,1.0,1.0,0.1111111111111111,0.0,0.03333333333333333,0.07777777777777777,0.2,0.375,0.3233333333333333,0.27249999999999996,score_exclusive_discount
505667,1,0,7,3,0.0,0.42857142857142855,0.2857142857142857,Middle-age,Medium Spenders,0.0,0.0,2.67,0.375,1.0,1.0,0.2040816326530612,0.0,0.089,0.14285714285714282,0.2,0.2857142857142857,0.36229999999999996,0.28919999999999996,score_free_meal
505713,1,1,7,3,1.0,0.42857142857142855,0.7857142857142857,Middle-age,Medium Spenders,0.0,0.38,2.0,0.5,0.75,1.0,0.11363636363636363,0.12666666666666668,0.06666666666666667,0.07954545454545454,0.30133333333333334,0.7857142857142857,0.2716666666666666,0.37,score_exclusive_discount
505747,3,0,5,2,0.0,0.4,0.3,Middle-age,High Spenders,0.0,1.0,2.5,0.25,1.0,1.0,0.11918951132300357,0.3333333333333333,0.08333333333333333,0.0834326579261025,0.4666666666666667,0.3,0.35833333333333334,0.19999999999999998,score_free_checkedbag
505771,2,0,7,5,0.0,0.7142857142857143,0.14285714285714285,Middle-age,High Spenders,0.0,0.4,1.0,0.5555555555555556,0.8,1.0,0.12360939431396786,0.13333333333333333,0.03333333333333333,0.08652657601977749,0.3066666666666667,0.14285714285714285,0.2633333333333333,0.3988888888888889,score_free_night_flight
505854,3,2,5,3,0.6666666666666666,0.6,0.5333333333333333,Middle-age,Champions,0.0,1.0,5.0,0.625,1.0,0.6,0.10351966873706003,0.3333333333333333,0.16666666666666666,0.07246376811594202,0.38666666666666666,0.5333333333333333,0.41666666666666663,0.4875,score_exclusive_discount
505916,3,2,5,3,0.6666666666666666,0.6,0.5333333333333333,Middle-age,Champions,0.0,0.75,10.6,0.625,1.0,0.8,0.13812154696132597,0.25,0.35333333333333333,0.09668508287292818,0.36000000000000004,0.5333333333333333,0.5473333333333333,0.5435,score_free_meal
505941,4,2,4,1,0.5,0.25,0.625,Middle-age,Low Spenders,0.0,0.5,2.67,0.375,1.0,0.6666666666666666,0.12019230769230768,0.16666666666666666,0.089,0.08413461538461538,0.26666666666666666,0.625,0.36229999999999996,0.28919999999999996,score_exclusive_discount
506013,3,2,5,2,0.6666666666666666,0.4,0.6333333333333333,Middle-age,High Spenders,0.0,0.75,1.5,0.5,1.0,1.0,0.14285714285714285,0.25,0.05,0.09999999999999999,0.4,0.6333333333333333,0.33499999999999996,0.365,score_exclusive_discount
506130,3,2,8,2,0.6666666666666666,0.25,0.7083333333333333,Middle-age,Champions,0.0,0.5,3.25,0.36363636363636365,1.0,1.0,0.1607717041800643,0.16666666666666666,0.10833333333333334,0.11254019292604502,0.33333333333333337,0.7083333333333333,0.37583333333333335,0.2870454545454545,score_exclusive_discount
506234,2,1,7,3,0.5,0.42857142857142855,0.5357142857142857,Middle-age,Medium Spenders,0.0,1.0,3.25,0.4444444444444444,0.75,0.75,0.11086474501108648,0.3333333333333333,0.10833333333333334,0.07760532150776053,0.4166666666666667,0.5357142857142857,0.3008333333333333,0.3436111111111111,score_exclusive_discount
506250,0,0,8,3,0.0,0.375,0.5,Middle-age,Low Spenders,0.0,0.67,1.67,0.375,1.0,1.0,0.11001100110011001,0.22333333333333336,0.05566666666666666,0.077007700770077,0.3786666666666667,0.5,0.33896666666666664,0.27919999999999995,score_exclusive_discount
506347,2,0,6,0,0.0,0.0,0.5,0,0,0.0,0.0,0.0,0.0,0.0,0.0,0.0,0.0,0.0,0.0,0.0,0.5,0.0,0.0,score_exclusive_discount
506427,2,1,6,4,0.5,0.6666666666666666,0.4166666666666667,Middle-age,High Spenders,0.0,1.0,2.8,0.625,0.8,0.8,0.11547344110854503,0.3333333333333333,0.09333333333333332,0.08083140877598152,0.4266666666666667,0.4166666666666667,0.30533333333333335,0.4655,score_free_night_flight
506611,1,0,7,4,0.0,0.5714285714285714,0.2142857142857143,Middle-age,Medium Spenders,0.0,0.0,3.5,0.5,1.0,0.25,0.09328358208955223,0.0,0.11666666666666667,0.06529850746268656,0.05,0.2142857142857143,0.38166666666666665,0.38499999999999995,score_free_night_flight
506652,3,0,5,3,0.0,0.6,0.2,Middle-age,Low Spenders,0.0,0.0,0.33,0.375,0.3333333333333333,1.0,0.12210012210012208,0.0,0.011000000000000001,0.08547008547008546,0.2,0.2,0.10769999999999999,0.2658,score_free_night_flight
506704,2,1,6,1,0.5,0.16666666666666666,0.6666666666666667,Middle-age,Low Spenders,0.0,1.0,1.5,0.25,0.5,1.0,0.12690355329949238,0.3333333333333333,0.05,0.08883248730964466,0.4666666666666667,0.6666666666666667,0.185,0.19,score_exclusive_discount
506777,4,1,4,0,0.25,0.0,0.625,Middle-age,Low Spenders,0.0,1.0,2.0,0.125,1.0,1.0,0.11918951132300357,0.3333333333333333,0.06666666666666667,0.0834326579261025,0.4666666666666667,0.625,0.3466666666666667,0.1075,score_exclusive_discount
506807,3,2,5,2,0.6666666666666666,0.4,0.6333333333333333,Middle-age,Medium Spenders,0.0,0.0,0.75,0.5,0.5,1.0,0.11764705882352941,0.0,0.025,0.08235294117647059,0.2,0.6333333333333333,0.16749999999999998,0.3575,score_exclusive_discount
506828,1,0,7,1,0.0,0.14285714285714285,0.4285714285714286,Middle-age,Low Spenders,0.0,1.0,4.0,0.125,1.0,1.0,0.08952551477170993,0.3333333333333333,0.13333333333333333,0.06266786034019695,0.4666666666666667,0.4285714285714286,0.3933333333333333,0.1275,score_free_checkedbag
506837,3,2,5,1,0.6666666666666666,0.2,0.7333333333333333,Middle-age,Champions,0.0,1.0,5.67,0.375,1.0,1.0,0.11025358324145534,0.3333333333333333,0.189,0.07717750826901873,0.4666666666666667,0.7333333333333333,0.4323,0.31919999999999993,score_exclusive_discount
506990,3,0,5,0,0.0,0.0,0.5,0,0,0.0,0.0,0.0,0.0,0.0,0.0,0.0,0.0,0.0,0.0,0.0,0.5,0.0,0.0,score_exclusive_discount
507036,0,0,8,2,0.0,0.25,0.5,Middle-age,Low Spenders,0.0,1.0,4.0,0.25,1.0,0.5,0.13440860215053763,0.3333333333333333,0.13333333333333333,0.09408602150537633,0.3666666666666667,0.5,0.3933333333333333,0.215,score_exclusive_discount
507133,2,0,6,3,0.0,0.5,0.25,Youth,Champions,0.0,0.75,3.33,0.375,1.0,0.6666666666666666,0.0945179584120983,0.25,0.111,0.0661625708884688,0.33333333333333337,0.25,0.3777,0.29579999999999995,score_free_meal
507273,1,1,7,3,1.0,0.42857142857142855,0.7857142857142857,Middle-age,Medium Spenders,0.0,0.5,1.25,0.5,0.75,1.0,0.13736263736263735,0.16666666666666666,0.041666666666666664,0.09615384615384613,0.33333333333333337,0.7857142857142857,0.25416666666666665,0.3625,score_exclusive_discount
507376,2,0,6,2,0.0,0.3333333333333333,0.33333333333333337,Middle-age,Low Spenders,0.0,1.0,4.0,0.25,1.0,0.5,0.13175230566534915,0.3333333333333333,0.13333333333333333,0.0922266139657444,0.3666666666666667,0.33333333333333337,0.3933333333333333,0.215,score_free_meal
507395,4,2,4,1,0.5,0.25,0.625,Middle-age,Low Spenders,0.33,0.5,2.0,0.375,1.0,1.0,0.1303780964797914,0.16666666666666666,0.06666666666666667,0.09126466753585398,0.33333333333333337,0.625,0.3466666666666667,0.2825,score_exclusive_discount
507431,4,1,4,3,0.25,0.75,0.25,Middle-age,Medium Spenders,0.0,0.67,3.5,0.5,1.0,0.75,0.11261261261261263,0.22333333333333336,0.11666666666666667,0.07882882882882883,0.3286666666666667,0.25,0.38166666666666665,0.38499999999999995,score_free_night_flight
507435,0,0,8,4,0.0,0.5,0.5,Middle-age,High Spenders,0.0,0.5,2.5,0.5,1.0,1.0,0.1314060446780552,0.16666666666666666,0.08333333333333333,0.09198423127463863,0.33333333333333337,0.5,0.35833333333333334,0.375,score_exclusive_discount
507505,1,0,8,2,0.0,0.25,0.375,Middle-age,Champions,0.0,1.0,6.5,0.2222222222222222,1.0,1.0,0.12004801920768307,0.3333333333333333,0.21666666666666667,0.08403361344537814,0.4666666666666667,0.375,0.45166666666666666,0.22055555555555553,score_free_checkedbag
507513,2,0,10,0,0.0,0.0,0.5,0,0,0.0,0.0,0.0,0.0,0.0,0.0,0.0,0.0,0.0,0.0,0.0,0.5,0.0,0.0,score_exclusive_discount
507531,3,0,5,1,0.0,0.2,0.4,Youth,Low Spenders,0.0,0.0,13.0,0.125,1.0,0.0,1.0,0.0,0.43333333333333335,0.7,0.0,0.4,0.6033333333333333,0.2175,score_free_cancellation
507557,3,1,5,1,0.3333333333333333,0.2,0.5666666666666667,Middle-age,At Risk,0.0,1.0,4.0,0.25,1.0,0.5,0.09025270758122744,0.3333333333333333,0.13333333333333333,0.0631768953068592,0.3666666666666667,0.5666666666666667,0.3933333333333333,0.215,score_exclusive_discount
507617,3,1,6,1,0.3333333333333333,0.16666666666666666,0.5833333333333334,Middle-age,Medium Spenders,0.0,0.75,2.0,0.2222222222222222,1.0,1.0,0.16750418760469013,0.25,0.06666666666666667,0.11725293132328309,0.4,0.5833333333333334,0.3466666666666667,0.17555555555555552,score_exclusive_discount
507728,2,0,6,2,0.0,0.3333333333333333,0.33333333333333337,Middle-age,Low Spenders,0.0,0.0,2.5,0.25,1.0,1.0,0.1264222503160556,0.0,0.08333333333333333,0.08849557522123892,0.2,0.33333333333333337,0.35833333333333334,0.19999999999999998,score_free_meal
507732,3,3,5,3,1.0,0.6,0.7,Middle-age,High Spenders,0.17,0.0,4.0,0.75,1.0,0.6666666666666666,0.0947867298578199,0.0,0.13333333333333333,0.06635071090047392,0.13333333333333333,0.7,0.3933333333333333,0.565,score_exclusive_discount
507753,3,0,5,1,0.0,0.2,0.4,Youth,Medium Spenders,0.0,1.0,8.0,0.125,1.0,1.0,0.1545595054095827,0.3333333333333333,0.26666666666666666,0.10819165378670788,0.4666666666666667,0.4,0.48666666666666664,0.16749999999999998,score_free_meal
507759,3,2,5,1,0.6666666666666666,0.2,0.7333333333333333,Middle-age,Low Spenders,0.0,0.67,2.67,0.375,1.0,1.0,0.10416666666666667,0.22333333333333336,0.089,0.07291666666666667,0.3786666666666667,0.7333333333333333,0.36229999999999996,0.28919999999999996,score_exclusive_discount
507773,0,0,8,3,0.0,0.375,0.5,Middle-age,Medium Spenders,0.0,0.5,2.67,0.375,1.0,0.6666666666666666,0.14992503748125938,0.16666666666666666,0.089,0.10494752623688156,0.26666666666666666,0.5,0.36229999999999996,0.28919999999999996,score_exclusive_discount
507805,2,2,6,4,1.0,0.6666666666666666,0.6666666666666667,Middle-age,Champions,0.17,0.38,6.0,0.75,1.0,1.0,0.1,0.12666666666666668,0.2,0.06999999999999999,0.30133333333333334,0.6666666666666667,0.43999999999999995,0.585,score_exclusive_discount
508050,4,2,4,2,0.5,0.5,0.5,Middle-age,Champions,0.0,0.62,8.0,0.5,0.75,1.0,0.14619883040935672,0.20666666666666667,0.26666666666666666,0.1023391812865497,0.36533333333333334,0.5,0.4116666666666666,0.43,score_exclusive_discount
508096,1,1,8,2,1.0,0.25,0.875,Elderly,Low Spenders,0.0,0.5,2.33,0.3333333333333333,1.0,0.6666666666666666,0.15015015015015015,0.16666666666666666,0.07766666666666668,0.1051051051051051,0.26666666666666666,0.875,0.35436666666666666,0.2566333333333333,score_exclusive_discount
508111,3,1,5,0,0.3333333333333333,0.0,0.6666666666666666,0,0,0.0,0.0,0.0,0.0,0.0,0.0,0.0,0.0,0.0,0.0,0.0,0.6666666666666666,0.0,0.0,score_exclusive_discount
508153,3,1,5,1,0.3333333333333333,0.2,0.5666666666666667,Middle-age,Champions,0.0,0.5,1.0,0.25,1.0,1.0,0.10952902519167579,0.16666666666666666,0.03333333333333333,0.07667031763417305,0.33333333333333337,0.5666666666666667,0.3233333333333333,0.185,score_exclusive_discount
508367,4,2,5,2,0.5,0.4,0.55,Middle-age,Medium Spenders,0.0,0.25,1.25,0.4444444444444444,0.75,1.0,0.11961722488038279,0.08333333333333333,0.041666666666666664,0.08373205741626795,0.26666666666666666,0.55,0.25416666666666665,0.32361111111111107,score_exclusive_discount
508497,0,0,8,2,0.0,0.25,0.5,Middle-age,Medium Spenders,0.0,0.0,6.0,0.25,1.0,0.5,0.09560229445506692,0.0,0.2,0.06692160611854683,0.1,0.5,0.43999999999999995,0.235,score_exclusive_discount
508512,2,0,6,1,0.0,0.16666666666666666,0.4166666666666667,Elderly,Low Spenders,0.0,0.0,4.0,0.125,1.0,0.0,1.0,0.0,0.13333333333333333,0.7,0.0,0.4166666666666667,0.3933333333333333,0.1275,score_free_cancellation
508546,1,0,7,3,0.0,0.42857142857142855,0.2857142857142857,Middle-age,Low Spenders,0.0,0.67,1.33,0.375,0.6666666666666666,1.0,0.10256410256410256,0.22333333333333336,0.044333333333333336,0.07179487179487179,0.3786666666666667,0.2857142857142857,0.2310333333333333,0.27579999999999993,score_free_checkedbag
508611,4,0,4,0,0.0,0.0,0.5,0,0,0.0,0.0,0.0,0.0,0.0,0.0,0.0,0.0,0.0,0.0,0.0,0.5,0.0,0.0,score_exclusive_discount
508625,2,1,6,4,0.5,0.6666666666666666,0.4166666666666667,Middle-age,Champions,0.2,0.75,5.67,0.625,0.8,0.8,0.15772870662460567,0.25,0.189,0.11041009463722395,0.36000000000000004,0.4166666666666667,0.37229999999999996,0.4942,score_free_night_flight
508693,3,2,5,1,0.6666666666666666,0.2,0.7333333333333333,Middle-age,High Spenders,0.0,0.5,3.0,0.375,1.0,0.6666666666666666,0.09523809523809523,0.16666666666666666,0.1,0.06666666666666665,0.26666666666666666,0.7333333333333333,0.37,0.2925,score_exclusive_discount
508713,2,1,6,0,0.5,0.0,0.75,Youth,At Risk,0.0,2.0,2.0,0.125,1.0,1.0,0.09328358208955223,0.6666666666666666,0.06666666666666667,0.06529850746268656,0.7333333333333334,0.75,0.3466666666666667,0.1075,score_exclusive_discount
508731,3,1,5,3,0.3333333333333333,0.6,0.3666666666666667,Middle-age,Champions,0.0,1.33,7.75,0.5,1.0,0.75,0.13812154696132597,0.44333333333333336,0.25833333333333336,0.09668508287292818,0.5046666666666667,0.3666666666666667,0.48083333333333333,0.4275,score_free_checkedbag
508877,2,1,6,4,0.5,0.6666666666666666,0.4166666666666667,Middle-age,Champions,0.0,0.8,2.6,0.625,0.8,1.0,0.11990407673860912,0.26666666666666666,0.08666666666666667,0.08393285371702637,0.41333333333333333,0.4166666666666667,0.30066666666666664,0.4635,score_free_night_flight
508940,2,1,6,3,0.5,0.5,0.5,Middle-age,High Spenders,0.0,0.0,3.75,0.5,1.0,1.0,0.10526315789473684,0.0,0.125,0.07368421052631578,0.2,0.5,0.38749999999999996,0.38749999999999996,score_exclusive_discount
508973,3,0,5,2,0.0,0.4,0.3,Middle-age,Medium Spenders,0.0,1.5,2.0,0.25,1.0,1.0,0.10427528675703858,0.5,0.06666666666666667,0.072992700729927,0.6000000000000001,0.3,0.3466666666666667,0.19499999999999998,score_free_checkedbag
509098,3,2,5,0,0.6666666666666666,0.0,0.8333333333333333,Middle-age,High Spenders,0.0,0.5,3.0,0.25,0.5,1.0,0.13351134846461948,0.16666666666666666,0.1,0.09345794392523363,0.33333333333333337,0.8333333333333333,0.21999999999999997,0.205,score_exclusive_discount
509162,2,1,6,0,0.5,0.0,0.75,Middle-age,Low Spenders,0.0,0.0,12.0,0.125,1.0,0.0,1.0,0.0,0.4,0.7,0.0,0.75,0.58,0.2075,score_exclusive_discount
509221,1,1,7,2,1.0,0.2857142857142857,0.8571428571428572,Middle-age,Medium Spenders,0.0,1.0,3.33,0.375,1.0,0.6666666666666666,0.111731843575419,0.3333333333333333,0.111,0.0782122905027933,0.4,0.8571428571428572,0.3777,0.29579999999999995,score_exclusive_discount
509282,2,1,6,2,0.5,0.3333333333333333,0.5833333333333334,Middle-age,Medium Spenders,0.0,1.0,4.67,0.375,1.0,0.6666666666666666,0.08058017727639001,0.3333333333333333,0.15566666666666668,0.056406124093473,0.4,0.5833333333333334,0.40896666666666665,0.3092,score_exclusive_discount
509302,5,0,3,1,0.0,0.3333333333333333,0.33333333333333337,Middle-age,At Risk,0.0,1.0,1.0,0.125,1.0,1.0,0.1733102253032929,0.3333333333333333,0.03333333333333333,0.12131715771230503,0.4666666666666667,0.33333333333333337,0.3233333333333333,0.09749999999999999,score_free_checkedbag
509324,3,1,5,2,0.3333333333333333,0.4,0.4666666666666667,Middle-age,High Spenders,0.0,0.67,1.33,0.375,0.6666666666666666,1.0,0.12690355329949238,0.22333333333333336,0.044333333333333336,0.08883248730964466,0.3786666666666667,0.4666666666666667,0.2310333333333333,0.27579999999999993,score_exclusive_discount
509353,3,0,5,0,0.0,0.0,0.5,0,0,0.0,0.0,0.0,0.0,0.0,0.0,0.0,0.0,0.0,0.0,0.0,0.5,0.0,0.0,score_exclusive_discount
509421,4,3,4,2,0.75,0.5,0.625,Middle-age,Low Spenders,0.2,0.5,3.33,0.625,0.8,0.8,0.10952902519167579,0.16666666666666666,0.111,0.07667031763417305,0.29333333333333333,0.625,0.3177,0.4708,score_exclusive_discount
509515,1,1,7,1,1.0,0.14285714285714285,0.9285714285714286,Middle-age,High Spenders,0.0,1.0,6.0,0.25,1.0,0.5,0.1322751322751323,0.3333333333333333,0.2,0.0925925925925926,0.3666666666666667,0.9285714285714286,0.43999999999999995,0.235,score_exclusive_discount
509516,3,1,5,2,0.3333333333333333,0.4,0.4666666666666667,Middle-age,High Spenders,0.0,0.5,1.33,0.375,1.0,0.6666666666666666,0.11389521640091115,0.16666666666666666,0.044333333333333336,0.0797266514806378,0.26666666666666666,0.4666666666666667,0.33103333333333335,0.27579999999999993,score_exclusive_discount
509765,1,0,7,3,0.0,0.42857142857142855,0.2857142857142857,Middle-age,Medium Spenders,0.0,0.33,1.67,0.375,1.0,1.0,0.10775862068965518,0.11,0.05566666666666666,0.07543103448275862,0.28800000000000003,0.2857142857142857,0.33896666666666664,0.27919999999999995,score_free_meal
509781,1,0,7,2,0.0,0.2857142857142857,0.35714285714285715,Elderly,Medium Spenders,0.0,1.0,4.5,0.25,0.5,0.5,0.003236874474007898,0.3333333333333333,0.15,0.002265812131805528,0.3666666666666667,0.35714285714285715,0.255,0.21999999999999997,score_free_checkedbag
509826,5,0,3,1,0.0,0.3333333333333333,0.33333333333333337,Elderly,At Risk,0.0,0.0,4.0,0.125,1.0,1.0,0.078003120124805,0.0,0.13333333333333333,0.054602184087363496,0.2,0.33333333333333337,0.3933333333333333,0.1275,score_free_meal
509924,3,0,5,0,0.0,0.0,0.5,0,0,0.0,0.0,0.0,0.0,0.0,0.0,0.0,0.0,0.0,0.0,0.0,0.5,0.0,0.0,score_exclusive_discount
509969,4,1,5,0,0.25,0.0,0.625,Elderly,At Risk,0.0,0.0,6.0,0.1111111111111111,1.0,0.0,1.0,0.0,0.2,0.7,0.0,0.625,0.43999999999999995,0.13777777777777778,score_free_cancellation
510067,2,1,6,2,0.5,0.3333333333333333,0.5833333333333334,Middle-age,High Spenders,0.0,0.0,3.67,0.375,1.0,0.6666666666666666,0.1044932079414838,0.0,0.12233333333333334,0.07314524555903866,0.13333333333333333,0.5833333333333334,0.38563333333333333,0.29919999999999997,score_exclusive_discount
510078,2,1,7,3,0.5,0.42857142857142855,0.5357142857142857,Middle-age,Low Spenders,0.25,0.0,2.0,0.4444444444444444,1.0,1.0,0.08417508417508417,0.0,0.06666666666666667,0.05892255892255891,0.2,0.5357142857142857,0.3466666666666667,0.3311111111111111,score_exclusive_discount
510079,0,0,8,1,0.0,0.125,0.5,Middle-age,At Risk,0.0,0.0,1.0,0.125,1.0,1.0,0.13089005235602094,0.0,0.03333333333333333,0.09162303664921466,0.2,0.5,0.3233333333333333,0.09749999999999999,score_exclusive_discount
510108,1,1,7,2,1.0,0.2857142857142857,0.8571428571428572,Middle-age,Medium Spenders,0.33,0.75,3.5,0.375,0.6666666666666666,1.0,0.007627765064836004,0.25,0.11666666666666667,0.005339435545385202,0.4,0.8571428571428572,0.2816666666666666,0.29749999999999993,score_exclusive_discount
510188,3,2,7,5,0.6666666666666666,0.7142857142857143,0.47619047619047616,Middle-age,Low Spenders,0.29,0.5,1.33,0.7,1.0,0.7142857142857143,0.1072961373390558,0.16666666666666666,0.044333333333333336,0.07510729613733905,0.2761904761904762,0.47619047619047616,0.33103333333333335,0.5033,score_free_night_flight
510198,3,1,5,1,0.3333333333333333,0.2,0.5666666666666667,Middle-age,Low Spenders,0.0,0.5,1.5,0.25,1.0,1.0,0.09852216748768472,0.16666666666666666,0.05,0.0689655172413793,0.33333333333333337,0.5666666666666667,0.33499999999999996,0.19,score_exclusive_discount
510215,2,1,6,2,0.5,0.3333333333333333,0.5833333333333334,Middle-age,Medium Spenders,0.0,1.0,9.0,0.375,1.0,0.3333333333333333,0.1360544217687075,0.3333333333333333,0.3,0.09523809523809525,0.3333333333333333,0.5833333333333334,0.51,0.3524999999999999,score_exclusive_discount
510343,2,2,6,4,1.0,0.6666666666666666,0.6666666666666667,Middle-age,High Spenders,0.17,0.62,2.25,0.75,1.0,1.0,0.10940919037199125,0.20666666666666667,0.075,0.07658643326039387,0.36533333333333334,0.6666666666666667,0.3525,0.5474999999999999,score_exclusive_discount
510418,2,0,6,0,0.0,0.0,0.5,0,0,0.0,0.0,0.0,0.0,0.0,0.0,0.0,0.0,0.0,0.0,0.0,0.5,0.0,0.0,score_exclusive_discount
510449,2,1,6,2,0.5,0.3333333333333333,0.5833333333333334,Middle-age,Low Spenders,0.0,0.67,1.33,0.375,1.0,1.0,0.09082652134423251,0.22333333333333336,0.044333333333333336,0.06357856494096276,0.3786666666666667,0.5833333333333334,0.33103333333333335,0.27579999999999993,score_exclusive_discount
510494,1,1,7,3,1.0,0.42857142857142855,0.7857142857142857,Middle-age,Medium Spenders,0.0,0.25,2.0,0.5,1.0,1.0,0.1004016064257028,0.08333333333333333,0.06666666666666667,0.07028112449799195,0.26666666666666666,0.7857142857142857,0.3466666666666667,0.37,score_exclusive_discount
510537,3,1,6,4,0.3333333333333333,0.6666666666666666,0.33333333333333337,Middle-age,Champions,0.0,0.75,4.2,0.5555555555555556,0.8,0.8,0.015862944162436547,0.25,0.14,0.011104060913705582,0.36000000000000004,0.33333333333333337,0.33799999999999997,0.4308888888888889,score_free_night_flight
510558,3,2,5,1,0.6666666666666666,0.2,0.7333333333333333,Youth,At Risk,0.33,1.0,1.0,0.375,0.6666666666666666,1.0,0.1019367991845056,0.3333333333333333,0.03333333333333333,0.07135575942915391,0.4666666666666667,0.7333333333333333,0.22333333333333333,0.27249999999999996,score_exclusive_discount
510570,3,1,5,3,0.3333333333333333,0.6,0.3666666666666667,Middle-age,Champions,0.0,0.5,5.5,0.5,1.0,0.5,0.17094017094017094,0.16666666666666666,0.18333333333333332,0.11965811965811965,0.23333333333333334,0.3666666666666667,0.42833333333333334,0.40499999999999997,score_free_meal
510676,2,0,6,3,0.0,0.5,0.25,Middle-age,Low Spenders,0.0,0.33,1.33,0.375,1.0,1.0,0.09372071227741331,0.11,0.044333333333333336,0.06560449859418932,0.28800000000000003,0.25,0.33103333333333335,0.27579999999999993,score_free_meal
510686,3,1,5,2,0.3333333333333333,0.4,0.4666666666666667,Middle-age,Champions,0.0,0.0,2.67,0.375,1.0,0.6666666666666666,0.10351966873706003,0.0,0.089,0.07246376811594202,0.13333333333333333,0.4666666666666667,0.36229999999999996,0.28919999999999996,score_exclusive_discount
510694,2,2,7,3,1.0,0.42857142857142855,0.7857142857142857,Middle-age,Medium Spenders,0.2,0.67,2.33,0.5555555555555556,1.0,1.0,0.11061946902654868,0.22333333333333336,0.07766666666666668,0.07743362831858407,0.3786666666666667,0.7857142857142857,0.35436666666666666,0.4121888888888889,score_exclusive_discount
510700,4,3,5,2,0.75,0.4,0.675,Middle-age,Champions,0.2,0.5,4.0,0.5555555555555556,1.0,0.8,0.08257638315441784,0.16666666666666666,0.13333333333333333,0.057803468208092484,0.29333333333333333,0.675,0.3933333333333333,0.4288888888888889,score_exclusive_discount
510707,2,0,6,2,0.0,0.3333333333333333,0.33333333333333337,Middle-age,Low Spenders,0.0,0.75,1.0,0.25,0.5,1.0,0.11337868480725623,0.25,0.03333333333333333,0.07936507936507936,0.4,0.33333333333333337,0.17333333333333334,0.185,score_free_checkedbag
510719,3,0,6,1,0.0,0.16666666666666666,0.4166666666666667,Middle-age,Medium Spenders,0.0,0.0,20.0,0.1111111111111111,1.0,0.0,1.0,0.0,0.6666666666666666,0.7,0.0,0.4166666666666667,0.7666666666666666,0.27777777777777773,score_free_meal
510733,3,1,5,1,0.3333333333333333,0.2,0.5666666666666667,Middle-age,Low Spenders,0.0,1.0,1.0,0.25,0.5,1.0,0.13123359580052493,0.3333333333333333,0.03333333333333333,0.09186351706036745,0.4666666666666667,0.5666666666666667,0.17333333333333334,0.185,score_exclusive_discount
510754,3,2,5,3,0.6666666666666666,0.6,0.5333333333333333,Middle-age,Medium Spenders,0.0,0.25,2.2,0.625,1.0,0.8,0.1234567901234568,0.08333333333333333,0.07333333333333333,0.08641975308641975,0.22666666666666668,0.5333333333333333,0.35133333333333333,0.4595,score_exclusive_discount
510779,0,0,8,4,0.0,0.5,0.5,Middle-age,Champions,0.0,0.5,1.75,0.5,1.0,0.75,0.09389671361502347,0.16666666666666666,0.058333333333333334,0.06572769953051642,0.2833333333333333,0.5,0.3408333333333333,0.3675,score_exclusive_discount
510805,2,0,6,2,0.0,0.3333333333333333,0.33333333333333337,Elderly,Low Spenders,0.0,2.0,5.0,0.25,1.0,0.5,0.15360983102918588,0.6666666666666666,0.16666666666666666,0.10752688172043011,0.6333333333333333,0.33333333333333337,0.41666666666666663,0.22499999999999998,score_free_checkedbag
510815,2,1,7,3,0.5,0.42857142857142855,0.5357142857142857,Middle-age,Champions,0.0,0.25,5.0,0.4444444444444444,1.0,1.0,0.12330456226880396,0.08333333333333333,0.16666666666666666,0.08631319358816276,0.26666666666666666,0.5357142857142857,0.41666666666666663,0.36111111111111105,score_exclusive_discount
510822,7,4,2,0,0.5714285714285714,0.0,0.7857142857142857,Middle-age,Champions,0.0,0.33,4.5,0.4444444444444444,0.75,0.75,0.16977928692699493,0.11,0.15,0.11884550084889645,0.23800000000000004,0.7857142857142857,0.32999999999999996,0.35611111111111104,score_exclusive_discount
510828,2,0,7,0,0.0,0.0,0.5,0,0,0.0,0.0,0.0,0.0,0.0,0.0,0.0,0.0,0.0,0.0,0.0,0.5,0.0,0.0,score_exclusive_discount
510836,1,0,7,5,0.0,0.7142857142857143,0.14285714285714285,Middle-age,Medium Spenders,0.0,0.6,1.6,0.625,1.0,1.0,0.11792452830188678,0.19999999999999998,0.05333333333333334,0.08254716981132074,0.36,0.14285714285714285,0.3373333333333333,0.4535,score_free_night_flight
510841,2,2,8,7,1.0,0.875,0.5625,Middle-age,Champions,0.11,0.29,2.43,0.9,1.0,1.0,0.10660980810234541,0.09666666666666666,0.081,0.07462686567164178,0.2773333333333333,0.5625,0.3567,0.6543,score_free_night_flight
510890,2,1,7,4,0.5,0.5714285714285714,0.4642857142857143,Middle-age,Medium Spenders,0.0,1.0,2.2,0.5555555555555556,0.6,0.8,0.10660980810234541,0.3333333333333333,0.07333333333333333,0.07462686567164178,0.4266666666666667,0.4642857142857143,0.23133333333333334,0.4108888888888889,score_exclusive_discount
510899,3,0,7,2,0.0,0.2857142857142857,0.35714285714285715,Middle-age,Low Spenders,0.0,0.5,3.0,0.2,1.0,1.0,0.11086474501108648,0.16666666666666666,0.1,0.07760532150776053,0.33333333333333337,0.35714285714285715,0.37,0.16999999999999998,score_free_meal
510944,4,2,4,4,0.5,1.0,0.25,Middle-age,High Spenders,0.0,0.39,0.5,0.75,0.5,1.0,0.10718113612004287,0.13,0.016666666666666666,0.07502679528403,0.30400000000000005,0.25,0.16166666666666665,0.5299999999999999,score_free_night_flight
510946,4,0,4,3,0.0,0.75,0.125,Middle-age,Champions,0.0,0.67,5.33,0.375,1.0,1.0,0.1006036217303823,0.22333333333333336,0.17766666666666667,0.07042253521126761,0.3786666666666667,0.125,0.42436666666666667,0.31579999999999997,score_free_meal
510953,2,1,6,1,0.5,0.16666666666666666,0.6666666666666667,Middle-age,Medium Spenders,0.0,0.0,0.5,0.25,0.5,1.0,0.11312217194570136,0.0,0.016666666666666666,0.07918552036199095,0.2,0.6666666666666667,0.16166666666666665,0.18,score_exclusive_discount
510960,1,0,7,3,0.0,0.42857142857142855,0.2857142857142857,Middle-age,Low Spenders,0.0,0.33,1.33,0.375,0.6666666666666666,1.0,0.11641443538998836,0.11,0.044333333333333336,0.08149010477299184,0.28800000000000003,0.2857142857142857,0.2310333333333333,0.27579999999999993,score_free_checkedbag
510961,3,2,5,2,0.6666666666666666,0.4,0.6333333333333333,Middle-age,High Spenders,0.0,0.67,3.25,0.5,1.0,0.75,0.15552099533437014,0.22333333333333336,0.10833333333333334,0.10886469673405909,0.3286666666666667,0.6333333333333333,0.37583333333333335,0.38249999999999995,score_exclusive_discount
510972,2,1,6,2,0.5,0.3333333333333333,0.5833333333333334,Middle-age,High Spenders,0.0,0.5,2.0,0.375,1.0,1.0,0.1006036217303823,0.16666666666666666,0.06666666666666667,0.07042253521126761,0.33333333333333337,0.5833333333333334,0.3466666666666667,0.2825,score_exclusive_discount
511017,2,0,6,1,0.0,0.16666666666666666,0.4166666666666667,Middle-age,At Risk,0.0,1.0,1.0,0.125,1.0,1.0,0.1347708894878706,0.3333333333333333,0.03333333333333333,0.09433962264150943,0.4666666666666667,0.4166666666666667,0.3233333333333333,0.09749999999999999,score_free_checkedbag
511055,2,1,6,1,0.5,0.16666666666666666,0.6666666666666667,Middle-age,Low Spenders,0.0,0.5,1.5,0.25,1.0,1.0,0.10373443983402489,0.16666666666666666,0.05,0.07261410788381742,0.33333333333333337,0.6666666666666667,0.33499999999999996,0.19,score_exclusive_discount
511066,1,1,7,2,1.0,0.2857142857142857,0.8571428571428572,Middle-age,Medium Spenders,0.0,0.0,2.0,0.375,1.0,1.0,0.13440860215053763,0.0,0.06666666666666667,0.09408602150537633,0.2,0.8571428571428572,0.3466666666666667,0.2825,score_exclusive_discount
511093,3,2,5,1,0.6666666666666666,0.2,0.7333333333333333,Middle-age,Low Spenders,0.0,0.0,3.0,0.375,1.0,0.6666666666666666,0.14792899408284024,0.0,0.1,0.10355029585798817,0.13333333333333333,0.7333333333333333,0.37,0.2925,score_exclusive_discount
511122,3,1,5,1,0.3333333333333333,0.2,0.5666666666666667,Middle-age,Low Spenders,0.0,0.0,2.0,0.25,1.0,1.0,0.08779631255487269,0.0,0.06666666666666667,0.06145741878841088,0.2,0.5666666666666667,0.3466666666666667,0.19499999999999998,score_exclusive_discount
511125,6,3,2,0,0.5,0.0,0.75,Middle-age,Low Spenders,0.0,1.0,2.33,0.375,1.0,1.0,0.1152073732718894,0.3333333333333333,0.07766666666666668,0.08064516129032258,0.4666666666666667,0.75,0.35436666666666666,0.28579999999999994,score_exclusive_discount
511126,3,2,6,3,0.6666666666666666,0.5,0.5833333333333333,Middle-age,Champions,0.0,0.67,4.0,0.5555555555555556,1.0,0.6,0.09615384615384615,0.22333333333333336,0.13333333333333333,0.06730769230769229,0.2986666666666667,0.5833333333333333,0.3933333333333333,0.4288888888888889,score_exclusive_discount
511140,2,2,6,1,1.0,0.16666666666666666,0.9166666666666667,Middle-age,Champions,0.0,0.0,10.67,0.375,0.6666666666666666,0.6666666666666666,0.14124293785310735,0.0,0.3556666666666667,0.09887005649717513,0.13333333333333333,0.9166666666666667,0.4489666666666666,0.3692,score_exclusive_discount
511142,2,0,6,3,0.0,0.5,0.25,Middle-age,High Spenders,0.0,1.17,4.33,0.375,1.0,1.0,0.1447178002894356,0.38999999999999996,0.14433333333333334,0.10130246020260492,0.512,0.25,0.40103333333333335,0.30579999999999996,score_free_checkedbag
511145,4,2,4,1,0.5,0.25,0.625,Middle-age,High Spenders,0.0,1.0,6.33,0.375,1.0,0.3333333333333333,0.1680672268907563,0.3333333333333333,0.211,0.1176470588235294,0.3333333333333333,0.625,0.4477,0.3258,score_exclusive_discount
511148,4,2,4,1,0.5,0.25,0.625,Middle-age,Medium Spenders,0.0,0.0,4.67,0.375,1.0,0.6666666666666666,0.16233766233766234,0.0,0.15566666666666668,0.11363636363636363,0.13333333333333333,0.625,0.40896666666666665,0.3092,score_exclusive_discount
511160,2,0,6,3,0.0,0.5,0.25,Middle-age,Low Spenders,0.0,0.0,2.0,0.375,0.6666666666666666,1.0,0.10834236186348863,0.0,0.06666666666666667,0.07583965330444203,0.2,0.25,0.24666666666666665,0.2825,score_free_night_flight
511178,2,2,6,2,1.0,0.3333333333333333,0.8333333333333334,Middle-age,Medium Spenders,0.0,0.67,2.25,0.5,1.0,0.75,0.11723329425556857,0.22333333333333336,0.075,0.082063305978898,0.3286666666666667,0.8333333333333334,0.3525,0.3725,score_exclusive_discount
511195,1,0,7,2,0.0,0.2857142857142857,0.35714285714285715,Middle-age,Medium Spenders,0.0,1.0,3.5,0.25,1.0,0.5,0.2066115702479339,0.3333333333333333,0.11666666666666667,0.1446280991735537,0.3666666666666667,0.35714285714285715,0.38166666666666665,0.21,score_free_meal
511208,4,1,4,2,0.25,0.5,0.375,Middle-age,Champions,0.0,1.17,6.33,0.375,1.0,1.0,0.12547051442910917,0.38999999999999996,0.211,0.08782936010037641,0.512,0.375,0.4477,0.3258,score_free_checkedbag
511219,1,1,7,0,1.0,0.0,1.0,Youth,At Risk,0.0,0.0,2.0,0.125,1.0,0.0,1.0,0.0,0.06666666666666667,0.7,0.0,1.0,0.3466666666666667,0.1075,score_exclusive_discount
511223,4,2,6,3,0.5,0.5,0.5,Middle-age,Low Spenders,0.2,1.33,2.0,0.5,0.8,1.0,0.14992503748125938,0.44333333333333336,0.06666666666666667,0.10494752623688156,0.5546666666666666,0.5,0.2866666666666666,0.37,score_free_checkedbag
511238,2,0,6,0,0.0,0.0,0.5,0,0,0.0,0.0,0.0,0.0,0.0,0.0,0.0,0.0,0.0,0.0,0.0,0.5,0.0,0.0,score_exclusive_discount
511260,1,0,7,2,0.0,0.2857142857142857,0.35714285714285715,Middle-age,High Spenders,0.0,1.0,5.5,0.25,1.0,0.5,0.117096018735363,0.3333333333333333,0.18333333333333332,0.08196721311475409,0.3666666666666667,0.35714285714285715,0.42833333333333334,0.22999999999999998,score_free_meal
511298,2,1,6,3,0.5,0.5,0.5,Middle-age,Medium Spenders,0.0,1.0,4.25,0.5,1.0,0.75,0.10845986984815617,0.3333333333333333,0.14166666666666666,0.07592190889370931,0.4166666666666667,0.5,0.39916666666666667,0.39249999999999996,score_exclusive_discount
511314,0,0,9,3,0.0,0.3333333333333333,0.5,Youth,Champions,0.0,0.25,5.33,0.3333333333333333,1.0,0.6666666666666666,0.00969555943377933,0.08333333333333333,0.17766666666666667,0.00678689160364553,0.2,0.5,0.42436666666666667,0.2866333333333333,score_exclusive_discount
511326,2,1,6,2,0.5,0.3333333333333333,0.5833333333333334,Middle-age,Medium Spenders,0.0,0.67,3.0,0.375,1.0,1.0,0.10787486515641856,0.22333333333333336,0.1,0.07551240560949299,0.3786666666666667,0.5833333333333334,0.37,0.2925,score_exclusive_discount
511328,1,1,7,1,1.0,0.14285714285714285,0.9285714285714286,Middle-age,Low Spenders,0.0,0.0,6.5,0.25,1.0,0.5,0.13908205841446453,0.0,0.21666666666666667,0.09735744089012516,0.1,0.9285714285714286,0.45166666666666666,0.24,score_exclusive_discount
511331,4,3,5,5,0.75,1.0,0.375,Middle-age,Champions,0.12,0.42,1.0,0.8888888888888888,0.75,1.0,0.1251564455569462,0.13999999999999999,0.03333333333333333,0.08760951188986232,0.312,0.375,0.2483333333333333,0.6322222222222221,score_free_night_flight
511364,2,0,6,3,0.0,0.5,0.25,Middle-age,Medium Spenders,0.0,0.67,1.67,0.375,1.0,1.0,0.11600928074245938,0.22333333333333336,0.05566666666666666,0.08120649651972156,0.3786666666666667,0.25,0.33896666666666664,0.27919999999999995,score_free_checkedbag
511377,2,1,6,1,0.5,0.16666666666666666,0.6666666666666667,Elderly,High Spenders,0.0,0.0,4.0,0.25,1.0,0.0,1.0,0.0,0.13333333333333333,0.7,0.0,0.6666666666666667,0.3933333333333333,0.215,score_free_cancellation
511379,2,1,7,2,0.5,0.2857142857142857,0.6071428571428572,Middle-age,Low Spenders,0.0,1.0,2.33,0.3333333333333333,1.0,1.0,0.15384615384615385,0.3333333333333333,0.07766666666666668,0.1076923076923077,0.4666666666666667,0.6071428571428572,0.35436666666666666,0.2566333333333333,score_exclusive_discount
511397,3,1,6,4,0.3333333333333333,0.6666666666666666,0.33333333333333337,Middle-age,Champions,0.0,0.2,2.2,0.5555555555555556,1.0,1.0,0.13793103448275862,0.06666666666666667,0.07333333333333333,0.09655172413793103,0.25333333333333335,0.33333333333333337,0.35133333333333333,0.4108888888888889,score_free_night_flight
511398,2,2,6,3,1.0,0.5,0.75,Middle-age,Champions,0.0,0.6,4.2,0.625,1.0,1.0,0.0876424189307625,0.19999999999999998,0.14,0.06134969325153374,0.36,0.75,0.398,0.4795,score_exclusive_discount
511399,2,0,7,2,0.0,0.2857142857142857,0.35714285714285715,Middle-age,Low Spenders,0.0,0.5,3.0,0.2222222222222222,0.5,1.0,0.10976948408342481,0.16666666666666666,0.1,0.07683863885839737,0.33333333333333337,0.35714285714285715,0.21999999999999997,0.18555555555555553,score_exclusive_discount
511418,2,2,6,0,1.0,0.0,1.0,Middle-age,Low Spenders,0.0,0.5,2.0,0.25,0.5,1.0,0.09337068160597571,0.16666666666666666,0.06666666666666667,0.065359477124183,0.33333333333333337,1.0,0.19666666666666666,0.19499999999999998,score_exclusive_discount
511424,3,1,5,1,0.3333333333333333,0.2,0.5666666666666667,Middle-age,High Spenders,0.0,0.0,8.0,0.25,1.0,0.5,0.07418397626112759,0.0,0.26666666666666666,0.05192878338278931,0.1,0.5666666666666667,0.48666666666666664,0.255,score_exclusive_discount
511433,2,2,7,3,1.0,0.42857142857142855,0.7857142857142857,Middle-age,High Spenders,0.0,0.62,3.8,0.5555555555555556,0.8,0.8,0.1107419712070875,0.20666666666666667,0.12666666666666665,0.07751937984496124,0.32533333333333336,0.7857142857142857,0.32866666666666666,0.4268888888888889,score_exclusive_discount
511440,4,0,4,2,0.0,0.5,0.25,Middle-age,Low Spenders,0.0,0.5,3.5,0.25,1.0,1.0,0.12269938650306748,0.16666666666666666,0.11666666666666667,0.08588957055214723,0.33333333333333337,0.25,0.38166666666666665,0.21,score_free_meal
511455,2,1,6,2,0.5,0.3333333333333333,0.5833333333333334,Middle-age,Medium Spenders,0.0,0.67,0.67,0.375,0.3333333333333333,1.0,0.1240694789081886,0.22333333333333336,0.022333333333333334,0.08684863523573202,0.3786666666666667,0.5833333333333334,0.11563333333333332,0.26919999999999994,score_exclusive_discount
511469,0,0,8,3,0.0,0.375,0.5,Middle-age,Low Spenders,0.0,1.0,2.33,0.375,0.6666666666666666,0.6666666666666666,0.09881422924901187,0.3333333333333333,0.07766666666666668,0.0691699604743083,0.4,0.5,0.25436666666666663,0.28579999999999994,score_exclusive_discount
511489,2,1,6,2,0.5,0.3333333333333333,0.5833333333333334,Middle-age,Champions,0.0,0.5,5.0,0.375,1.0,0.3333333333333333,0.1002004008016032,0.16666666666666666,0.16666666666666666,0.07014028056112223,0.2,0.5833333333333334,0.41666666666666663,0.31249999999999994,score_exclusive_discount
511502,3,0,7,2,0.0,0.2857142857142857,0.35714285714285715,Middle-age,Champions,0.0,1.0,5.5,0.2,1.0,1.0,0.1267427122940431,0.3333333333333333,0.18333333333333332,0.08871989860583017,0.4666666666666667,0.35714285714285715,0.42833333333333334,0.19499999999999998,score_free_checkedbag
511504,1,0,7,3,0.0,0.42857142857142855,0.2857142857142857,Middle-age,Medium Spenders,0.0,0.0,2.33,0.375,1.0,1.0,0.1322751322751323,0.0,0.07766666666666668,0.0925925925925926,0.2,0.2857142857142857,0.35436666666666666,0.28579999999999994,score_free_meal
511535,1,1,7,2,1.0,0.2857142857142857,0.8571428571428572,Middle-age,Medium Spenders,0.0,0.67,2.67,0.375,0.6666666666666666,1.0,0.1801801801801802,0.22333333333333336,0.089,0.12612612612612614,0.3786666666666667,0.8571428571428572,0.2623,0.28919999999999996,score_exclusive_discount
511542,4,1,4,2,0.25,0.5,0.375,Middle-age,Champions,0.0,0.44,1.67,0.375,1.0,1.0,0.10309278350515465,0.14666666666666667,0.05566666666666666,0.07216494845360825,0.31733333333333336,0.375,0.33896666666666664,0.27919999999999995,score_exclusive_discount
511549,2,0,6,2,0.0,0.3333333333333333,0.33333333333333337,Middle-age,At Risk,0.0,0.5,1.5,0.25,0.5,1.0,0.16,0.16666666666666666,0.05,0.11199999999999999,0.33333333333333337,0.33333333333333337,0.185,0.19,score_free_checkedbag
511552,2,2,6,0,1.0,0.0,1.0,0,0,0.0,0.0,0.0,0.0,0.0,0.0,0.0,0.0,0.0,0.0,0.0,1.0,0.0,0.0,score_exclusive_discount
511554,1,0,8,2,0.0,0.25,0.375,Middle-age,Low Spenders,0.0,0.5,3.5,0.2222222222222222,1.0,1.0,0.12853470437017994,0.16666666666666666,0.11666666666666667,0.08997429305912595,0.33333333333333337,0.375,0.38166666666666665,0.19055555555555553,score_free_meal
511560,2,1,6,3,0.5,0.5,0.5,Middle-age,Champions,0.0,0.0,2.25,0.5,1.0,1.0,0.11086474501108648,0.0,0.075,0.07760532150776053,0.2,0.5,0.3525,0.3725,score_exclusive_discount
511567,3,2,5,3,0.6666666666666666,0.6,0.5333333333333333,Middle-age,Medium Spenders,0.0,0.6,4.2,0.625,0.8,1.0,0.1278772378516624,0.19999999999999998,0.14,0.08951406649616368,0.36,0.5333333333333333,0.33799999999999997,0.4795,score_exclusive_discount
511568,2,0,6,1,0.0,0.16666666666666666,0.4166666666666667,Youth,Low Spenders,0.0,0.0,0.0,0.125,0.0,1.0,0.003939334252511325,0.0,0.0,0.0027575339767579275,0.2,0.4166666666666667,0.0,0.0875,score_exclusive_discount
511570,1,0,7,3,0.0,0.42857142857142855,0.2857142857142857,Middle-age,Champions,0.0,0.0,5.33,0.375,1.0,0.6666666666666666,0.07320644216691069,0.0,0.17766666666666667,0.05124450951683748,0.13333333333333333,0.2857142857142857,0.42436666666666667,0.31579999999999997,score_free_meal
511577,4,2,4,0,0.5,0.0,0.75,Middle-age,Low Spenders,0.0,0.0,0.5,0.25,0.5,1.0,0.1639344262295082,0.0,0.016666666666666666,0.11475409836065574,0.2,0.75,0.16166666666666665,0.18,score_exclusive_discount
511578,3,2,5,3,0.6666666666666666,0.6,0.5333333333333333,Middle-age,Champions,0.0,0.93,3.8,0.625,1.0,1.0,0.15313935681470137,0.31,0.12666666666666665,0.10719754977029095,0.448,0.5333333333333333,0.3886666666666666,0.4755,score_exclusive_discount
511587,1,0,7,2,0.0,0.2857142857142857,0.35714285714285715,Middle-age,Low Spenders,0.0,1.5,1.5,0.25,1.0,1.0,0.08673026886383348,0.5,0.05,0.06071118820468343,0.6000000000000001,0.35714285714285715,0.33499999999999996,0.19,score_free_checkedbag
511589,3,1,5,0,0.3333333333333333,0.0,0.6666666666666666,Middle-age,At Risk,0.0,0.0,2.0,0.125,1.0,0.0,1.0,0.0,0.06666666666666667,0.7,0.0,0.6666666666666666,0.3466666666666667,0.1075,score_free_cancellation
511608,3,0,5,1,0.0,0.2,0.4,Youth,Low Spenders,0.0,0.0,6.0,0.125,1.0,0.0,1.0,0.0,0.2,0.7,0.0,0.4,0.43999999999999995,0.1475,score_free_cancellation
511609,4,2,4,0,0.5,0.0,0.75,Middle-age,High Spenders,0.0,1.0,5.0,0.25,1.0,0.5,0.1020408163265306,0.3333333333333333,0.16666666666666666,0.07142857142857141,0.3666666666666667,0.75,0.41666666666666663,0.22499999999999998,score_exclusive_discount
511613,2,0,6,3,0.0,0.5,0.25,Middle-age,Medium Spenders,0.0,1.33,1.67,0.375,1.0,1.0,0.10504201680672269,0.44333333333333336,0.05566666666666666,0.07352941176470588,0.5546666666666666,0.25,0.33896666666666664,0.27919999999999995,score_free_checkedbag
511638,3,1,5,2,0.3333333333333333,0.4,0.4666666666666667,Middle-age,High Spenders,0.0,0.5,3.0,0.375,1.0,0.6666666666666666,0.15625,0.16666666666666666,0.1,0.109375,0.26666666666666666,0.4666666666666667,0.37,0.2925,score_exclusive_discount
511665,4,2,4,1,0.5,0.25,0.625,Middle-age,Medium Spenders,0.33,0.5,2.0,0.375,1.0,1.0,0.14771048744460857,0.16666666666666666,0.06666666666666667,0.103397341211226,0.33333333333333337,0.625,0.3466666666666667,0.2825,score_exclusive_discount
511666,1,1,7,2,1.0,0.2857142857142857,0.8571428571428572,Middle-age,High Spenders,0.0,1.0,5.67,0.375,1.0,0.6666666666666666,0.17421602787456444,0.3333333333333333,0.189,0.1219512195121951,0.4,0.8571428571428572,0.4323,0.31919999999999993,score_exclusive_discount
511677,3,2,5,3,0.6666666666666666,0.6,0.5333333333333333,Middle-age,Champions,0.2,0.22,2.33,0.625,1.0,1.0,0.14705882352941177,0.07333333333333333,0.07766666666666668,0.10294117647058823,0.2586666666666667,0.5333333333333333,0.35436666666666666,0.4608,score_exclusive_discount
511680,0,0,8,4,0.0,0.5,0.5,Middle-age,High Spenders,0.0,0.67,4.0,0.5,1.0,0.75,0.1295336787564767,0.22333333333333336,0.13333333333333333,0.09067357512953368,0.3286666666666667,0.5,0.3933333333333333,0.38999999999999996,score_exclusive_discount
511697,3,1,5,3,0.3333333333333333,0.6,0.3666666666666667,Middle-age,Medium Spenders,0.0,0.5,1.75,0.5,0.75,1.0,0.11587485515643106,0.16666666666666666,0.058333333333333334,0.08111239860950174,0.33333333333333337,0.3666666666666667,0.2658333333333333,0.3675,score_free_night_flight
511712,4,2,4,1,0.5,0.25,0.625,Middle-age,High Spenders,0.0,0.5,3.0,0.375,0.6666666666666666,1.0,0.125,0.16666666666666666,0.1,0.0875,0.33333333333333337,0.625,0.26999999999999996,0.2925,score_exclusive_discount
511726,0,0,8,2,0.0,0.25,0.5,Middle-age,Low Spenders,0.0,0.0,2.0,0.25,1.0,1.0,0.12919896640826872,0.0,0.06666666666666667,0.0904392764857881,0.2,0.5,0.3466666666666667,0.19499999999999998,score_exclusive_discount
511739,1,0,8,3,0.0,0.375,0.3125,Middle-age,Champions,0.0,0.78,2.33,0.3333333333333333,1.0,1.0,0.10341261633919338,0.26,0.07766666666666668,0.07238883143743537,0.40800000000000003,0.3125,0.35436666666666666,0.2566333333333333,score_free_checkedbag
511757,2,0,6,0,0.0,0.0,0.5,0,0,0.0,0.0,0.0,0.0,0.0,0.0,0.0,0.0,0.0,0.0,0.0,0.5,0.0,0.0,score_exclusive_discount
511762,0,0,8,3,0.0,0.375,0.5,Middle-age,Champions,0.0,0.25,4.33,0.375,1.0,0.6666666666666666,0.07874015748031496,0.08333333333333333,0.14433333333333334,0.055118110236220465,0.2,0.5,0.40103333333333335,0.30579999999999996,score_exclusive_discount
511764,2,0,6,1,0.0,0.16666666666666666,0.4166666666666667,Middle-age,Low Spenders,0.0,0.0,4.0,0.125,1.0,1.0,0.13123359580052493,0.0,0.13333333333333333,0.09186351706036745,0.2,0.4166666666666667,0.3933333333333333,0.1275,score_exclusive_discount
511772,1,1,7,2,1.0,0.2857142857142857,0.8571428571428572,Middle-age,Medium Spenders,0.0,0.33,5.33,0.375,1.0,1.0,0.09803921568627452,0.11,0.17766666666666667,0.06862745098039216,0.28800000000000003,0.8571428571428572,0.42436666666666667,0.31579999999999997,score_exclusive_discount
511778,1,1,7,2,1.0,0.2857142857142857,0.8571428571428572,Middle-age,High Spenders,0.0,1.33,3.67,0.375,1.0,1.0,0.11286681715575622,0.44333333333333336,0.12233333333333334,0.07900677200902935,0.5546666666666666,0.8571428571428572,0.38563333333333333,0.29919999999999997,score_exclusive_discount
511783,2,1,6,3,0.5,0.5,0.5,Middle-age,Low Spenders,0.0,0.25,2.0,0.5,0.75,1.0,0.12610340479192939,0.08333333333333333,0.06666666666666667,0.08827238335435056,0.26666666666666666,0.5,0.2716666666666666,0.37,score_exclusive_discount
511784,3,2,6,0,0.6666666666666666,0.0,0.8333333333333333,0,0,0.0,0.0,0.0,0.0,0.0,0.0,0.0,0.0,0.0,0.0,0.0,0.8333333333333333,0.0,0.0,score_exclusive_discount
511800,1,1,7,6,1.0,0.8571428571428571,0.5714285714285714,Middle-age,Champions,0.0,0.64,2.43,0.875,1.0,0.8571428571428571,0.12285012285012284,0.21333333333333335,0.081,0.08599508599508598,0.3420952380952381,0.5714285714285714,0.3567,0.6367999999999999,score_free_night_flight
511803,3,2,5,2,0.6666666666666666,0.4,0.6333333333333333,Middle-age,Champions,0.0,0.33,3.0,0.5,0.75,0.75,0.10952902519167579,0.11,0.1,0.07667031763417305,0.23800000000000004,0.6333333333333333,0.295,0.38,score_exclusive_discount
511805,1,0,8,4,0.0,0.5,0.25,Middle-age,High Spenders,0.0,0.5,3.75,0.4444444444444444,1.0,1.0,0.11961722488038279,0.16666666666666666,0.125,0.08373205741626795,0.33333333333333337,0.25,0.38749999999999996,0.34861111111111104,score_free_meal
511809,2,1,6,1,0.5,0.16666666666666666,0.6666666666666667,Middle-age,Medium Spenders,0.0,0.0,2.5,0.25,1.0,0.5,0.14556040756914118,0.0,0.08333333333333333,0.10189228529839882,0.1,0.6666666666666667,0.35833333333333334,0.19999999999999998,score_exclusive_discount
511811,4,1,4,2,0.25,0.5,0.375,Middle-age,Medium Spenders,0.0,0.33,1.33,0.375,0.6666666666666666,1.0,0.12062726176115804,0.11,0.044333333333333336,0.08443908323281062,0.28800000000000003,0.375,0.2310333333333333,0.27579999999999993,score_exclusive_discount
511821,2,0,6,0,0.0,0.0,0.5,0,0,0.0,0.0,0.0,0.0,0.0,0.0,0.0,0.0,0.0,0.0,0.0,0.5,0.0,0.0,score_exclusive_discount
511827,2,1,6,2,0.5,0.3333333333333333,0.5833333333333334,Elderly,Medium Spenders,0.33,0.0,8.0,0.375,0.6666666666666666,0.6666666666666666,1.0,0.0,0.26666666666666666,0.7,0.13333333333333333,0.5833333333333334,0.3866666666666666,0.34249999999999997,score_free_cancellation
511851,3,0,6,2,0.0,0.3333333333333333,0.33333333333333337,Middle-age,Low Spenders,0.0,0.0,3.5,0.2222222222222222,1.0,1.0,0.14084507042253522,0.0,0.11666666666666667,0.09859154929577464,0.2,0.33333333333333337,0.38166666666666665,0.19055555555555553,score_free_meal
511859,4,1,4,2,0.25,0.5,0.375,Middle-age,Champions,0.0,1.0,10.0,0.375,1.0,0.6666666666666666,0.14388489208633093,0.3333333333333333,0.3333333333333333,0.10071942446043164,0.4,0.375,0.5333333333333333,0.36249999999999993,score_free_meal
511860,2,0,6,4,0.0,0.6666666666666666,0.16666666666666669,Middle-age,Medium Spenders,0.0,0.67,2.75,0.5,1.0,0.75,0.14224751066856328,0.22333333333333336,0.09166666666666666,0.0995732574679943,0.3286666666666667,0.16666666666666669,0.36416666666666664,0.37749999999999995,score_free_night_flight
511862,1,1,7,3,1.0,0.42857142857142855,0.7857142857142857,Middle-age,High Spenders,0.0,0.75,2.25,0.5,1.0,1.0,0.13351134846461948,0.25,0.075,0.09345794392523363,0.4,0.7857142857142857,0.3525,0.3725,score_exclusive_discount
511878,2,0,7,0,0.0,0.0,0.5,0,0,0.0,0.0,0.0,0.0,0.0,0.0,0.0,0.0,0.0,0.0,0.0,0.5,0.0,0.0,score_exclusive_discount
511884,3,0,5,4,0.0,0.8,0.09999999999999998,Middle-age,High Spenders,0.0,0.25,2.0,0.5,1.0,1.0,0.11890606420927467,0.08333333333333333,0.06666666666666667,0.08323424494649227,0.26666666666666666,0.09999999999999998,0.3466666666666667,0.37,score_free_night_flight
511902,4,1,5,2,0.25,0.4,0.425,Middle-age,Medium Spenders,0.0,0.33,2.33,0.3333333333333333,1.0,1.0,0.1267427122940431,0.11,0.07766666666666668,0.08871989860583017,0.28800000000000003,0.425,0.35436666666666666,0.2566333333333333,score_exclusive_discount
511910,2,0,6,1,0.0,0.16666666666666666,0.4166666666666667,Youth,At Risk,0.0,0.0,9.0,0.125,1.0,0.0,1.0,0.0,0.3,0.7,0.0,0.4166666666666667,0.51,0.1775,score_free_cancellation
511916,3,1,5,1,0.3333333333333333,0.2,0.5666666666666667,Middle-age,Low Spenders,0.0,1.0,0.5,0.25,0.5,1.0,0.12330456226880396,0.3333333333333333,0.016666666666666666,0.08631319358816276,0.4666666666666667,0.5666666666666667,0.16166666666666665,0.18,score_exclusive_discount
511923,2,1,6,1,0.5,0.16666666666666666,0.6666666666666667,Middle-age,Low Spenders,0.0,0.5,1.5,0.25,1.0,1.0,0.0947867298578199,0.16666666666666666,0.05,0.06635071090047392,0.33333333333333337,0.6666666666666667,0.33499999999999996,0.19,score_exclusive_discount
511936,4,0,4,3,0.0,0.75,0.125,Middle-age,Medium Spenders,0.0,0.5,4.67,0.375,0.6666666666666666,0.6666666666666666,0.08216926869350863,0.16666666666666666,0.15566666666666668,0.05751848808545604,0.26666666666666666,0.125,0.30896666666666667,0.3092,score_free_night_flight
511943,2,1,6,2,0.5,0.3333333333333333,0.5833333333333334,Middle-age,Champions,0.0,0.0,3.67,0.375,1.0,0.6666666666666666,0.12738853503184713,0.0,0.12233333333333334,0.08917197452229299,0.13333333333333333,0.5833333333333334,0.38563333333333333,0.29919999999999997,score_exclusive_discount
511977,1,1,7,2,1.0,0.2857142857142857,0.8571428571428572,Middle-age,At Risk,0.33,1.0,2.0,0.375,0.6666666666666666,1.0,0.14947683109118085,0.3333333333333333,0.06666666666666667,0.10463378176382658,0.4666666666666667,0.8571428571428572,0.24666666666666665,0.2825,score_exclusive_discount
511989,4,0,4,0,0.0,0.0,0.5,0,0,0.0,0.0,0.0,0.0,0.0,0.0,0.0,0.0,0.0,0.0,0.0,0.5,0.0,0.0,score_exclusive_discount
511996,5,2,3,1,0.4,0.3333333333333333,0.5333333333333333,Middle-age,Low Spenders,0.0,1.0,1.33,0.375,1.0,0.6666666666666666,0.15698587127158556,0.3333333333333333,0.044333333333333336,0.10989010989010989,0.4,0.5333333333333333,0.33103333333333335,0.27579999999999993,score_exclusive_discount
511998,2,0,6,2,0.0,0.3333333333333333,0.33333333333333337,Middle-age,Low Spenders,0.0,0.0,2.5,0.25,1.0,1.0,0.1447178002894356,0.0,0.08333333333333333,0.10130246020260492,0.2,0.33333333333333337,0.35833333333333334,0.19999999999999998,score_free_meal
512009,2,0,6,3,0.0,0.5,0.25,Middle-age,Medium Spenders,0.0,0.67,4.0,0.375,0.6666666666666666,1.0,0.1314060446780552,0.22333333333333336,0.13333333333333333,0.09198423127463863,0.3786666666666667,0.25,0.29333333333333333,0.30249999999999994,score_free_checkedbag
512010,2,1,6,2,0.5,0.3333333333333333,0.5833333333333334,Middle-age,High Spenders,0.0,0.25,5.33,0.375,1.0,0.6666666666666666,0.125,0.08333333333333333,0.17766666666666667,0.0875,0.2,0.5833333333333334,0.42436666666666667,0.31579999999999997,score_exclusive_discount
512016,2,1,7,1,0.5,0.14285714285714285,0.6785714285714286,Middle-age,High Spenders,0.0,0.0,4.0,0.2222222222222222,0.5,0.5,0.2159827213822894,0.0,0.13333333333333333,0.15118790496760257,0.1,0.6785714285714286,0.24333333333333332,0.19555555555555554,score_exclusive_discount
512024,2,0,6,2,0.0,0.3333333333333333,0.33333333333333337,Middle-age,Champions,0.0,0.0,5.5,0.25,1.0,0.5,0.0966183574879227,0.0,0.18333333333333332,0.06763285024154589,0.1,0.33333333333333337,0.42833333333333334,0.22999999999999998,score_free_meal
512028,5,0,3,2,0.0,0.6666666666666666,0.16666666666666669,Middle-age,Low Spenders,0.0,0.5,1.0,0.25,1.0,1.0,0.12150668286755771,0.16666666666666666,0.03333333333333333,0.0850546780072904,0.33333333333333337,0.16666666666666669,0.3233333333333333,0.185,score_free_checkedbag
512060,3,1,6,2,0.3333333333333333,0.3333333333333333,0.5,Middle-age,Medium Spenders,0.0,1.0,3.33,0.3333333333333333,1.0,0.6666666666666666,0.1358695652173913,0.3333333333333333,0.111,0.0951086956521739,0.4,0.5,0.3777,0.2666333333333333,score_exclusive_discount
512063,2,1,6,0,0.5,0.0,0.75,Middle-age,Medium Spenders,0.0,0.0,2.0,0.125,1.0,1.0,0.09505703422053233,0.0,0.06666666666666667,0.06653992395437262,0.2,0.75,0.3466666666666667,0.1075,score_exclusive_discount
512069,3,2,5,3,0.6666666666666666,0.6,0.5333333333333333,Middle-age,Champions,0.0,0.3,3.4,0.625,1.0,1.0,0.12610340479192939,0.09999999999999999,0.11333333333333333,0.08827238335435056,0.28,0.5333333333333333,0.3793333333333333,0.4715,score_exclusive_discount
512078,0,0,8,2,0.0,0.25,0.5,Middle-age,Low Spenders,0.0,1.0,2.0,0.25,1.0,1.0,0.09765625,0.3333333333333333,0.06666666666666667,0.068359375,0.4666666666666667,0.5,0.3466666666666667,0.19499999999999998,score_exclusive_discount
512099,3,2,6,2,0.6666666666666666,0.3333333333333333,0.6666666666666666,Middle-age,High Spenders,0.0,1.25,3.0,0.4444444444444444,0.75,1.0,0.08920606601248884,0.4166666666666667,0.1,0.062444246208742185,0.5333333333333334,0.6666666666666666,0.295,0.34111111111111103,score_exclusive_discount
512103,4,2,4,2,0.5,0.5,0.5,Middle-age,At Risk,0.25,0.5,1.5,0.5,0.75,1.0,0.10080645161290323,0.16666666666666666,0.05,0.07056451612903226,0.33333333333333337,0.5,0.25999999999999995,0.365,score_exclusive_discount
512144,0,0,9,0,0.0,0.0,0.5,0,0,0.0,0.0,0.0,0.0,0.0,0.0,0.0,0.0,0.0,0.0,0.0,0.5,0.0,0.0,score_exclusive_discount
512147,4,1,5,3,0.25,0.6,0.325,Middle-age,Low Spenders,0.25,0.0,5.0,0.4444444444444444,1.0,0.5,1.0,0.0,0.16666666666666666,0.7,0.1,0.325,0.41666666666666663,0.36111111111111105,score_free_cancellation
512148,1,0,7,1,0.0,0.14285714285714285,0.4285714285714286,Youth,At Risk,0.0,0.0,3.0,0.125,1.0,0.0,1.0,0.0,0.1,0.7,0.0,0.4285714285714286,0.37,0.1175,score_free_cancellation
512163,3,2,5,0,0.6666666666666666,0.0,0.8333333333333333,Middle-age,Medium Spenders,0.0,1.0,6.0,0.25,1.0,0.5,0.09372071227741331,0.3333333333333333,0.2,0.06560449859418932,0.3666666666666667,0.8333333333333333,0.43999999999999995,0.235,score_exclusive_discount
512173,4,2,4,2,0.5,0.5,0.5,Middle-age,Champions,0.0,0.38,5.25,0.5,0.75,1.0,0.015455950540958269,0.12666666666666668,0.175,0.010819165378670788,0.30133333333333334,0.5,0.3475,0.40249999999999997,score_exclusive_discount
512190,0,0,8,1,0.0,0.125,0.5,Elderly,High Spenders,0.0,0.0,22.0,0.125,1.0,0.0,1.0,0.0,0.7333333333333333,0.7,0.0,0.5,0.8133333333333332,0.3075,score_free_meal
512193,1,0,7,1,0.0,0.14285714285714285,0.4285714285714286,Middle-age,At Risk,0.0,0.0,8.0,0.125,1.0,1.0,0.13280212483399734,0.0,0.26666666666666666,0.09296148738379813,0.2,0.4285714285714286,0.48666666666666664,0.16749999999999998,score_free_meal
512197,4,0,5,4,0.0,0.8,0.09999999999999998,Middle-age,High Spenders,0.0,0.33,6.75,0.4444444444444444,1.0,0.75,0.10695187165775401,0.11,0.225,0.0748663101604278,0.23800000000000004,0.09999999999999998,0.4575,0.37861111111111106,score_free_meal
512201,3,1,5,3,0.3333333333333333,0.6,0.3666666666666667,Middle-age,High Spenders,0.0,0.75,3.0,0.5,0.75,1.0,0.1149425287356322,0.25,0.1,0.08045977011494253,0.4,0.3666666666666667,0.295,0.38,score_free_checkedbag
512204,2,2,6,2,1.0,0.3333333333333333,0.8333333333333334,Middle-age,High Spenders,0.0,0.5,2.5,0.5,1.0,1.0,0.0966183574879227,0.16666666666666666,0.08333333333333333,0.06763285024154589,0.33333333333333337,0.8333333333333334,0.35833333333333334,0.375,score_exclusive_discount
512243,2,1,7,2,0.5,0.2857142857142857,0.6071428571428572,Middle-age,High Spenders,0.0,0.5,3.33,0.3333333333333333,1.0,0.6666666666666666,0.10940919037199125,0.16666666666666666,0.111,0.07658643326039387,0.26666666666666666,0.6071428571428572,0.3777,0.2666333333333333,score_exclusive_discount
512249,4,0,4,0,0.0,0.0,0.5,0,0,0.0,0.0,0.0,0.0,0.0,0.0,0.0,0.0,0.0,0.0,0.0,0.5,0.0,0.0,score_exclusive_discount
512266,2,0,6,3,0.0,0.5,0.25,Middle-age,Medium Spenders,0.0,0.67,2.33,0.375,1.0,1.0,0.08561643835616438,0.22333333333333336,0.07766666666666668,0.05993150684931506,0.3786666666666667,0.25,0.35436666666666666,0.28579999999999994,score_free_checkedbag
512271,2,1,7,5,0.5,0.7142857142857143,0.39285714285714285,Middle-age,Champions,0.0,0.45,3.67,0.6666666666666666,0.5,0.8333333333333334,0.1194743130227001,0.15,0.12233333333333334,0.08363201911589006,0.2866666666666667,0.39285714285714285,0.2356333333333333,0.5033666666666666,score_free_night_flight
512283,2,1,7,4,0.5,0.5714285714285714,0.4642857142857143,Middle-age,Medium Spenders,0.0,0.4,1.4,0.5555555555555556,1.0,1.0,0.11961722488038279,0.13333333333333333,0.04666666666666666,0.08373205741626795,0.3066666666666667,0.4642857142857143,0.33266666666666667,0.4028888888888889,score_exclusive_discount
512289,1,1,7,1,1.0,0.14285714285714285,0.9285714285714286,Elderly,Low Spenders,0.0,0.5,2.0,0.25,0.5,1.0,0.10845986984815617,0.16666666666666666,0.06666666666666667,0.07592190889370931,0.33333333333333337,0.9285714285714286,0.19666666666666666,0.19499999999999998,score_exclusive_discount
512294,0,0,8,5,0.0,0.625,0.5,Middle-age,High Spenders,0.0,1.0,2.8,0.625,1.0,0.8,0.14306151645207438,0.3333333333333333,0.09333333333333332,0.10014306151645205,0.4266666666666667,0.5,0.3653333333333333,0.4655,score_exclusive_discount
512295,2,2,6,3,1.0,0.5,0.75,Middle-age,High Spenders,0.0,0.4,1.4,0.625,0.8,1.0,0.10964912280701755,0.13333333333333333,0.04666666666666666,0.07675438596491228,0.3066666666666667,0.75,0.27266666666666667,0.4515,score_exclusive_discount
512301,2,2,6,3,1.0,0.5,0.75,Middle-age,Medium Spenders,0.0,1.25,1.6,0.625,0.6,0.8,0.12468827930174564,0.4166666666666667,0.05333333333333334,0.08728179551122195,0.4933333333333334,0.75,0.21733333333333332,0.4535,score_exclusive_discount
512302,2,1,6,3,0.5,0.5,0.5,Middle-age,Low Spenders,0.0,0.33,1.0,0.5,0.5,0.75,0.08012820512820512,0.11,0.03333333333333333,0.05608974358974358,0.23800000000000004,0.5,0.17333333333333334,0.36,score_exclusive_discount
512303,4,3,4,1,0.75,0.25,0.75,Middle-age,Champions,0.0,0.33,3.25,0.5,0.75,0.75,0.13531799729364005,0.11,0.10833333333333334,0.09472259810554803,0.23800000000000004,0.75,0.3008333333333333,0.38249999999999995,score_exclusive_discount
512305,0,0,8,2,0.0,0.25,0.5,Youth,Low Spenders,0.0,0.0,4.5,0.25,1.0,0.0,1.0,0.0,0.15,0.7,0.0,0.5,0.40499999999999997,0.21999999999999997,score_free_cancellation
512322,3,2,5,3,0.6666666666666666,0.6,0.5333333333333333,Middle-age,Champions,0.0,0.0,1.8,0.625,0.8,0.8,0.09842519685039369,0.0,0.060000000000000005,0.06889763779527558,0.16000000000000003,0.5333333333333333,0.282,0.4555,score_exclusive_discount
512329,5,3,3,3,0.6,1.0,0.3,Middle-age,Medium Spenders,0.0,0.0,2.17,0.75,1.0,1.0,0.11025358324145534,0.0,0.07233333333333333,0.07717750826901873,0.2,0.3,0.3506333333333333,0.5467,score_free_night_flight
512362,1,1,8,2,1.0,0.25,0.875,Middle-age,Low Spenders,0.0,0.67,2.33,0.3333333333333333,1.0,1.0,0.10277492291880781,0.22333333333333336,0.07766666666666668,0.07194244604316546,0.3786666666666667,0.875,0.35436666666666666,0.2566333333333333,score_exclusive_discount
512377,3,1,6,2,0.3333333333333333,0.3333333333333333,0.5,Middle-age,Low Spenders,0.33,1.0,6.0,0.3333333333333333,1.0,1.0,0.14619883040935672,0.3333333333333333,0.2,0.1023391812865497,0.4666666666666667,0.5,0.43999999999999995,0.29333333333333333,score_exclusive_discount
512392,3,1,6,2,0.3333333333333333,0.3333333333333333,0.5,Middle-age,Medium Spenders,0.0,0.67,4.33,0.3333333333333333,1.0,1.0,0.07855459544383346,0.22333333333333336,0.14433333333333334,0.054988216810683416,0.3786666666666667,0.5,0.40103333333333335,0.2766333333333333,score_exclusive_discount
512397,4,0,6,0,0.0,0.0,0.5,0,0,0.0,0.0,0.0,0.0,0.0,0.0,0.0,0.0,0.0,0.0,0.0,0.5,0.0,0.0,score_exclusive_discount
512402,1,0,8,1,0.0,0.125,0.4375,Middle-age,At Risk,0.0,0.0,1.0,0.1111111111111111,1.0,1.0,0.14388489208633093,0.0,0.03333333333333333,0.10071942446043164,0.2,0.4375,0.3233333333333333,0.08777777777777776,score_exclusive_discount
512416,2,0,6,1,0.0,0.16666666666666666,0.4166666666666667,Middle-age,Medium Spenders,0.0,0.0,8.0,0.125,1.0,0.0,1.0,0.0,0.26666666666666666,0.7,0.0,0.4166666666666667,0.48666666666666664,0.16749999999999998,score_free_cancellation
512418,0,0,8,2,0.0,0.25,0.5,Middle-age,Champions,0.0,0.0,5.0,0.25,1.0,1.0,0.1145475372279496,0.0,0.16666666666666666,0.08018327605956471,0.2,0.5,0.41666666666666663,0.22499999999999998,score_exclusive_discount
512419,0,0,8,3,0.0,0.375,0.5,Middle-age,Champions,0.0,1.0,4.33,0.375,1.0,1.0,0.13717421124828533,0.3333333333333333,0.14433333333333334,0.09602194787379972,0.4666666666666667,0.5,0.40103333333333335,0.30579999999999996,score_exclusive_discount
512440,2,0,6,3,0.0,0.5,0.25,Middle-age,High Spenders,0.0,0.67,2.33,0.375,1.0,1.0,0.1183431952662722,0.22333333333333336,0.07766666666666668,0.08284023668639054,0.3786666666666667,0.25,0.35436666666666666,0.28579999999999994,score_free_checkedbag
512443,3,1,5,1,0.3333333333333333,0.2,0.5666666666666667,Middle-age,Low Spenders,0.0,0.5,1.5,0.25,1.0,1.0,0.13440860215053763,0.16666666666666666,0.05,0.09408602150537633,0.33333333333333337,0.5666666666666667,0.33499999999999996,0.19,score_exclusive_discount
512447,4,1,4,1,0.25,0.25,0.5,Youth,Champions,0.0,0.33,7.0,0.25,1.0,0.5,0.13986013986013984,0.11,0.23333333333333334,0.09790209790209789,0.188,0.5,0.4633333333333333,0.245,score_exclusive_discount
512463,1,0,7,4,0.0,0.5714285714285714,0.2142857142857143,Middle-age,High Spenders,0.0,0.62,3.0,0.5,0.75,1.0,0.01419244961680386,0.20666666666666667,0.1,0.009934714731762702,0.36533333333333334,0.2142857142857143,0.295,0.38,score_free_night_flight
512495,2,0,6,6,0.0,1.0,0.0,Middle-age,Champions,0.0,0.38,6.33,0.75,1.0,0.6666666666666666,0.12453300124533,0.12666666666666668,0.211,0.087173100871731,0.2346666666666667,0.0,0.4477,0.5882999999999999,score_free_night_flight
512529,4,0,4,0,0.0,0.0,0.5,0,0,0.0,0.0,0.0,0.0,0.0,0.0,0.0,0.0,0.0,0.0,0.0,0.5,0.0,0.0,score_exclusive_discount
512536,3,0,5,2,0.0,0.4,0.3,Middle-age,Medium Spenders,0.0,0.25,3.5,0.25,1.0,1.0,0.12610340479192939,0.08333333333333333,0.11666666666666667,0.08827238335435056,0.26666666666666666,0.3,0.38166666666666665,0.21,score_free_meal
512552,2,1,6,1,0.5,0.16666666666666666,0.6666666666666667,Middle-age,Low Spenders,0.0,0.5,2.0,0.25,1.0,1.0,0.10660980810234541,0.16666666666666666,0.06666666666666667,0.07462686567164178,0.33333333333333337,0.6666666666666667,0.3466666666666667,0.19499999999999998,score_exclusive_discount
512556,2,0,7,5,0.0,0.7142857142857143,0.14285714285714285,Middle-age,Champions,0.0,0.58,3.4,0.5555555555555556,1.0,0.8,0.11990407673860912,0.19333333333333333,0.11333333333333333,0.08393285371702637,0.3146666666666667,0.14285714285714285,0.3793333333333333,0.42288888888888887,score_free_night_flight
512558,2,2,6,3,1.0,0.5,0.75,Middle-age,Champions,0.2,0.28,1.33,0.625,1.0,1.0,0.1383125864453665,0.09333333333333334,0.044333333333333336,0.09681881051175655,0.27466666666666667,0.75,0.33103333333333335,0.4508,score_exclusive_discount
512587,2,0,6,2,0.0,0.3333333333333333,0.33333333333333337,Middle-age,Low Spenders,0.0,1.0,2.0,0.25,1.0,1.0,0.09319664492078285,0.3333333333333333,0.06666666666666667,0.06523765144454799,0.4666666666666667,0.33333333333333337,0.3466666666666667,0.19499999999999998,score_free_checkedbag
512589,2,0,6,4,0.0,0.6666666666666666,0.16666666666666669,Middle-age,Low Spenders,0.0,0.0,1.75,0.5,1.0,1.0,0.14450867052023122,0.0,0.058333333333333334,0.10115606936416185,0.2,0.16666666666666669,0.3408333333333333,0.3675,score_free_night_flight
512596,0,0,8,5,0.0,0.625,0.5,Middle-age,High Spenders,0.0,0.25,2.4,0.625,0.8,0.8,0.12484394506866417,0.08333333333333333,0.08,0.08739076154806491,0.22666666666666668,0.5,0.296,0.4615,score_exclusive_discount
512598,1,0,7,5,0.0,0.7142857142857143,0.14285714285714285,Middle-age,High Spenders,0.0,0.6,2.4,0.625,0.8,1.0,0.1,0.19999999999999998,0.08,0.06999999999999999,0.36,0.14285714285714285,0.296,0.4615,score_free_night_flight
512610,1,1,8,5,1.0,0.625,0.6875,Middle-age,High Spenders,0.0,0.5,0.83,0.6666666666666666,0.5,1.0,0.14619883040935672,0.16666666666666666,0.027666666666666666,0.1023391812865497,0.33333333333333337,0.6875,0.16936666666666667,0.4749666666666666,score_exclusive_discount
512623,4,0,4,0,0.0,0.0,0.5,0,0,0.0,0.0,0.0,0.0,0.0,0.0,0.0,0.0,0.0,0.0,0.0,0.5,0.0,0.0,score_exclusive_discount
512628,1,1,7,3,1.0,0.42857142857142855,0.7857142857142857,Middle-age,High Spenders,0.0,0.67,3.25,0.5,1.0,0.75,0.11428571428571428,0.22333333333333336,0.10833333333333334,0.07999999999999999,0.3286666666666667,0.7857142857142857,0.37583333333333335,0.38249999999999995,score_exclusive_discount
512631,5,3,3,0,0.6,0.0,0.8,Middle-age,High Spenders,0.0,0.44,1.33,0.375,1.0,1.0,0.12062726176115804,0.14666666666666667,0.044333333333333336,0.08443908323281062,0.31733333333333336,0.8,0.33103333333333335,0.27579999999999993,score_exclusive_discount
512655,3,2,6,2,0.6666666666666666,0.3333333333333333,0.6666666666666666,Middle-age,Medium Spenders,0.0,0.25,1.25,0.4444444444444444,0.75,1.0,0.12285012285012284,0.08333333333333333,0.041666666666666664,0.08599508599508598,0.26666666666666666,0.6666666666666666,0.25416666666666665,0.32361111111111107,score_exclusive_discount
512671,1,0,7,5,0.0,0.7142857142857143,0.14285714285714285,Middle-age,High Spenders,0.0,0.2,2.6,0.625,1.0,1.0,0.1152073732718894,0.06666666666666667,0.08666666666666667,0.08064516129032258,0.25333333333333335,0.14285714285714285,0.36066666666666664,0.4635,score_free_night_flight
512677,2,0,6,1,0.0,0.16666666666666666,0.4166666666666667,Youth,At Risk,0.0,0.0,0.0,0.125,0.0,1.0,0.15082956259426847,0.0,0.0,0.10558069381598792,0.2,0.4166666666666667,0.0,0.0875,score_exclusive_discount
512680,2,0,6,1,0.0,0.16666666666666666,0.4166666666666667,Elderly,Low Spenders,0.0,0.0,3.0,0.125,1.0,1.0,0.11001100110011001,0.0,0.1,0.077007700770077,0.2,0.4166666666666667,0.37,0.1175,score_exclusive_discount
512691,2,1,6,1,0.5,0.16666666666666666,0.6666666666666667,Middle-age,Low Spenders,0.0,0.0,2.0,0.25,1.0,1.0,0.11614401858304298,0.0,0.06666666666666667,0.08130081300813008,0.2,0.6666666666666667,0.3466666666666667,0.19499999999999998,score_exclusive_discount
512693,0,0,8,4,0.0,0.5,0.5,Middle-age,Medium Spenders,0.0,0.25,3.5,0.5,1.0,1.0,0.12150668286755771,0.08333333333333333,0.11666666666666667,0.0850546780072904,0.26666666666666666,0.5,0.38166666666666665,0.38499999999999995,score_exclusive_discount
512695,1,1,7,4,1.0,0.5714285714285714,0.7142857142857143,Middle-age,Medium Spenders,0.0,0.4,1.2,0.625,0.6,1.0,0.12578616352201258,0.13333333333333333,0.04,0.0880503144654088,0.3066666666666667,0.7142857142857143,0.208,0.4495,score_exclusive_discount
512696,3,1,5,2,0.3333333333333333,0.4,0.4666666666666667,Youth,Champions,0.0,1.0,9.33,0.375,1.0,0.3333333333333333,0.09433962264150944,0.3333333333333333,0.311,0.0660377358490566,0.3333333333333333,0.4666666666666667,0.5176999999999999,0.35579999999999995,score_free_meal
512704,3,1,5,0,0.3333333333333333,0.0,0.6666666666666666,Middle-age,At Risk,0.0,0.0,0.0,0.125,0.0,1.0,0.11961722488038279,0.0,0.0,0.08373205741626795,0.2,0.6666666666666666,0.0,0.0875,score_exclusive_discount
512706,2,2,9,2,1.0,0.2222222222222222,0.8888888888888888,Middle-age,Champions,0.0,0.44,4.0,0.36363636363636365,1.0,0.75,0.10964912280701755,0.14666666666666667,0.13333333333333333,0.07675438596491228,0.26733333333333337,0.8888888888888888,0.3933333333333333,0.2945454545454545,score_exclusive_discount
512780,1,1,8,2,1.0,0.25,0.875,Middle-age,High Spenders,0.0,0.5,3.67,0.3333333333333333,1.0,0.6666666666666666,0.12004801920768307,0.16666666666666666,0.12233333333333334,0.08403361344537814,0.26666666666666666,0.875,0.38563333333333333,0.2700333333333333,score_exclusive_discount
512786,0,0,8,4,0.0,0.5,0.5,Middle-age,High Spenders,0.0,0.5,6.0,0.5,1.0,1.0,0.10626992561105207,0.16666666666666666,0.2,0.07438894792773644,0.33333333333333337,0.5,0.43999999999999995,0.41,score_exclusive_discount
512787,2,2,6,2,1.0,0.3333333333333333,0.8333333333333334,Middle-age,High Spenders,0.0,0.25,2.25,0.5,1.0,1.0,0.08396305625524769,0.08333333333333333,0.075,0.05877413937867338,0.26666666666666666,0.8333333333333334,0.3525,0.3725,score_exclusive_discount
512791,1,1,7,2,1.0,0.2857142857142857,0.8571428571428572,Middle-age,Medium Spenders,0.0,0.83,2.67,0.375,1.0,1.0,0.14204545454545456,0.27666666666666667,0.089,0.09943181818181819,0.42133333333333334,0.8571428571428572,0.36229999999999996,0.28919999999999996,score_exclusive_discount
512801,0,0,8,7,0.0,0.875,0.5,Middle-age,Champions,0.0,0.43,2.29,0.875,0.8571428571428571,1.0,0.12077294685990336,0.14333333333333334,0.07633333333333334,0.08454106280193235,0.3146666666666667,0.5,0.31057619047619045,0.6354,score_free_night_flight
512826,1,0,7,4,0.0,0.5714285714285714,0.2142857142857143,Middle-age,High Spenders,0.0,0.88,1.0,0.5,0.5,1.0,0.12091898428053205,0.29333333333333333,0.03333333333333333,0.08464328899637243,0.4346666666666667,0.2142857142857143,0.17333333333333334,0.36,score_free_checkedbag
512831,4,1,4,3,0.25,0.75,0.25,Middle-age,Champions,0.0,0.75,1.0,0.5,0.5,0.75,0.11737089201877934,0.25,0.03333333333333333,0.08215962441314553,0.35000000000000003,0.25,0.17333333333333334,0.36,score_free_night_flight
512835,2,2,6,3,1.0,0.5,0.75,Middle-age,Champions,0.0,0.2,3.2,0.625,1.0,1.0,0.09267840593141799,0.06666666666666667,0.10666666666666667,0.06487488415199259,0.25333333333333335,0.75,0.37466666666666665,0.46950000000000003,score_exclusive_discount
512846,2,1,6,3,0.5,0.5,0.5,Middle-age,Medium Spenders,0.0,0.0,1.5,0.5,0.75,1.0,0.12330456226880396,0.0,0.05,0.08631319358816276,0.2,0.5,0.25999999999999995,0.365,score_exclusive_discount
512848,2,1,6,2,0.5,0.3333333333333333,0.5833333333333334,Middle-age,Low Spenders,0.0,0.0,2.0,0.375,1.0,0.6666666666666666,0.17543859649122806,0.0,0.06666666666666667,0.12280701754385963,0.13333333333333333,0.5833333333333334,0.3466666666666667,0.2825,score_exclusive_discount
512880,2,1,6,1,0.5,0.16666666666666666,0.6666666666666667,Middle-age,At Risk,0.0,0.5,1.5,0.25,0.5,1.0,0.12738853503184713,0.16666666666666666,0.05,0.08917197452229299,0.33333333333333337,0.6666666666666667,0.185,0.19,score_exclusive_discount
512887,3,3,5,0,1.0,0.0,1.0,Middle-age,Medium Spenders,0.0,0.67,2.67,0.375,1.0,1.0,0.10593220338983052,0.22333333333333336,0.089,0.07415254237288135,0.3786666666666667,1.0,0.36229999999999996,0.28919999999999996,score_exclusive_discount
512888,2,1,6,2,0.5,0.3333333333333333,0.5833333333333334,Middle-age,Champions,0.0,0.5,8.33,0.375,1.0,0.6666666666666666,0.1402524544179523,0.16666666666666666,0.2776666666666667,0.09817671809256662,0.26666666666666666,0.5833333333333334,0.4943666666666666,0.34579999999999994,score_exclusive_discount
512900,2,2,7,2,1.0,0.2857142857142857,0.8571428571428572,Middle-age,Champions,0.0,0.0,6.75,0.4444444444444444,1.0,0.25,0.17699115044247787,0.0,0.225,0.1238938053097345,0.05,0.8571428571428572,0.4575,0.37861111111111106,score_exclusive_discount
512904,2,1,6,4,0.5,0.6666666666666666,0.4166666666666667,Elderly,Champions,0.0,1.25,8.0,0.625,1.0,0.8,0.0945179584120983,0.4166666666666667,0.26666666666666666,0.0661625708884688,0.4933333333333334,0.4166666666666667,0.48666666666666664,0.5175,score_free_night_flight
512922,5,1,3,1,0.2,0.3333333333333333,0.43333333333333335,Middle-age,At Risk,0.0,1.0,0.5,0.25,0.5,1.0,0.11001100110011001,0.3333333333333333,0.016666666666666666,0.077007700770077,0.4666666666666667,0.43333333333333335,0.16166666666666665,0.18,score_free_checkedbag
512928,4,2,4,0,0.5,0.0,0.75,0,0,0.0,0.0,0.0,0.0,0.0,0.0,0.0,0.0,0.0,0.0,0.0,0.75,0.0,0.0,score_exclusive_discount
512943,1,0,7,4,0.0,0.5714285714285714,0.2142857142857143,Middle-age,Medium Spenders,0.0,0.5,1.0,0.5,0.5,1.0,0.13531799729364005,0.16666666666666666,0.03333333333333333,0.09472259810554803,0.33333333333333337,0.2142857142857143,0.17333333333333334,0.36,score_free_night_flight
512945,3,0,5,3,0.0,0.6,0.2,Youth,High Spenders,0.0,0.0,5.67,0.375,0.6666666666666666,0.6666666666666666,0.008460952703274389,0.0,0.189,0.005922666892292072,0.13333333333333333,0.2,0.3323,0.31919999999999993,score_free_meal
512974,4,2,5,1,0.5,0.2,0.65,Youth,Medium Spenders,0.0,0.0,4.0,0.3333333333333333,0.6666666666666666,0.3333333333333333,0.005883045064125191,0.0,0.13333333333333333,0.004118131544887634,0.06666666666666667,0.65,0.29333333333333333,0.2733333333333333,score_exclusive_discount
512976,2,0,6,5,0.0,0.8333333333333334,0.08333333333333331,Middle-age,Champions,0.0,0.38,4.6,0.625,1.0,0.8,0.1203369434416366,0.12666666666666668,0.15333333333333332,0.08423586040914562,0.26133333333333336,0.08333333333333331,0.4073333333333333,0.4835,score_free_night_flight
512984,1,0,7,3,0.0,0.42857142857142855,0.2857142857142857,Middle-age,Medium Spenders,0.0,0.5,2.0,0.375,1.0,0.6666666666666666,0.16129032258064516,0.16666666666666666,0.06666666666666667,0.1129032258064516,0.26666666666666666,0.2857142857142857,0.3466666666666667,0.2825,score_free_meal
512999,1,0,7,3,0.0,0.42857142857142855,0.2857142857142857,Middle-age,Medium Spenders,0.0,0.67,1.0,0.375,0.6666666666666666,1.0,0.13869625520110956,0.22333333333333336,0.03333333333333333,0.09708737864077668,0.3786666666666667,0.2857142857142857,0.22333333333333333,0.27249999999999996,score_free_checkedbag
513004,0,0,8,4,0.0,0.5,0.5,Middle-age,High Spenders,0.0,0.5,3.75,0.5,0.75,1.0,0.11389521640091115,0.16666666666666666,0.125,0.0797266514806378,0.33333333333333337,0.5,0.3125,0.38749999999999996,score_exclusive_discount
513005,3,1,5,0,0.3333333333333333,0.0,0.6666666666666666,Middle-age,At Risk,0.0,1.0,1.0,0.125,1.0,1.0,0.0851063829787234,0.3333333333333333,0.03333333333333333,0.05957446808510638,0.4666666666666667,0.6666666666666666,0.3233333333333333,0.09749999999999999,score_exclusive_discount
513006,4,1,6,1,0.25,0.16666666666666666,0.5416666666666666,Middle-age,High Spenders,0.0,0.75,4.0,0.2,1.0,1.0,0.14124293785310735,0.25,0.13333333333333333,0.09887005649717513,0.4,0.5416666666666666,0.3933333333333333,0.18,score_exclusive_discount
513026,2,1,6,2,0.5,0.3333333333333333,0.5833333333333334,Middle-age,High Spenders,0.0,0.33,5.33,0.375,1.0,1.0,0.1234567901234568,0.11,0.17766666666666667,0.08641975308641975,0.28800000000000003,0.5833333333333334,0.42436666666666667,0.31579999999999997,score_exclusive_discount
513030,3,0,5,3,0.0,0.6,0.2,Middle-age,Medium Spenders,0.0,0.0,4.0,0.375,1.0,1.0,0.1122334455667789,0.0,0.13333333333333333,0.07856341189674523,0.2,0.2,0.3933333333333333,0.30249999999999994,score_free_meal
513031,4,1,5,2,0.25,0.4,0.425,Middle-age,High Spenders,0.0,1.0,2.67,0.3333333333333333,0.6666666666666666,0.6666666666666666,0.13458950201884254,0.3333333333333333,0.089,0.09421265141318977,0.4,0.425,0.2623,0.2600333333333333,score_exclusive_discount
513058,2,2,6,4,1.0,0.6666666666666666,0.6666666666666667,Middle-age,High Spenders,0.0,0.3,1.83,0.75,0.5,0.8333333333333334,0.1240694789081886,0.09999999999999999,0.061000000000000006,0.08684863523573202,0.2466666666666667,0.6666666666666667,0.19269999999999998,0.5432999999999999,score_exclusive_discount
513089,4,2,4,1,0.5,0.25,0.625,Middle-age,Medium Spenders,0.0,1.0,8.33,0.375,1.0,0.3333333333333333,0.11876484560570072,0.3333333333333333,0.2776666666666667,0.0831353919239905,0.3333333333333333,0.625,0.4943666666666666,0.34579999999999994,score_exclusive_discount
513090,5,2,4,0,0.4,0.0,0.7,Youth,Medium Spenders,0.0,1.25,0.5,0.2222222222222222,0.5,1.0,0.008641548565502939,0.4166666666666667,0.016666666666666666,0.0060490839958520564,0.5333333333333334,0.7,0.16166666666666665,0.16055555555555553,score_exclusive_discount
513091,2,0,7,0,0.0,0.0,0.5,0,0,0.0,0.0,0.0,0.0,0.0,0.0,0.0,0.0,0.0,0.0,0.0,0.5,0.0,0.0,score_exclusive_discount
513093,3,1,5,3,0.3333333333333333,0.6,0.3666666666666667,Middle-age,Champions,0.0,0.0,4.25,0.5,1.0,0.5,0.11574074074074073,0.0,0.14166666666666666,0.0810185185185185,0.1,0.3666666666666667,0.39916666666666667,0.39249999999999996,score_free_meal
513096,2,0,6,2,0.0,0.3333333333333333,0.33333333333333337,Middle-age,Medium Spenders,0.0,1.0,1.0,0.25,0.5,1.0,0.09225092250922509,0.3333333333333333,0.03333333333333333,0.06457564575645756,0.4666666666666667,0.33333333333333337,0.17333333333333334,0.185,score_free_checkedbag
513103,3,1,5,2,0.3333333333333333,0.4,0.4666666666666667,Middle-age,High Spenders,0.0,0.33,2.33,0.375,1.0,1.0,0.0979431929480901,0.11,0.07766666666666668,0.06856023506366307,0.28800000000000003,0.4666666666666667,0.35436666666666666,0.28579999999999994,score_exclusive_discount
513126,3,2,5,3,0.6666666666666666,0.6,0.5333333333333333,Middle-age,High Spenders,0.0,0.4,4.0,0.625,1.0,1.0,0.12150668286755771,0.13333333333333333,0.13333333333333333,0.0850546780072904,0.3066666666666667,0.5333333333333333,0.3933333333333333,0.4775,score_exclusive_discount
513138,1,0,7,0,0.0,0.0,0.5,0,0,0.0,0.0,0.0,0.0,0.0,0.0,0.0,0.0,0.0,0.0,0.0,0.5,0.0,0.0,score_exclusive_discount
513164,3,1,5,1,0.3333333333333333,0.2,0.5666666666666667,Middle-age,At Risk,0.0,0.0,2.0,0.25,0.5,1.0,0.11325028312570781,0.0,0.06666666666666667,0.07927519818799546,0.2,0.5666666666666667,0.19666666666666666,0.19499999999999998,score_exclusive_discount
513206,2,0,6,0,0.0,0.0,0.5,0,0,0.0,0.0,0.0,0.0,0.0,0.0,0.0,0.0,0.0,0.0,0.0,0.5,0.0,0.0,score_exclusive_discount
513216,3,2,6,2,0.6666666666666666,0.3333333333333333,0.6666666666666666,Middle-age,Medium Spenders,0.0,0.5,3.25,0.4444444444444444,0.75,1.0,0.1287001287001287,0.16666666666666666,0.10833333333333334,0.09009009009009009,0.33333333333333337,0.6666666666666666,0.3008333333333333,0.3436111111111111,score_exclusive_discount
513220,4,3,4,2,0.75,0.5,0.625,Middle-age,Champions,0.0,0.4,3.0,0.625,1.0,1.0,0.10845986984815617,0.13333333333333333,0.1,0.07592190889370931,0.3066666666666667,0.625,0.37,0.4675,score_exclusive_discount
513221,4,0,4,1,0.0,0.25,0.375,Middle-age,Medium Spenders,0.0,0.0,6.0,0.125,1.0,1.0,0.1360544217687075,0.0,0.2,0.09523809523809525,0.2,0.375,0.43999999999999995,0.1475,score_free_meal
513227,4,0,6,2,0.0,0.3333333333333333,0.33333333333333337,Elderly,Medium Spenders,0.0,0.0,3.0,0.2,1.0,1.0,0.1314060446780552,0.0,0.1,0.09198423127463863,0.2,0.33333333333333337,0.37,0.16999999999999998,score_free_meal
513233,2,1,7,2,0.5,0.2857142857142857,0.6071428571428572,Middle-age,High Spenders,0.0,1.0,2.33,0.3333333333333333,1.0,0.6666666666666666,0.12285012285012284,0.3333333333333333,0.07766666666666668,0.08599508599508598,0.4,0.6071428571428572,0.35436666666666666,0.2566333333333333,score_exclusive_discount
513236,1,1,7,7,1.0,1.0,0.5,Middle-age,Champions,0.0,0.08,4.0,1.0,1.0,0.75,0.12547051442910917,0.02666666666666667,0.13333333333333333,0.08782936010037641,0.17133333333333337,0.5,0.3933333333333333,0.74,score_free_night_flight
513237,2,1,6,1,0.5,0.16666666666666666,0.6666666666666667,Middle-age,Medium Spenders,0.0,0.0,4.0,0.25,1.0,0.5,0.1529051987767584,0.0,0.13333333333333333,0.10703363914373087,0.1,0.6666666666666667,0.3933333333333333,0.215,score_exclusive_discount
513241,3,0,5,0,0.0,0.0,0.5,0,0,0.0,0.0,0.0,0.0,0.0,0.0,0.0,0.0,0.0,0.0,0.0,0.5,0.0,0.0,score_exclusive_discount
513242,4,2,6,0,0.5,0.0,0.75,Middle-age,Medium Spenders,0.0,0.0,3.0,0.2,1.0,1.0,0.1297016861219196,0.0,0.1,0.0907911802853437,0.2,0.75,0.37,0.16999999999999998,score_exclusive_discount
513259,3,0,5,3,0.0,0.6,0.2,Middle-age,High Spenders,0.0,0.33,3.0,0.375,0.6666666666666666,1.0,0.11135857461024498,0.11,0.1,0.07795100222717148,0.28800000000000003,0.2,0.26999999999999996,0.2925,score_free_night_flight
513261,1,0,8,0,0.0,0.0,0.5,0,0,0.0,0.0,0.0,0.0,0.0,0.0,0.0,0.0,0.0,0.0,0.0,0.5,0.0,0.0,score_exclusive_discount
513289,4,0,4,1,0.0,0.25,0.375,Middle-age,Low Spenders,0.0,0.0,2.0,0.125,1.0,1.0,0.09852216748768472,0.0,0.06666666666666667,0.0689655172413793,0.2,0.375,0.3466666666666667,0.1075,score_exclusive_discount
513296,2,0,6,3,0.0,0.5,0.25,Middle-age,High Spenders,0.0,0.0,2.67,0.375,1.0,1.0,0.12106537530266344,0.0,0.089,0.0847457627118644,0.2,0.25,0.36229999999999996,0.28919999999999996,score_free_meal
513317,3,1,5,0,0.3333333333333333,0.0,0.6666666666666666,Middle-age,At Risk,0.0,0.0,0.0,0.125,0.0,1.0,0.08347245409015025,0.0,0.0,0.05843071786310517,0.2,0.6666666666666666,0.0,0.0875,score_exclusive_discount
513322,0,0,9,3,0.0,0.3333333333333333,0.5,Middle-age,Medium Spenders,0.0,1.0,1.33,0.3333333333333333,1.0,1.0,0.0949667616334283,0.3333333333333333,0.044333333333333336,0.06647673314339982,0.4666666666666667,0.5,0.33103333333333335,0.24663333333333332,score_exclusive_discount
513338,3,0,5,3,0.0,0.6,0.2,Middle-age,Low Spenders,0.0,0.0,2.0,0.375,1.0,1.0,0.12300123001230014,0.0,0.06666666666666667,0.08610086100861009,0.2,0.2,0.3466666666666667,0.2825,score_free_meal
513339,2,0,6,2,0.0,0.3333333333333333,0.33333333333333337,Middle-age,Medium Spenders,0.0,0.5,3.0,0.25,1.0,1.0,0.10183299389002036,0.16666666666666666,0.1,0.07128309572301425,0.33333333333333337,0.33333333333333337,0.37,0.205,score_free_meal
513345,3,1,6,1,0.3333333333333333,0.16666666666666666,0.5833333333333334,Youth,Low Spenders,0.0,0.0,8.0,0.2222222222222222,1.0,0.0,1.0,0.0,0.26666666666666666,0.7,0.0,0.5833333333333334,0.48666666666666664,0.23555555555555552,score_free_cancellation
513347,5,1,5,0,0.2,0.0,0.6,Middle-age,At Risk,0.0,1.0,2.0,0.1,1.0,1.0,0.09505703422053233,0.3333333333333333,0.06666666666666667,0.06653992395437262,0.4666666666666667,0.6,0.3466666666666667,0.09,score_exclusive_discount
513366,3,1,5,2,0.3333333333333333,0.4,0.4666666666666667,Middle-age,High Spenders,0.0,0.33,3.67,0.375,1.0,1.0,0.11210762331838565,0.11,0.12233333333333334,0.07847533632286996,0.28800000000000003,0.4666666666666667,0.38563333333333333,0.29919999999999997,score_exclusive_discount
513381,3,1,5,2,0.3333333333333333,0.4,0.4666666666666667,Middle-age,Low Spenders,0.0,0.67,1.33,0.375,1.0,1.0,0.08771929824561403,0.22333333333333336,0.044333333333333336,0.061403508771929814,0.3786666666666667,0.4666666666666667,0.33103333333333335,0.27579999999999993,score_exclusive_discount
513387,1,0,7,5,0.0,0.7142857142857143,0.14285714285714285,Middle-age,Champions,0.0,0.12,3.0,0.625,1.0,0.8,0.12019230769230768,0.04,0.1,0.08413461538461538,0.19200000000000003,0.14285714285714285,0.37,0.4675,score_free_night_flight
513397,1,1,7,4,1.0,0.5714285714285714,0.7142857142857143,Middle-age,Medium Spenders,0.0,0.5,2.2,0.625,0.8,0.8,0.11013215859030837,0.16666666666666666,0.07333333333333333,0.07709251101321585,0.29333333333333333,0.7142857142857143,0.29133333333333333,0.4595,score_exclusive_discount
513402,2,0,6,1,0.0,0.16666666666666666,0.4166666666666667,Middle-age,Low Spenders,0.0,1.0,1.0,0.125,1.0,1.0,0.08103727714748785,0.3333333333333333,0.03333333333333333,0.05672609400324149,0.4666666666666667,0.4166666666666667,0.3233333333333333,0.09749999999999999,score_free_checkedbag
513408,2,1,6,1,0.5,0.16666666666666666,0.6666666666666667,Middle-age,Champions,0.0,0.12,5.5,0.25,1.0,1.0,0.1488095238095238,0.04,0.18333333333333332,0.10416666666666666,0.232,0.6666666666666667,0.42833333333333334,0.22999999999999998,score_exclusive_discount
513422,1,0,7,2,0.0,0.2857142857142857,0.35714285714285715,Middle-age,Low Spenders,0.0,0.5,1.5,0.25,1.0,1.0,0.12903225806451613,0.16666666666666666,0.05,0.09032258064516129,0.33333333333333337,0.35714285714285715,0.33499999999999996,0.19,score_exclusive_discount
513425,1,0,8,0,0.0,0.0,0.5,0,0,0.0,0.0,0.0,0.0,0.0,0.0,0.0,0.0,0.0,0.0,0.0,0.5,0.0,0.0,score_exclusive_discount
513438,2,0,6,1,0.0,0.16666666666666666,0.4166666666666667,Middle-age,Champions,0.0,1.0,12.0,0.125,1.0,1.0,0.06896551724137931,0.3333333333333333,0.4,0.04827586206896552,0.4666666666666667,0.4166666666666667,0.58,0.2075,score_free_meal
513441,4,2,4,0,0.5,0.0,0.75,0,0,0.0,0.0,0.0,0.0,0.0,0.0,0.0,0.0,0.0,0.0,0.0,0.75,0.0,0.0,score_exclusive_discount
513470,0,0,8,0,0.0,0.0,0.5,0,0,0.0,0.0,0.0,0.0,0.0,0.0,0.0,0.0,0.0,0.0,0.0,0.5,0.0,0.0,score_exclusive_discount
513495,2,1,6,1,0.5,0.16666666666666666,0.6666666666666667,Middle-age,Champions,0.0,1.0,8.5,0.25,1.0,0.5,0.17301038062283736,0.3333333333333333,0.2833333333333333,0.12110726643598614,0.3666666666666667,0.6666666666666667,0.4983333333333333,0.26,score_exclusive_discount
513497,3,1,5,1,0.3333333333333333,0.2,0.5666666666666667,Middle-age,Low Spenders,0.0,0.0,4.0,0.25,1.0,0.5,0.09615384615384615,0.0,0.13333333333333333,0.06730769230769229,0.1,0.5666666666666667,0.3933333333333333,0.215,score_exclusive_discount
513509,2,0,6,2,0.0,0.3333333333333333,0.33333333333333337,Middle-age,At Risk,0.0,0.5,0.0,0.25,0.0,1.0,0.1631321370309951,0.16666666666666666,0.0,0.11419249592169657,0.33333333333333337,0.33333333333333337,0.0,0.175,score_free_checkedbag
513543,2,1,6,2,0.5,0.3333333333333333,0.5833333333333334,Middle-age,At Risk,0.33,0.0,5.0,0.375,1.0,0.6666666666666666,1.0,0.0,0.16666666666666666,0.7,0.13333333333333333,0.5833333333333334,0.41666666666666663,0.31249999999999994,score_free_cancellation
513546,1,0,7,0,0.0,0.0,0.5,0,0,0.0,0.0,0.0,0.0,0.0,0.0,0.0,0.0,0.0,0.0,0.0,0.5,0.0,0.0,score_exclusive_discount
513555,0,0,9,5,0.0,0.5555555555555556,0.5,Middle-age,High Spenders,0.0,0.5,2.2,0.5555555555555556,0.8,0.8,0.12706480304955528,0.16666666666666666,0.07333333333333333,0.08894536213468869,0.29333333333333333,0.5,0.29133333333333333,0.4108888888888889,score_exclusive_discount
513568,2,0,6,2,0.0,0.3333333333333333,0.33333333333333337,Middle-age,High Spenders,0.0,0.0,5.0,0.25,1.0,0.5,0.1404494382022472,0.0,0.16666666666666666,0.09831460674157304,0.1,0.33333333333333337,0.41666666666666663,0.22499999999999998,score_free_meal
513569,4,2,5,0,0.5,0.0,0.75,Youth,At Risk,0.0,1.0,1.5,0.2222222222222222,1.0,0.5,0.18761726078799248,0.3333333333333333,0.05,0.13133208255159473,0.3666666666666667,0.75,0.33499999999999996,0.17055555555555552,score_exclusive_discount
513582,0,0,8,3,0.0,0.375,0.5,Middle-age,Medium Spenders,0.0,0.67,1.67,0.375,0.6666666666666666,1.0,0.10405827263267431,0.22333333333333336,0.05566666666666666,0.07284079084287201,0.3786666666666667,0.5,0.23896666666666666,0.27919999999999995,score_exclusive_discount
513602,3,0,5,0,0.0,0.0,0.5,0,0,0.0,0.0,0.0,0.0,0.0,0.0,0.0,0.0,0.0,0.0,0.0,0.5,0.0,0.0,score_exclusive_discount
513611,4,2,4,1,0.5,0.25,0.625,Middle-age,Champions,0.0,0.5,5.67,0.375,1.0,0.6666666666666666,0.1183431952662722,0.16666666666666666,0.189,0.08284023668639054,0.26666666666666666,0.625,0.4323,0.31919999999999993,score_exclusive_discount
513613,2,1,6,2,0.5,0.3333333333333333,0.5833333333333334,Middle-age,Medium Spenders,0.0,0.0,4.33,0.375,1.0,0.6666666666666666,0.14388489208633093,0.0,0.14433333333333334,0.10071942446043164,0.13333333333333333,0.5833333333333334,0.40103333333333335,0.30579999999999996,score_exclusive_discount
513620,3,1,6,2,0.3333333333333333,0.3333333333333333,0.5,Youth,Medium Spenders,0.0,0.5,3.0,0.3333333333333333,1.0,0.6666666666666666,0.12836970474967907,0.16666666666666666,0.1,0.08985879332477534,0.26666666666666666,0.5,0.37,0.2633333333333333,score_exclusive_discount
513625,5,2,3,1,0.4,0.3333333333333333,0.5333333333333333,Middle-age,Champions,0.33,0.25,2.0,0.375,0.6666666666666666,1.0,0.16891891891891891,0.08333333333333333,0.06666666666666667,0.11824324324324323,0.26666666666666666,0.5333333333333333,0.24666666666666665,0.2825,score_exclusive_discount
513627,1,0,7,3,0.0,0.42857142857142855,0.2857142857142857,Middle-age,Medium Spenders,0.0,0.67,1.67,0.375,1.0,1.0,0.13550135501355015,0.22333333333333336,0.05566666666666666,0.0948509485094851,0.3786666666666667,0.2857142857142857,0.33896666666666664,0.27919999999999995,score_free_checkedbag
513628,2,0,6,3,0.0,0.5,0.25,Middle-age,Medium Spenders,0.0,1.0,2.0,0.375,1.0,1.0,0.13513513513513511,0.3333333333333333,0.06666666666666667,0.09459459459459457,0.4666666666666667,0.25,0.3466666666666667,0.2825,score_free_checkedbag
513638,0,0,8,4,0.0,0.5,0.5,Middle-age,Champions,0.0,0.5,5.0,0.5,1.0,1.0,0.1111111111111111,0.16666666666666666,0.16666666666666666,0.07777777777777777,0.33333333333333337,0.5,0.41666666666666663,0.39999999999999997,score_exclusive_discount
513659,2,0,6,3,0.0,0.5,0.25,Middle-age,High Spenders,0.0,0.0,4.67,0.375,1.0,1.0,0.12626262626262627,0.0,0.15566666666666668,0.08838383838383838,0.2,0.25,0.40896666666666665,0.3092,score_free_meal
513661,1,0,7,1,0.0,0.14285714285714285,0.4285714285714286,Youth,High Spenders,0.0,0.0,10.0,0.125,1.0,0.0,1.0,0.0,0.3333333333333333,0.7,0.0,0.4285714285714286,0.5333333333333333,0.1875,score_free_cancellation
513683,5,2,3,2,0.4,0.6666666666666666,0.3666666666666667,Middle-age,Medium Spenders,0.0,1.33,4.25,0.5,1.0,0.75,0.11614401858304298,0.44333333333333336,0.14166666666666666,0.08130081300813008,0.5046666666666667,0.3666666666666667,0.39916666666666667,0.39249999999999996,score_free_checkedbag
513714,2,0,6,1,0.0,0.16666666666666666,0.4166666666666667,Youth,At Risk,0.0,0.0,0.0,0.125,0.0,1.0,0.005075884472869397,0.0,0.0,0.003553119131008578,0.2,0.4166666666666667,0.0,0.0875,score_exclusive_discount
513721,1,0,8,5,0.0,0.625,0.1875,Middle-age,High Spenders,0.0,0.75,3.0,0.5555555555555556,1.0,0.8,0.14347202295552366,0.25,0.1,0.10043041606886656,0.36000000000000004,0.1875,0.37,0.41888888888888887,score_free_night_flight
513742,1,0,7,0,0.0,0.0,0.5,0,0,0.0,0.0,0.0,0.0,0.0,0.0,0.0,0.0,0.0,0.0,0.0,0.5,0.0,0.0,score_exclusive_discount
513761,2,1,6,2,0.5,0.3333333333333333,0.5833333333333334,Middle-age,High Spenders,0.0,0.33,4.67,0.375,1.0,1.0,0.10718113612004287,0.11,0.15566666666666668,0.07502679528403,0.28800000000000003,0.5833333333333334,0.40896666666666665,0.3092,score_exclusive_discount
513776,3,1,6,1,0.3333333333333333,0.16666666666666666,0.5833333333333334,Elderly,Low Spenders,0.0,0.0,3.5,0.2222222222222222,1.0,0.5,0.129366106080207,0.0,0.11666666666666667,0.09055627425614489,0.1,0.5833333333333334,0.38166666666666665,0.19055555555555553,score_exclusive_discount
513787,4,3,4,3,0.75,0.75,0.5,Middle-age,Medium Spenders,0.17,1.0,2.25,0.75,0.8333333333333334,1.0,0.12330456226880396,0.3333333333333333,0.075,0.08631319358816276,0.4666666666666667,0.5,0.3025,0.5474999999999999,score_free_night_flight
513791,3,1,5,3,0.3333333333333333,0.6,0.3666666666666667,Middle-age,Champions,0.0,0.38,6.5,0.5,1.0,1.0,0.12437810945273634,0.12666666666666668,0.21666666666666667,0.08706467661691543,0.30133333333333334,0.3666666666666667,0.45166666666666666,0.415,score_free_meal
513796,0,0,8,3,0.0,0.375,0.5,Middle-age,Champions,0.0,0.5,5.0,0.375,0.6666666666666666,1.0,0.1234567901234568,0.16666666666666666,0.16666666666666666,0.08641975308641975,0.33333333333333337,0.5,0.31666666666666665,0.31249999999999994,score_exclusive_discount
513800,1,0,7,0,0.0,0.0,0.5,0,0,0.0,0.0,0.0,0.0,0.0,0.0,0.0,0.0,0.0,0.0,0.0,0.5,0.0,0.0,score_exclusive_discount
513807,3,2,5,2,0.6666666666666666,0.4,0.6333333333333333,Middle-age,Medium Spenders,0.25,1.0,1.5,0.5,0.75,1.0,0.12019230769230768,0.3333333333333333,0.05,0.08413461538461538,0.4666666666666667,0.6333333333333333,0.25999999999999995,0.365,score_exclusive_discount
513823,2,0,6,0,0.0,0.0,0.5,0,0,0.0,0.0,0.0,0.0,0.0,0.0,0.0,0.0,0.0,0.0,0.0,0.5,0.0,0.0,score_exclusive_discount
513826,3,1,7,3,0.3333333333333333,0.42857142857142855,0.4523809523809524,Middle-age,High Spenders,0.0,0.5,1.0,0.4,0.5,1.0,0.11013215859030837,0.16666666666666666,0.03333333333333333,0.07709251101321585,0.33333333333333337,0.4523809523809524,0.17333333333333334,0.29,score_exclusive_discount
513844,2,0,6,3,0.0,0.5,0.25,Middle-age,Champions,0.0,0.5,3.33,0.375,0.6666666666666666,0.6666666666666666,0.1004016064257028,0.16666666666666666,0.111,0.07028112449799195,0.26666666666666666,0.25,0.27769999999999995,0.29579999999999995,score_free_night_flight
513853,2,0,7,3,0.0,0.42857142857142855,0.2857142857142857,Middle-age,Medium Spenders,0.0,0.0,2.0,0.3333333333333333,1.0,1.0,0.10695187165775401,0.0,0.06666666666666667,0.0748663101604278,0.2,0.2857142857142857,0.3466666666666667,0.2533333333333333,score_free_meal
513856,4,1,4,0,0.25,0.0,0.625,Middle-age,Low Spenders,0.0,1.0,8.0,0.125,1.0,1.0,0.16778523489932887,0.3333333333333333,0.26666666666666666,0.1174496644295302,0.4666666666666667,0.625,0.48666666666666664,0.16749999999999998,score_exclusive_discount
513860,0,0,8,3,0.0,0.375,0.5,Elderly,Champions,0.0,0.25,4.0,0.375,1.0,0.6666666666666666,0.09523809523809523,0.08333333333333333,0.13333333333333333,0.06666666666666665,0.2,0.5,0.3933333333333333,0.30249999999999994,score_exclusive_discount
513869,4,2,4,1,0.5,0.25,0.625,Middle-age,At Risk,0.33,0.0,7.0,0.375,1.0,0.6666666666666666,1.0,0.0,0.23333333333333334,0.7,0.13333333333333333,0.625,0.4633333333333333,0.33249999999999996,score_free_cancellation
513875,2,1,6,4,0.5,0.6666666666666666,0.4166666666666667,Middle-age,Champions,0.2,0.75,3.67,0.625,0.8,0.8,0.10384215991692626,0.25,0.12233333333333334,0.07268951194184838,0.36000000000000004,0.4166666666666667,0.32563333333333333,0.4742,score_free_night_flight
513917,3,1,5,2,0.3333333333333333,0.4,0.4666666666666667,Middle-age,High Spenders,0.0,0.67,4.0,0.375,1.0,1.0,0.10405827263267431,0.22333333333333336,0.13333333333333333,0.07284079084287201,0.3786666666666667,0.4666666666666667,0.3933333333333333,0.30249999999999994,score_exclusive_discount
513926,2,2,6,2,1.0,0.3333333333333333,0.8333333333333334,Middle-age,High Spenders,0.0,0.38,1.25,0.5,0.75,1.0,0.10351966873706003,0.12666666666666668,0.041666666666666664,0.07246376811594202,0.30133333333333334,0.8333333333333334,0.25416666666666665,0.3625,score_exclusive_discount
513933,0,0,8,3,0.0,0.375,0.5,Middle-age,Low Spenders,0.0,0.67,2.33,0.375,1.0,1.0,0.10298661174047373,0.22333333333333336,0.07766666666666668,0.0720906282183316,0.3786666666666667,0.5,0.35436666666666666,0.28579999999999994,score_exclusive_discount
513953,1,1,8,1,1.0,0.125,0.9375,Middle-age,Low Spenders,0.0,0.0,2.0,0.2222222222222222,1.0,0.5,0.10319917440660475,0.0,0.06666666666666667,0.07223942208462332,0.1,0.9375,0.3466666666666667,0.17555555555555552,score_exclusive_discount
513956,3,2,5,2,0.6666666666666666,0.4,0.6333333333333333,Middle-age,Medium Spenders,0.0,0.5,0.5,0.5,0.5,1.0,0.10050251256281408,0.16666666666666666,0.016666666666666666,0.07035175879396985,0.33333333333333337,0.6333333333333333,0.16166666666666665,0.355,score_exclusive_discount
513964,2,1,6,4,0.5,0.6666666666666666,0.4166666666666667,Middle-age,High Spenders,0.0,0.4,0.8,0.625,0.6,1.0,0.10638297872340426,0.13333333333333333,0.02666666666666667,0.07446808510638298,0.3066666666666667,0.4166666666666667,0.19866666666666666,0.4455,score_free_night_flight
513967,3,1,6,5,0.3333333333333333,0.8333333333333334,0.25,Middle-age,Champions,0.0,0.67,4.5,0.6666666666666666,1.0,1.0,0.020716801325875285,0.22333333333333336,0.15,0.014501760928112698,0.3786666666666667,0.25,0.40499999999999997,0.5116666666666666,score_free_night_flight
513995,3,1,5,3,0.3333333333333333,0.6,0.3666666666666667,Middle-age,Champions,0.0,0.5,4.75,0.5,1.0,0.5,0.1321003963011889,0.16666666666666666,0.15833333333333333,0.09247027741083222,0.23333333333333334,0.3666666666666667,0.41083333333333333,0.39749999999999996,score_free_meal
514002,0,0,8,5,0.0,0.625,0.5,Middle-age,High Spenders,0.0,0.4,2.6,0.625,1.0,1.0,0.12391573729863692,0.13333333333333333,0.08666666666666667,0.08674101610904583,0.3066666666666667,0.5,0.36066666666666664,0.4635,score_exclusive_discount
514003,3,0,5,3,0.0,0.6,0.2,Middle-age,High Spenders,0.0,1.33,2.33,0.375,1.0,1.0,0.1002004008016032,0.44333333333333336,0.07766666666666668,0.07014028056112223,0.5546666666666666,0.2,0.35436666666666666,0.28579999999999994,score_free_checkedbag
514021,2,2,6,0,1.0,0.0,1.0,Elderly,Champions,0.0,0.0,18.5,0.25,1.0,0.0,1.0,0.0,0.6166666666666667,0.7,0.0,1.0,0.7316666666666667,0.36,score_exclusive_discount
514023,3,2,5,1,0.6666666666666666,0.2,0.7333333333333333,Middle-age,Medium Spenders,0.0,0.0,3.0,0.375,1.0,0.6666666666666666,0.09560229445506692,0.0,0.1,0.06692160611854683,0.13333333333333333,0.7333333333333333,0.37,0.2925,score_exclusive_discount
514053,3,2,5,0,0.6666666666666666,0.0,0.8333333333333333,Middle-age,Medium Spenders,0.0,0.0,8.5,0.25,1.0,0.5,0.1336898395721925,0.0,0.2833333333333333,0.09358288770053474,0.1,0.8333333333333333,0.4983333333333333,0.26,score_exclusive_discount
514071,2,1,6,2,0.5,0.3333333333333333,0.5833333333333334,Middle-age,Medium Spenders,0.0,0.67,1.0,0.375,1.0,1.0,0.08756567425569177,0.22333333333333336,0.03333333333333333,0.06129597197898423,0.3786666666666667,0.5833333333333334,0.3233333333333333,0.27249999999999996,score_exclusive_discount
514076,2,0,7,2,0.0,0.2857142857142857,0.35714285714285715,Middle-age,Champions,0.0,1.0,10.5,0.2222222222222222,1.0,0.5,0.11918951132300357,0.3333333333333333,0.35,0.0834326579261025,0.3666666666666667,0.35714285714285715,0.5449999999999999,0.26055555555555554,score_free_meal
514113,1,0,7,2,0.0,0.2857142857142857,0.35714285714285715,Youth,Low Spenders,0.0,0.0,3.0,0.25,1.0,0.5,0.15408320493066255,0.0,0.1,0.10785824345146378,0.1,0.35714285714285715,0.37,0.205,score_free_meal
514132,1,0,7,5,0.0,0.7142857142857143,0.14285714285714285,Middle-age,High Spenders,0.0,0.4,2.4,0.625,0.8,1.0,0.11737089201877934,0.13333333333333333,0.08,0.08215962441314553,0.3066666666666667,0.14285714285714285,0.296,0.4615,score_free_night_flight
514133,2,1,6,2,0.5,0.3333333333333333,0.5833333333333334,Middle-age,Low Spenders,0.0,0.5,1.33,0.375,0.6666666666666666,0.6666666666666666,0.11627906976744186,0.16666666666666666,0.044333333333333336,0.0813953488372093,0.26666666666666666,0.5833333333333334,0.2310333333333333,0.27579999999999993,score_exclusive_discount
514164,2,1,8,3,0.5,0.375,0.5625,Middle-age,High Spenders,0.0,0.33,3.0,0.4,1.0,0.75,0.14556040756914118,0.11,0.1,0.10189228529839882,0.23800000000000004,0.5625,0.37,0.30999999999999994,score_exclusive_discount
514167,1,1,7,3,1.0,0.42857142857142855,0.7857142857142857,Middle-age,Low Spenders,0.25,0.5,1.5,0.5,1.0,1.0,0.08156606851549755,0.16666666666666666,0.05,0.057096247960848286,0.33333333333333337,0.7857142857142857,0.33499999999999996,0.365,score_exclusive_discount
514206,2,2,6,1,1.0,0.16666666666666666,0.9166666666666667,Middle-age,High Spenders,0.0,1.0,2.0,0.375,0.6666666666666666,1.0,0.11990407673860912,0.3333333333333333,0.06666666666666667,0.08393285371702637,0.4666666666666667,0.9166666666666667,0.24666666666666665,0.2825,score_exclusive_discount
514208,2,0,6,1,0.0,0.16666666666666666,0.4166666666666667,Middle-age,At Risk,0.0,0.0,3.0,0.125,1.0,1.0,0.09225092250922509,0.0,0.1,0.06457564575645756,0.2,0.4166666666666667,0.37,0.1175,score_exclusive_discount
514210,2,2,7,1,1.0,0.14285714285714285,0.9285714285714286,Middle-age,Low Spenders,0.0,0.33,2.33,0.3333333333333333,1.0,1.0,0.14814814814814814,0.11,0.07766666666666668,0.10370370370370369,0.28800000000000003,0.9285714285714286,0.35436666666666666,0.2566333333333333,score_exclusive_discount
514215,4,2,4,1,0.5,0.25,0.625,Middle-age,Medium Spenders,0.0,0.0,4.33,0.375,1.0,1.0,0.1278772378516624,0.0,0.14433333333333334,0.08951406649616368,0.2,0.625,0.40103333333333335,0.30579999999999996,score_exclusive_discount
514235,2,0,6,1,0.0,0.16666666666666666,0.4166666666666667,Middle-age,At Risk,0.0,0.0,3.0,0.125,1.0,1.0,0.07320644216691069,0.0,0.1,0.05124450951683748,0.2,0.4166666666666667,0.37,0.1175,score_exclusive_discount
514261,4,2,4,1,0.5,0.25,0.625,Middle-age,Low Spenders,0.0,0.5,1.0,0.375,1.0,1.0,0.13850415512465375,0.16666666666666666,0.03333333333333333,0.09695290858725762,0.33333333333333337,0.625,0.3233333333333333,0.27249999999999996,score_exclusive_discount
514275,2,0,6,3,0.0,0.5,0.25,Middle-age,High Spenders,0.0,0.25,5.0,0.375,1.0,0.6666666666666666,0.15337423312883436,0.08333333333333333,0.16666666666666666,0.10736196319018404,0.2,0.25,0.41666666666666663,0.31249999999999994,score_free_meal
514289,4,0,5,0,0.0,0.0,0.5,0,0,0.0,0.0,0.0,0.0,0.0,0.0,0.0,0.0,0.0,0.0,0.0,0.5,0.0,0.0,score_exclusive_discount
514300,3,2,5,2,0.6666666666666666,0.4,0.6333333333333333,Middle-age,At Risk,0.25,1.0,0.5,0.5,0.5,1.0,0.1336898395721925,0.3333333333333333,0.016666666666666666,0.09358288770053474,0.4666666666666667,0.6333333333333333,0.16166666666666665,0.355,score_exclusive_discount
514315,1,0,7,1,0.0,0.14285714285714285,0.4285714285714286,Youth,Low Spenders,0.0,1.0,2.0,0.125,1.0,1.0,0.10384215991692626,0.3333333333333333,0.06666666666666667,0.07268951194184838,0.4666666666666667,0.4285714285714286,0.3466666666666667,0.1075,score_free_checkedbag
514318,3,3,5,1,1.0,0.2,0.9,Middle-age,High Spenders,0.0,1.0,3.0,0.5,1.0,0.5,0.12106537530266344,0.3333333333333333,0.1,0.0847457627118644,0.3666666666666667,0.9,0.37,0.38,score_exclusive_discount
514324,2,1,7,2,0.5,0.2857142857142857,0.6071428571428572,Middle-age,Medium Spenders,0.0,0.67,2.33,0.3333333333333333,1.0,1.0,0.11976047904191617,0.22333333333333336,0.07766666666666668,0.08383233532934131,0.3786666666666667,0.6071428571428572,0.35436666666666666,0.2566333333333333,score_exclusive_discount
514337,5,3,4,1,0.6,0.25,0.675,Middle-age,Champions,0.0,1.0,6.25,0.4444444444444444,1.0,0.5,0.13089005235602094,0.3333333333333333,0.20833333333333334,0.09162303664921466,0.3666666666666667,0.675,0.4458333333333333,0.37361111111111106,score_exclusive_discount
514342,3,1,5,3,0.3333333333333333,0.6,0.3666666666666667,Middle-age,Champions,0.0,0.83,2.0,0.5,0.5,1.0,0.10224948875255624,0.27666666666666667,0.06666666666666667,0.07157464212678936,0.42133333333333334,0.3666666666666667,0.19666666666666666,0.37,score_free_checkedbag
514344,4,3,5,3,0.75,0.6,0.575,Elderly,Champions,0.0,0.67,2.17,0.6666666666666666,0.8333333333333334,1.0,0.11248593925759279,0.22333333333333336,0.07233333333333333,0.07874015748031495,0.3786666666666667,0.575,0.3006333333333333,0.4883666666666666,score_exclusive_discount
514370,2,1,6,2,0.5,0.3333333333333333,0.5833333333333334,Middle-age,Champions,0.0,0.0,4.0,0.375,1.0,1.0,0.13157894736842105,0.0,0.13333333333333333,0.09210526315789473,0.2,0.5833333333333334,0.3933333333333333,0.30249999999999994,score_exclusive_discount
514384,5,0,3,1,0.0,0.3333333333333333,0.33333333333333337,Middle-age,Medium Spenders,0.0,0.5,1.0,0.125,1.0,1.0,0.10373443983402489,0.16666666666666666,0.03333333333333333,0.07261410788381742,0.33333333333333337,0.33333333333333337,0.3233333333333333,0.09749999999999999,score_free_checkedbag
514395,3,1,5,2,0.3333333333333333,0.4,0.4666666666666667,Middle-age,Medium Spenders,0.0,0.33,8.0,0.375,1.0,1.0,0.13003901170351104,0.11,0.26666666666666666,0.09102730819245772,0.28800000000000003,0.4666666666666667,0.48666666666666664,0.34249999999999997,score_free_meal
514457,3,1,7,3,0.3333333333333333,0.42857142857142855,0.4523809523809524,Middle-age,Champions,0.0,0.5,4.5,0.4,1.0,1.0,0.11299435028248588,0.16666666666666666,0.15,0.0790960451977401,0.33333333333333337,0.4523809523809524,0.40499999999999997,0.32499999999999996,score_exclusive_discount
514460,2,1,6,3,0.5,0.5,0.5,Middle-age,High Spenders,0.0,0.67,5.0,0.5,0.75,0.75,0.13661202185792348,0.22333333333333336,0.16666666666666666,0.09562841530054643,0.3286666666666667,0.5,0.3416666666666666,0.39999999999999997,score_exclusive_discount
514461,2,0,6,3,0.0,0.5,0.25,Middle-age,Champions,0.0,1.0,10.67,0.375,1.0,0.3333333333333333,0.09615384615384615,0.3333333333333333,0.3556666666666667,0.06730769230769229,0.3333333333333333,0.25,0.5489666666666666,0.3692,score_free_meal
514501,1,1,7,0,1.0,0.0,1.0,Middle-age,At Risk,0.0,0.0,10.0,0.125,1.0,0.0,1.0,0.0,0.3333333333333333,0.7,0.0,1.0,0.5333333333333333,0.1875,score_exclusive_discount
514503,4,1,4,1,0.25,0.25,0.5,Youth,Champions,0.0,0.0,11.0,0.25,1.0,0.0,1.0,0.0,0.36666666666666664,0.7,0.0,0.5,0.5566666666666666,0.285,score_free_cancellation
514515,2,1,6,2,0.5,0.3333333333333333,0.5833333333333334,Middle-age,Champions,0.0,0.67,0.67,0.375,0.6666666666666666,1.0,0.13123359580052493,0.22333333333333336,0.022333333333333334,0.09186351706036745,0.3786666666666667,0.5833333333333334,0.21563333333333332,0.26919999999999994,score_exclusive_discount
514526,4,3,4,2,0.75,0.5,0.625,Middle-age,High Spenders,0.0,0.3,1.4,0.625,1.0,1.0,0.11415525114155252,0.09999999999999999,0.04666666666666666,0.07990867579908675,0.28,0.625,0.33266666666666667,0.4515,score_exclusive_discount
514551,4,1,6,0,0.25,0.0,0.625,Youth,High Spenders,0.0,0.0,13.0,0.1,1.0,0.0,1.0,0.0,0.43333333333333335,0.7,0.0,0.625,0.6033333333333333,0.2,score_free_cancellation
514586,2,0,7,3,0.0,0.42857142857142855,0.2857142857142857,Middle-age,Low Spenders,0.0,0.67,3.67,0.3333333333333333,1.0,1.0,0.1342281879194631,0.22333333333333336,0.12233333333333334,0.09395973154362415,0.3786666666666667,0.2857142857142857,0.38563333333333333,0.2700333333333333,score_free_meal
514589,4,0,4,1,0.0,0.25,0.375,Middle-age,Low Spenders,0.0,1.0,2.0,0.125,1.0,1.0,0.12987012987012986,0.3333333333333333,0.06666666666666667,0.0909090909090909,0.4666666666666667,0.375,0.3466666666666667,0.1075,score_free_checkedbag
514617,2,1,6,3,0.5,0.5,0.5,Middle-age,Champions,0.0,0.33,2.25,0.5,0.75,0.75,0.10706638115631692,0.11,0.075,0.07494646680942184,0.23800000000000004,0.5,0.27749999999999997,0.3725,score_exclusive_discount
514623,2,0,6,1,0.0,0.16666666666666666,0.4166666666666667,Middle-age,Low Spenders,0.0,1.0,4.0,0.125,1.0,1.0,0.11061946902654868,0.3333333333333333,0.13333333333333333,0.07743362831858407,0.4666666666666667,0.4166666666666667,0.3933333333333333,0.1275,score_free_checkedbag
514627,4,2,4,3,0.5,0.75,0.375,Middle-age,High Spenders,0.2,0.67,1.33,0.625,0.8,1.0,0.09140767824497258,0.22333333333333336,0.044333333333333336,0.0639853747714808,0.3786666666666667,0.375,0.27103333333333335,0.4508,score_free_night_flight
514638,2,2,6,2,1.0,0.3333333333333333,0.8333333333333334,Middle-age,Champions,0.0,0.61,6.0,0.5,1.0,0.75,0.09861932938856015,0.20333333333333334,0.2,0.0690335305719921,0.3126666666666667,0.8333333333333334,0.43999999999999995,0.41,score_exclusive_discount
514639,0,0,8,0,0.0,0.0,0.5,0,0,0.0,0.0,0.0,0.0,0.0,0.0,0.0,0.0,0.0,0.0,0.0,0.5,0.0,0.0,score_exclusive_discount
514642,2,0,6,0,0.0,0.0,0.5,0,0,0.0,0.0,0.0,0.0,0.0,0.0,0.0,0.0,0.0,0.0,0.0,0.5,0.0,0.0,score_exclusive_discount
514660,0,0,8,4,0.0,0.5,0.5,Middle-age,High Spenders,0.0,0.5,1.25,0.5,0.75,1.0,0.11001100110011001,0.16666666666666666,0.041666666666666664,0.077007700770077,0.33333333333333337,0.5,0.25416666666666665,0.3625,score_exclusive_discount
514675,1,0,8,3,0.0,0.375,0.3125,Middle-age,High Spenders,0.0,0.67,2.0,0.3333333333333333,1.0,1.0,0.13003901170351104,0.22333333333333336,0.06666666666666667,0.09102730819245772,0.3786666666666667,0.3125,0.3466666666666667,0.2533333333333333,score_free_checkedbag
514682,2,2,7,2,1.0,0.2857142857142857,0.8571428571428572,Middle-age,Medium Spenders,0.0,0.67,3.0,0.4444444444444444,1.0,0.75,0.0947867298578199,0.22333333333333336,0.1,0.06635071090047392,0.3286666666666667,0.8571428571428572,0.37,0.34111111111111103,score_exclusive_discount
514684,4,0,4,0,0.0,0.0,0.5,0,0,0.0,0.0,0.0,0.0,0.0,0.0,0.0,0.0,0.0,0.0,0.0,0.5,0.0,0.0,score_exclusive_discount
514689,2,1,6,1,0.5,0.16666666666666666,0.6666666666666667,Middle-age,At Risk,0.0,0.5,1.0,0.25,1.0,1.0,0.10787486515641856,0.16666666666666666,0.03333333333333333,0.07551240560949299,0.33333333333333337,0.6666666666666667,0.3233333333333333,0.185,score_exclusive_discount
514737,3,1,5,3,0.3333333333333333,0.6,0.3666666666666667,Middle-age,Medium Spenders,0.0,0.75,4.5,0.5,1.0,1.0,0.09569377990430622,0.25,0.15,0.06698564593301434,0.4,0.3666666666666667,0.40499999999999997,0.39499999999999996,score_free_meal
514785,1,1,7,2,1.0,0.2857142857142857,0.8571428571428572,Middle-age,Low Spenders,0.0,0.33,1.67,0.375,1.0,1.0,0.11862396204033215,0.11,0.05566666666666666,0.0830367734282325,0.28800000000000003,0.8571428571428572,0.33896666666666664,0.27919999999999995,score_exclusive_discount
514810,6,2,2,1,0.3333333333333333,0.5,0.41666666666666663,Middle-age,High Spenders,0.0,0.0,7.0,0.375,1.0,0.3333333333333333,0.10695187165775401,0.0,0.23333333333333334,0.0748663101604278,0.06666666666666667,0.41666666666666663,0.4633333333333333,0.33249999999999996,score_free_meal
514830,1,0,8,2,0.0,0.25,0.375,Middle-age,Low Spenders,0.0,1.0,1.5,0.2222222222222222,0.5,1.0,0.09803921568627452,0.3333333333333333,0.05,0.06862745098039216,0.4666666666666667,0.375,0.185,0.17055555555555552,score_free_checkedbag
514867,2,0,6,3,0.0,0.5,0.25,Middle-age,Champions,0.0,0.33,4.33,0.375,1.0,1.0,0.11862396204033215,0.11,0.14433333333333334,0.0830367734282325,0.28800000000000003,0.25,0.40103333333333335,0.30579999999999996,score_free_meal
514876,3,0,5,1,0.0,0.2,0.4,Youth,Medium Spenders,0.0,0.0,8.0,0.125,1.0,0.0,1.0,0.0,0.26666666666666666,0.7,0.0,0.4,0.48666666666666664,0.16749999999999998,score_free_cancellation
514892,2,2,7,3,1.0,0.42857142857142855,0.7857142857142857,Middle-age,Champions,0.0,0.7,4.2,0.5555555555555556,1.0,1.0,0.09345794392523366,0.2333333333333333,0.14,0.06542056074766356,0.38666666666666666,0.7857142857142857,0.398,0.4308888888888889,score_exclusive_discount
514893,3,1,5,0,0.3333333333333333,0.0,0.6666666666666666,Elderly,High Spenders,0.0,0.0,10.0,0.125,1.0,0.0,1.0,0.0,0.3333333333333333,0.7,0.0,0.6666666666666666,0.5333333333333333,0.1875,score_free_cancellation
514899,6,4,3,2,0.6666666666666666,0.6666666666666666,0.5,Middle-age,Champions,0.0,0.64,1.83,0.6666666666666666,0.8333333333333334,1.0,0.1322751322751323,0.21333333333333335,0.061000000000000006,0.0925925925925926,0.3706666666666667,0.5,0.2927,0.4849666666666666,score_exclusive_discount
514925,4,1,4,2,0.25,0.5,0.375,Youth,Low Spenders,0.33,0.0,7.0,0.375,1.0,0.6666666666666666,1.0,0.0,0.23333333333333334,0.7,0.13333333333333333,0.375,0.4633333333333333,0.33249999999999996,score_free_cancellation
514926,1,0,7,3,0.0,0.42857142857142855,0.2857142857142857,Middle-age,Medium Spenders,0.0,0.0,3.33,0.375,1.0,0.6666666666666666,0.111731843575419,0.0,0.111,0.0782122905027933,0.13333333333333333,0.2857142857142857,0.3777,0.29579999999999995,score_free_meal
514931,2,0,7,0,0.0,0.0,0.5,0,0,0.0,0.0,0.0,0.0,0.0,0.0,0.0,0.0,0.0,0.0,0.0,0.5,0.0,0.0,score_exclusive_discount
514944,2,0,7,1,0.0,0.14285714285714285,0.4285714285714286,Middle-age,Low Spenders,0.0,1.0,4.0,0.1111111111111111,1.0,1.0,0.12285012285012284,0.3333333333333333,0.13333333333333333,0.08599508599508598,0.4666666666666667,0.4285714285714286,0.3933333333333333,0.11777777777777776,score_free_checkedbag
514951,1,0,7,2,0.0,0.2857142857142857,0.35714285714285715,Middle-age,Champions,0.0,0.75,2.0,0.25,0.5,1.0,0.009762764814995606,0.25,0.06666666666666667,0.006833935370496924,0.4,0.35714285714285715,0.19666666666666666,0.19499999999999998,score_free_checkedbag
514953,2,2,7,2,1.0,0.2857142857142857,0.8571428571428572,Middle-age,Champions,0.25,0.0,10.0,0.4444444444444444,1.0,0.5,1.0,0.0,0.3333333333333333,0.7,0.1,0.8571428571428572,0.5333333333333333,0.41111111111111104,score_exclusive_discount
514980,5,5,3,2,1.0,0.6666666666666666,0.6666666666666667,Middle-age,Champions,0.0,0.57,4.29,0.875,1.0,1.0,0.09250693802035152,0.18999999999999997,0.143,0.06475485661424606,0.352,0.6666666666666667,0.40009999999999996,0.6554,score_exclusive_discount
514981,1,0,7,3,0.0,0.42857142857142855,0.2857142857142857,Middle-age,Medium Spenders,0.0,0.33,3.67,0.375,1.0,1.0,0.0881057268722467,0.11,0.12233333333333334,0.06167400881057269,0.28800000000000003,0.2857142857142857,0.38563333333333333,0.29919999999999997,score_free_meal
515004,2,0,6,2,0.0,0.3333333333333333,0.33333333333333337,Middle-age,Medium Spenders,0.0,1.0,4.5,0.25,1.0,0.5,0.09354536950420955,0.3333333333333333,0.15,0.06548175865294668,0.3666666666666667,0.33333333333333337,0.40499999999999997,0.21999999999999997,score_free_meal
515013,2,1,6,1,0.5,0.16666666666666666,0.6666666666666667,Middle-age,Low Spenders,0.0,0.5,0.5,0.25,0.5,1.0,0.14684287812041116,0.16666666666666666,0.016666666666666666,0.1027900146842878,0.33333333333333337,0.6666666666666667,0.16166666666666665,0.18,score_exclusive_discount
515020,1,0,7,3,0.0,0.42857142857142855,0.2857142857142857,Youth,High Spenders,0.0,1.0,5.0,0.375,1.0,0.6666666666666666,0.09784735812133072,0.3333333333333333,0.16666666666666666,0.0684931506849315,0.4,0.2857142857142857,0.41666666666666663,0.31249999999999994,score_free_meal
515030,1,0,7,1,0.0,0.14285714285714285,0.4285714285714286,Middle-age,Low Spenders,0.0,0.0,13.0,0.125,1.0,1.0,0.24875621890547267,0.0,0.43333333333333335,0.17412935323383086,0.2,0.4285714285714286,0.6033333333333333,0.2175,score_free_meal
515051,2,1,7,4,0.5,0.5714285714285714,0.4642857142857143,Middle-age,Champions,0.0,1.2,5.4,0.5555555555555556,1.0,1.0,0.12531328320802004,0.39999999999999997,0.18000000000000002,0.08771929824561403,0.52,0.4642857142857143,0.426,0.4428888888888889,score_free_checkedbag
515058,1,0,7,5,0.0,0.7142857142857143,0.14285714285714285,Middle-age,Champions,0.0,0.25,2.4,0.625,1.0,0.8,0.1310615989515072,0.08333333333333333,0.08,0.09174311926605504,0.22666666666666668,0.14285714285714285,0.356,0.4615,score_free_night_flight
515060,2,0,7,2,0.0,0.2857142857142857,0.35714285714285715,Middle-age,Low Spenders,0.0,1.0,3.0,0.2222222222222222,1.0,1.0,0.1023541453428864,0.3333333333333333,0.1,0.07164790174002048,0.4666666666666667,0.35714285714285715,0.37,0.18555555555555553,score_free_checkedbag
515085,3,1,6,2,0.3333333333333333,0.3333333333333333,0.5,Middle-age,Low Spenders,0.33,0.0,9.0,0.3333333333333333,1.0,0.6666666666666666,1.0,0.0,0.3,0.7,0.13333333333333333,0.5,0.51,0.3233333333333333,score_free_cancellation
515103,3,2,5,1,0.6666666666666666,0.2,0.7333333333333333,Middle-age,Medium Spenders,0.0,1.0,2.33,0.375,1.0,1.0,0.11261261261261263,0.3333333333333333,0.07766666666666668,0.07882882882882883,0.4666666666666667,0.7333333333333333,0.35436666666666666,0.28579999999999994,score_exclusive_discount
515124,2,1,6,4,0.5,0.6666666666666666,0.4166666666666667,Middle-age,High Spenders,0.2,0.5,1.67,0.625,1.0,1.0,0.11013215859030837,0.16666666666666666,0.05566666666666666,0.07709251101321585,0.33333333333333337,0.4166666666666667,0.33896666666666664,0.4542,score_free_night_flight
515131,2,1,7,4,0.5,0.5714285714285714,0.4642857142857143,Middle-age,Champions,0.0,0.5,3.8,0.5555555555555556,1.0,1.0,0.12150668286755771,0.16666666666666666,0.12666666666666665,0.0850546780072904,0.33333333333333337,0.4642857142857143,0.3886666666666666,0.4268888888888889,score_exclusive_discount
515139,4,1,6,3,0.25,0.5,0.375,Middle-age,Medium Spenders,0.25,0.0,2.0,0.4,1.0,1.0,0.1019367991845056,0.0,0.06666666666666667,0.07135575942915391,0.2,0.375,0.3466666666666667,0.3,score_exclusive_discount
515161,2,2,6,1,1.0,0.16666666666666666,0.9166666666666667,Middle-age,Medium Spenders,0.0,1.0,4.67,0.375,1.0,0.6666666666666666,0.12121212121212122,0.3333333333333333,0.15566666666666668,0.08484848484848484,0.4,0.9166666666666667,0.40896666666666665,0.3092,score_exclusive_discount
515168,1,0,8,2,0.0,0.25,0.375,Middle-age,Champions,0.0,0.0,3.5,0.2222222222222222,1.0,0.0,1.0,0.0,0.11666666666666667,0.7,0.0,0.375,0.38166666666666665,0.19055555555555553,score_free_cancellation
515182,0,0,8,6,0.0,0.75,0.5,Middle-age,Champions,0.0,0.83,2.0,0.75,1.0,1.0,0.12376237623762376,0.27666666666666667,0.06666666666666667,0.08663366336633663,0.42133333333333334,0.5,0.3466666666666667,0.5449999999999999,score_free_night_flight
515198,3,1,5,0,0.3333333333333333,0.0,0.6666666666666666,Middle-age,High Spenders,0.0,0.0,20.0,0.125,1.0,0.0,1.0,0.0,0.6666666666666666,0.7,0.0,0.6666666666666666,0.7666666666666666,0.2875,score_free_meal
515200,4,1,4,1,0.25,0.25,0.5,Middle-age,Champions,0.0,0.17,3.5,0.25,1.0,1.0,0.13386880856760375,0.05666666666666667,0.11666666666666667,0.09370816599732262,0.24533333333333335,0.5,0.38166666666666665,0.21,score_exclusive_discount
515202,2,0,7,1,0.0,0.14285714285714285,0.4285714285714286,Elderly,High Spenders,0.0,0.0,3.0,0.1111111111111111,1.0,0.0,1.0,0.0,0.1,0.7,0.0,0.4285714285714286,0.37,0.10777777777777776,score_free_cancellation
515205,2,1,6,1,0.5,0.16666666666666666,0.6666666666666667,0,0,0.0,0.0,0.0,0.0,0.0,0.0,0.0,0.0,0.0,0.0,0.0,0.6666666666666667,0.0,0.0,score_exclusive_discount
515229,5,3,4,3,0.6,0.75,0.425,Middle-age,Champions,0.17,0.17,4.25,0.6666666666666666,1.0,0.6666666666666666,0.09940357852882703,0.05666666666666667,0.14166666666666666,0.06958250497017891,0.17866666666666667,0.425,0.39916666666666667,0.5091666666666667,score_free_night_flight
515240,2,0,6,1,0.0,0.16666666666666666,0.4166666666666667,Middle-age,Medium Spenders,0.0,0.0,5.0,0.125,1.0,0.0,1.0,0.0,0.16666666666666666,0.7,0.0,0.4166666666666667,0.41666666666666663,0.13749999999999998,score_free_cancellation
515243,2,1,6,3,0.5,0.5,0.5,Middle-age,Champions,0.0,0.12,0.75,0.5,0.5,1.0,0.10362694300518134,0.04,0.025,0.07253886010362694,0.232,0.5,0.16749999999999998,0.3575,score_exclusive_discount
515258,2,1,6,2,0.5,0.3333333333333333,0.5833333333333334,Youth,Medium Spenders,0.0,0.33,1.33,0.375,1.0,1.0,0.10626992561105207,0.11,0.044333333333333336,0.07438894792773644,0.28800000000000003,0.5833333333333334,0.33103333333333335,0.27579999999999993,score_exclusive_discount
515271,2,0,6,3,0.0,0.5,0.25,Middle-age,Low Spenders,0.0,0.0,1.0,0.375,1.0,1.0,0.11402508551881414,0.0,0.03333333333333333,0.07981755986316989,0.2,0.25,0.3233333333333333,0.27249999999999996,score_free_meal
515274,2,1,6,5,0.5,0.8333333333333334,0.3333333333333333,Middle-age,High Spenders,0.0,0.25,2.83,0.75,1.0,0.6666666666666666,0.11037527593818984,0.08333333333333333,0.09433333333333334,0.07726269315673288,0.2,0.3333333333333333,0.3660333333333333,0.5532999999999999,score_free_night_flight
515306,1,0,8,4,0.0,0.5,0.25,Middle-age,Champions,0.0,0.67,8.25,0.4444444444444444,1.0,0.75,0.11235955056179775,0.22333333333333336,0.275,0.07865168539325842,0.3286666666666667,0.25,0.4925,0.3936111111111111,score_free_meal
515330,0,0,8,3,0.0,0.375,0.5,Middle-age,High Spenders,0.0,0.33,1.67,0.375,1.0,1.0,0.13404825737265416,0.11,0.05566666666666666,0.0938337801608579,0.28800000000000003,0.5,0.33896666666666664,0.27919999999999995,score_exclusive_discount
515344,2,2,6,3,1.0,0.5,0.75,Middle-age,Champions,0.0,0.67,4.2,0.625,1.0,0.6,0.11695906432748537,0.22333333333333336,0.14,0.08187134502923976,0.2986666666666667,0.75,0.398,0.4795,score_exclusive_discount
515398,4,2,5,2,0.5,0.4,0.55,Middle-age,Champions,0.0,1.12,1.0,0.4444444444444444,0.75,1.0,0.15060240963855423,0.37333333333333335,0.03333333333333333,0.10542168674698796,0.4986666666666667,0.55,0.2483333333333333,0.32111111111111107,score_exclusive_discount
515409,1,1,7,2,1.0,0.2857142857142857,0.8571428571428572,Middle-age,High Spenders,0.0,0.67,1.67,0.375,1.0,1.0,0.1669449081803005,0.22333333333333336,0.05566666666666666,0.11686143572621034,0.3786666666666667,0.8571428571428572,0.33896666666666664,0.27919999999999995,score_exclusive_discount
515421,1,0,7,4,0.0,0.5714285714285714,0.2142857142857143,Middle-age,High Spenders,0.0,0.38,2.5,0.5,1.0,1.0,0.12578616352201258,0.12666666666666668,0.08333333333333333,0.0880503144654088,0.30133333333333334,0.2142857142857143,0.35833333333333334,0.375,score_free_night_flight
515423,0,0,8,2,0.0,0.25,0.5,Middle-age,Low Spenders,0.0,0.5,3.0,0.25,0.5,1.0,0.13679890560875513,0.16666666666666666,0.1,0.09575923392612859,0.33333333333333337,0.5,0.21999999999999997,0.205,score_exclusive_discount
515436,1,0,7,1,0.0,0.14285714285714285,0.4285714285714286,Youth,Low Spenders,0.0,0.0,4.0,0.125,1.0,0.0,1.0,0.0,0.13333333333333333,0.7,0.0,0.4285714285714286,0.3933333333333333,0.1275,score_free_cancellation
515478,2,0,6,2,0.0,0.3333333333333333,0.33333333333333337,Middle-age,Low Spenders,0.0,0.0,2.0,0.25,1.0,1.0,0.11013215859030837,0.0,0.06666666666666667,0.07709251101321585,0.2,0.33333333333333337,0.3466666666666667,0.19499999999999998,score_free_meal
515490,0,0,9,4,0.0,0.4444444444444444,0.5,Middle-age,High Spenders,0.0,0.25,3.0,0.4444444444444444,1.0,1.0,0.11049723756906077,0.08333333333333333,0.1,0.07734806629834254,0.26666666666666666,0.5,0.37,0.34111111111111103,score_exclusive_discount
515502,3,1,6,0,0.3333333333333333,0.0,0.6666666666666666,Middle-age,Low Spenders,0.0,0.0,4.0,0.1111111111111111,1.0,0.0,1.0,0.0,0.13333333333333333,0.7,0.0,0.6666666666666666,0.3933333333333333,0.11777777777777776,score_free_cancellation
515514,3,0,5,0,0.0,0.0,0.5,0,0,0.0,0.0,0.0,0.0,0.0,0.0,0.0,0.0,0.0,0.0,0.0,0.5,0.0,0.0,score_exclusive_discount
515516,2,0,6,0,0.0,0.0,0.5,0,0,0.0,0.0,0.0,0.0,0.0,0.0,0.0,0.0,0.0,0.0,0.0,0.5,0.0,0.0,score_exclusive_discount
515523,3,1,5,2,0.3333333333333333,0.4,0.4666666666666667,Youth,Champions,0.0,0.0,5.33,0.375,1.0,0.3333333333333333,0.1145475372279496,0.0,0.17766666666666667,0.08018327605956471,0.06666666666666667,0.4666666666666667,0.42436666666666667,0.31579999999999997,score_exclusive_discount
515529,2,1,6,1,0.5,0.16666666666666666,0.6666666666666667,Middle-age,Low Spenders,0.0,1.0,0.5,0.25,0.5,1.0,0.1773049645390071,0.3333333333333333,0.016666666666666666,0.12411347517730496,0.4666666666666667,0.6666666666666667,0.16166666666666665,0.18,score_exclusive_discount
515530,2,0,6,0,0.0,0.0,0.5,0,0,0.0,0.0,0.0,0.0,0.0,0.0,0.0,0.0,0.0,0.0,0.0,0.5,0.0,0.0,score_exclusive_discount
515565,0,0,8,4,0.0,0.5,0.5,Middle-age,Champions,0.0,0.75,3.5,0.5,1.0,1.0,0.11160714285714285,0.25,0.11666666666666667,0.07812499999999999,0.4,0.5,0.38166666666666665,0.38499999999999995,score_exclusive_discount
515578,3,2,5,4,0.6666666666666666,0.8,0.4333333333333333,Middle-age,Champions,0.0,0.6,2.83,0.75,1.0,0.8333333333333334,0.12239902080783353,0.19999999999999998,0.09433333333333334,0.08567931456548347,0.32666666666666666,0.4333333333333333,0.3660333333333333,0.5532999999999999,score_free_night_flight
515580,4,1,4,3,0.25,0.75,0.25,Middle-age,Champions,0.0,0.67,5.25,0.5,1.0,0.75,0.1075268817204301,0.22333333333333336,0.175,0.07526881720430106,0.3286666666666667,0.25,0.4225,0.40249999999999997,score_free_meal
515586,2,0,7,5,0.0,0.7142857142857143,0.14285714285714285,Middle-age,High Spenders,0.0,0.6,1.4,0.5555555555555556,0.6,1.0,0.11261261261261263,0.19999999999999998,0.04666666666666666,0.07882882882882883,0.36,0.14285714285714285,0.21266666666666667,0.4028888888888889,score_free_night_flight
515610,2,2,6,2,1.0,0.3333333333333333,0.8333333333333334,Middle-age,Champions,0.25,0.5,1.5,0.5,0.5,1.0,0.18450184501845018,0.16666666666666666,0.05,0.12915129151291513,0.33333333333333337,0.8333333333333334,0.185,0.365,score_exclusive_discount
515634,6,0,2,0,0.0,0.0,0.5,0,0,0.0,0.0,0.0,0.0,0.0,0.0,0.0,0.0,0.0,0.0,0.0,0.5,0.0,0.0,score_exclusive_discount
515639,2,2,7,5,1.0,0.7142857142857143,0.6428571428571428,Middle-age,Champions,0.0,0.86,2.29,0.7777777777777778,0.8571428571428571,1.0,0.129366106080207,0.2866666666666667,0.07633333333333334,0.09055627425614489,0.42933333333333334,0.6428571428571428,0.31057619047619045,0.5673444444444444,score_exclusive_discount
515645,2,0,6,3,0.0,0.5,0.25,Middle-age,Champions,0.0,1.0,5.33,0.375,0.6666666666666666,0.6666666666666666,0.13717421124828533,0.3333333333333333,0.17766666666666667,0.09602194787379972,0.4,0.25,0.32436666666666664,0.31579999999999997,score_free_checkedbag
515666,3,2,5,2,0.6666666666666666,0.4,0.6333333333333333,Middle-age,Medium Spenders,0.0,0.5,3.5,0.5,1.0,1.0,0.10775862068965518,0.16666666666666666,0.11666666666666667,0.07543103448275862,0.33333333333333337,0.6333333333333333,0.38166666666666665,0.38499999999999995,score_exclusive_discount
515675,4,3,5,1,0.75,0.2,0.775,Middle-age,Low Spenders,0.25,0.0,1.5,0.4444444444444444,1.0,0.5,0.1364256480218281,0.0,0.05,0.09549795361527967,0.1,0.775,0.33499999999999996,0.3261111111111111,score_exclusive_discount
515684,2,1,7,6,0.5,0.8571428571428571,0.32142857142857145,Middle-age,Champions,0.0,0.79,1.14,0.7777777777777778,0.7142857142857143,1.0,0.10362694300518134,0.26333333333333336,0.038,0.07253886010362694,0.41066666666666674,0.32142857142857145,0.24088571428571426,0.5558444444444444,score_free_night_flight
515688,1,0,7,4,0.0,0.5714285714285714,0.2142857142857143,Middle-age,High Spenders,0.0,1.12,2.75,0.5,1.0,1.0,0.10504201680672269,0.37333333333333335,0.09166666666666666,0.07352941176470588,0.4986666666666667,0.2142857142857143,0.36416666666666664,0.37749999999999995,score_free_checkedbag
515694,3,2,5,4,0.6666666666666666,0.8,0.4333333333333333,Middle-age,High Spenders,0.0,0.5,1.17,0.75,1.0,1.0,0.11037527593818984,0.16666666666666666,0.039,0.07726269315673288,0.33333333333333337,0.4333333333333333,0.3273,0.5367,score_free_night_flight
515713,2,2,6,1,1.0,0.16666666666666666,0.9166666666666667,Middle-age,Champions,0.0,0.0,20.33,0.375,1.0,0.6666666666666666,0.14492753623188406,0.0,0.6776666666666666,0.10144927536231883,0.13333333333333333,0.9166666666666667,0.7743666666666666,0.46579999999999994,score_exclusive_discount
515727,2,2,6,2,1.0,0.3333333333333333,0.8333333333333334,Middle-age,Medium Spenders,0.0,0.25,2.25,0.5,1.0,1.0,0.11198208286674133,0.08333333333333333,0.075,0.07838745800671892,0.26666666666666666,0.8333333333333334,0.3525,0.3725,score_exclusive_discount
515735,2,0,7,1,0.0,0.14285714285714285,0.4285714285714286,Elderly,At Risk,0.0,1.0,1.0,0.1111111111111111,1.0,1.0,0.1149425287356322,0.3333333333333333,0.03333333333333333,0.08045977011494253,0.4666666666666667,0.4285714285714286,0.3233333333333333,0.08777777777777776,score_free_checkedbag
515739,3,1,5,2,0.3333333333333333,0.4,0.4666666666666667,Middle-age,Low Spenders,0.0,0.67,1.67,0.375,0.6666666666666666,1.0,0.13054830287206265,0.22333333333333336,0.05566666666666666,0.09138381201044385,0.3786666666666667,0.4666666666666667,0.23896666666666666,0.27919999999999995,score_exclusive_discount
515751,1,0,7,3,0.0,0.42857142857142855,0.2857142857142857,Middle-age,Champions,0.0,0.5,3.0,0.375,1.0,1.0,0.11273957158962794,0.16666666666666666,0.1,0.07891770011273955,0.33333333333333337,0.2857142857142857,0.37,0.2925,score_free_meal
515764,0,0,8,3,0.0,0.375,0.5,Youth,Champions,0.0,2.0,9.67,0.375,1.0,0.3333333333333333,0.10405827263267431,0.6666666666666666,0.3223333333333333,0.07284079084287201,0.6,0.5,0.5256333333333333,0.35919999999999996,score_free_checkedbag
515778,2,1,6,2,0.5,0.3333333333333333,0.5833333333333334,Middle-age,Medium Spenders,0.0,0.5,4.0,0.375,1.0,0.6666666666666666,0.10822510822510822,0.16666666666666666,0.13333333333333333,0.07575757575757575,0.26666666666666666,0.5833333333333334,0.3933333333333333,0.30249999999999994,score_exclusive_discount
515802,1,1,7,4,1.0,0.5714285714285714,0.7142857142857143,Middle-age,Champions,0.0,0.5,2.8,0.625,1.0,0.8,0.13003901170351104,0.16666666666666666,0.09333333333333332,0.09102730819245772,0.29333333333333333,0.7142857142857143,0.3653333333333333,0.4655,score_exclusive_discount
515818,2,0,6,1,0.0,0.16666666666666666,0.4166666666666667,Elderly,Medium Spenders,0.0,0.0,0.0,0.125,0.0,1.0,0.11441647597254004,0.0,0.0,0.08009153318077802,0.2,0.4166666666666667,0.0,0.0875,score_exclusive_discount
515831,2,1,6,1,0.5,0.16666666666666666,0.6666666666666667,Middle-age,Low Spenders,0.0,0.5,0.5,0.25,0.5,1.0,0.0931098696461825,0.16666666666666666,0.016666666666666666,0.06517690875232775,0.33333333333333337,0.6666666666666667,0.16166666666666665,0.18,score_exclusive_discount
515835,2,0,6,3,0.0,0.5,0.25,Middle-age,High Spenders,0.0,0.33,1.67,0.375,1.0,1.0,0.12804097311139565,0.11,0.05566666666666666,0.08962868117797694,0.28800000000000003,0.25,0.33896666666666664,0.27919999999999995,score_free_meal
515854,3,0,5,2,0.0,0.4,0.3,Elderly,Low Spenders,0.0,0.0,5.0,0.25,1.0,0.0,1.0,0.0,0.16666666666666666,0.7,0.0,0.3,0.41666666666666663,0.22499999999999998,score_free_cancellation
515874,1,0,8,1,0.0,0.125,0.4375,Elderly,Medium Spenders,0.0,0.0,9.0,0.1111111111111111,1.0,0.0,1.0,0.0,0.3,0.7,0.0,0.4375,0.51,0.16777777777777775,score_free_cancellation
515891,1,1,7,4,1.0,0.5714285714285714,0.7142857142857143,Middle-age,Champions,0.0,0.4,2.6,0.625,0.8,1.0,0.10405827263267431,0.13333333333333333,0.08666666666666667,0.07284079084287201,0.3066666666666667,0.7142857142857143,0.30066666666666664,0.4635,score_exclusive_discount
515901,1,1,8,1,1.0,0.125,0.9375,Middle-age,Low Spenders,0.0,0.5,2.5,0.2222222222222222,1.0,1.0,0.1303780964797914,0.16666666666666666,0.08333333333333333,0.09126466753585398,0.33333333333333337,0.9375,0.35833333333333334,0.18055555555555552,score_exclusive_discount
515908,3,1,5,1,0.3333333333333333,0.2,0.5666666666666667,Middle-age,At Risk,0.0,0.5,1.5,0.25,1.0,1.0,0.10309278350515465,0.16666666666666666,0.05,0.07216494845360825,0.33333333333333337,0.5666666666666667,0.33499999999999996,0.19,score_exclusive_discount
515941,0,0,8,4,0.0,0.5,0.5,Middle-age,Champions,0.0,0.5,5.0,0.5,1.0,0.5,0.11025358324145534,0.16666666666666666,0.16666666666666666,0.07717750826901873,0.23333333333333334,0.5,0.41666666666666663,0.39999999999999997,score_exclusive_discount
515947,3,0,5,2,0.0,0.4,0.3,Middle-age,Low Spenders,0.0,0.5,1.0,0.25,1.0,1.0,0.09910802775024777,0.16666666666666666,0.03333333333333333,0.06937561942517344,0.33333333333333337,0.3,0.3233333333333333,0.185,score_free_checkedbag
515953,3,2,5,1,0.6666666666666666,0.2,0.7333333333333333,Middle-age,High Spenders,0.0,0.33,1.67,0.375,1.0,1.0,0.10787486515641856,0.11,0.05566666666666666,0.07551240560949299,0.28800000000000003,0.7333333333333333,0.33896666666666664,0.27919999999999995,score_exclusive_discount
515974,1,0,7,3,0.0,0.42857142857142855,0.2857142857142857,Youth,Champions,0.0,0.0,11.0,0.375,1.0,0.3333333333333333,0.048007681228996645,0.0,0.36666666666666664,0.03360537686029765,0.06666666666666667,0.2857142857142857,0.5566666666666666,0.37249999999999994,score_free_meal
515985,5,1,4,2,0.2,0.5,0.35,Middle-age,Medium Spenders,0.0,0.5,3.33,0.3333333333333333,1.0,0.6666666666666666,0.0968054211035818,0.16666666666666666,0.111,0.06776379477250725,0.26666666666666666,0.35,0.3777,0.2666333333333333,score_free_meal
516001,4,0,5,1,0.0,0.2,0.4,Middle-age,Low Spenders,0.0,0.0,3.0,0.1111111111111111,1.0,0.0,1.0,0.0,0.1,0.7,0.0,0.4,0.37,0.10777777777777776,score_free_cancellation
516004,4,0,5,2,0.0,0.4,0.3,Middle-age,Low Spenders,0.0,0.5,2.0,0.2222222222222222,1.0,1.0,0.1107419712070875,0.16666666666666666,0.06666666666666667,0.07751937984496124,0.33333333333333337,0.3,0.3466666666666667,0.17555555555555552,score_free_meal
516006,2,1,6,4,0.5,0.6666666666666666,0.4166666666666667,Middle-age,High Spenders,0.0,0.4,3.6,0.625,1.0,1.0,0.1026694045174538,0.13333333333333333,0.12000000000000001,0.07186858316221766,0.3066666666666667,0.4166666666666667,0.384,0.47350000000000003,score_free_night_flight
516039,1,0,8,0,0.0,0.0,0.5,0,0,0.0,0.0,0.0,0.0,0.0,0.0,0.0,0.0,0.0,0.0,0.0,0.5,0.0,0.0,score_exclusive_discount
516053,1,1,8,4,1.0,0.5,0.75,Middle-age,High Spenders,0.0,0.4,1.6,0.5555555555555556,0.6,1.0,0.1091703056768559,0.13333333333333333,0.05333333333333334,0.07641921397379912,0.3066666666666667,0.75,0.21733333333333332,0.4048888888888889,score_exclusive_discount
516057,4,2,4,3,0.5,0.75,0.375,Middle-age,High Spenders,0.2,0.5,2.33,0.625,0.8,1.0,0.09960159362549802,0.16666666666666666,0.07766666666666668,0.06972111553784861,0.33333333333333337,0.375,0.29436666666666667,0.4608,score_free_night_flight
516061,2,1,6,2,0.5,0.3333333333333333,0.5833333333333334,Middle-age,High Spenders,0.0,0.33,2.67,0.375,0.6666666666666666,1.0,0.13245033112582782,0.11,0.089,0.09271523178807947,0.28800000000000003,0.5833333333333334,0.2623,0.28919999999999996,score_exclusive_discount
516076,3,0,5,0,0.0,0.0,0.5,0,0,0.0,0.0,0.0,0.0,0.0,0.0,0.0,0.0,0.0,0.0,0.0,0.5,0.0,0.0,score_exclusive_discount
516086,4,1,6,0,0.25,0.0,0.625,Youth,Low Spenders,0.0,0.0,18.0,0.1,1.0,0.0,1.0,0.0,0.6,0.7,0.0,0.625,0.72,0.25,score_free_meal
516089,4,1,4,2,0.25,0.5,0.375,Middle-age,Low Spenders,0.0,0.67,3.0,0.375,1.0,1.0,0.12048192771084336,0.22333333333333336,0.1,0.08433734939759034,0.3786666666666667,0.375,0.37,0.2925,score_free_checkedbag
516092,4,1,5,3,0.25,0.6,0.325,Middle-age,Medium Spenders,0.0,1.0,1.0,0.4444444444444444,0.75,1.0,0.11061946902654868,0.3333333333333333,0.03333333333333333,0.07743362831858407,0.4666666666666667,0.325,0.2483333333333333,0.32111111111111107,score_free_checkedbag
516105,1,0,7,3,0.0,0.42857142857142855,0.2857142857142857,Middle-age,Medium Spenders,0.0,0.0,5.33,0.375,0.6666666666666666,0.3333333333333333,0.19646365422396858,0.0,0.17766666666666667,0.137524557956778,0.06666666666666667,0.2857142857142857,0.32436666666666664,0.31579999999999997,score_free_meal
516117,4,0,5,3,0.0,0.6,0.2,Middle-age,Medium Spenders,0.0,0.25,3.0,0.3333333333333333,0.6666666666666666,0.6666666666666666,0.12987012987012986,0.08333333333333333,0.1,0.0909090909090909,0.2,0.2,0.26999999999999996,0.2633333333333333,score_free_meal
516118,3,1,6,1,0.3333333333333333,0.16666666666666666,0.5833333333333334,Middle-age,Champions,0.0,0.0,9.5,0.2222222222222222,1.0,0.5,0.06369426751592357,0.0,0.31666666666666665,0.044585987261146494,0.1,0.5833333333333334,0.5216666666666666,0.25055555555555553,score_exclusive_discount
516127,2,0,6,0,0.0,0.0,0.5,0,0,0.0,0.0,0.0,0.0,0.0,0.0,0.0,0.0,0.0,0.0,0.0,0.5,0.0,0.0,score_exclusive_discount
516132,3,2,6,2,0.6666666666666666,0.3333333333333333,0.6666666666666666,Middle-age,At Risk,0.25,1.0,1.0,0.4444444444444444,0.5,1.0,0.08920606601248884,0.3333333333333333,0.03333333333333333,0.062444246208742185,0.4666666666666667,0.6666666666666666,0.17333333333333334,0.32111111111111107,score_exclusive_discount
516144,0,0,9,4,0.0,0.4444444444444444,0.5,Middle-age,Medium Spenders,0.0,0.75,0.75,0.4444444444444444,0.75,1.0,0.09643201542912247,0.25,0.025,0.06750241080038573,0.4,0.5,0.24249999999999997,0.31861111111111107,score_exclusive_discount
516150,3,0,5,1,0.0,0.2,0.4,Elderly,Medium Spenders,0.0,0.0,20.0,0.125,1.0,0.0,1.0,0.0,0.6666666666666666,0.7,0.0,0.4,0.7666666666666666,0.2875,score_free_meal
516152,1,0,7,1,0.0,0.14285714285714285,0.4285714285714286,Middle-age,At Risk,0.0,1.0,2.0,0.125,1.0,1.0,0.1150747986191024,0.3333333333333333,0.06666666666666667,0.08055235903337167,0.4666666666666667,0.4285714285714286,0.3466666666666667,0.1075,score_free_checkedbag
516176,3,0,5,4,0.0,0.8,0.09999999999999998,Middle-age,Medium Spenders,0.0,0.25,3.75,0.5,0.75,1.0,0.09149130832570906,0.08333333333333333,0.125,0.06404391582799634,0.26666666666666666,0.09999999999999998,0.3125,0.38749999999999996,score_free_night_flight
516177,2,0,6,3,0.0,0.5,0.25,Middle-age,Medium Spenders,0.0,1.0,4.0,0.375,1.0,1.0,0.13315579227696406,0.3333333333333333,0.13333333333333333,0.09320905459387484,0.4666666666666667,0.25,0.3933333333333333,0.30249999999999994,score_free_checkedbag
516178,3,2,5,1,0.6666666666666666,0.2,0.7333333333333333,Middle-age,Low Spenders,0.0,0.33,1.0,0.375,0.6666666666666666,1.0,0.14556040756914118,0.11,0.03333333333333333,0.10189228529839882,0.28800000000000003,0.7333333333333333,0.22333333333333333,0.27249999999999996,score_exclusive_discount
516211,2,1,6,4,0.5,0.6666666666666666,0.4166666666666667,Middle-age,Medium Spenders,0.2,0.0,3.33,0.625,0.6,1.0,0.12180267965895249,0.0,0.111,0.08526187576126673,0.2,0.4166666666666667,0.2577,0.4708,score_free_night_flight
516216,3,1,5,3,0.3333333333333333,0.6,0.3666666666666667,Middle-age,Medium Spenders,0.0,0.25,2.0,0.5,1.0,1.0,0.11723329425556857,0.08333333333333333,0.06666666666666667,0.082063305978898,0.26666666666666666,0.3666666666666667,0.3466666666666667,0.37,score_free_night_flight
516217,2,0,6,1,0.0,0.16666666666666666,0.4166666666666667,Middle-age,At Risk,0.0,0.0,0.0,0.125,0.0,1.0,0.15698587127158556,0.0,0.0,0.10989010989010989,0.2,0.4166666666666667,0.0,0.0875,score_exclusive_discount
516243,2,0,6,0,0.0,0.0,0.5,0,0,0.0,0.0,0.0,0.0,0.0,0.0,0.0,0.0,0.0,0.0,0.0,0.5,0.0,0.0,score_exclusive_discount
516246,3,2,6,2,0.6666666666666666,0.3333333333333333,0.6666666666666666,Middle-age,Medium Spenders,0.0,0.75,1.75,0.4444444444444444,1.0,1.0,0.13986013986013984,0.25,0.058333333333333334,0.09790209790209789,0.4,0.6666666666666666,0.3408333333333333,0.3286111111111111,score_exclusive_discount
516251,2,2,6,5,1.0,0.8333333333333334,0.5833333333333333,Middle-age,Champions,0.0,0.62,1.71,0.875,0.8571428571428571,1.0,0.10131712259371835,0.20666666666666667,0.057,0.07092198581560284,0.36533333333333334,0.5833333333333333,0.2970428571428571,0.6295999999999999,score_free_night_flight
516269,1,1,8,4,1.0,0.5,0.75,Middle-age,Champions,0.0,0.25,2.4,0.5555555555555556,1.0,0.8,0.09099181073703366,0.08333333333333333,0.08,0.06369426751592357,0.22666666666666668,0.75,0.356,0.4128888888888889,score_exclusive_discount
516273,1,0,7,2,0.0,0.2857142857142857,0.35714285714285715,Middle-age,Low Spenders,0.0,0.5,2.0,0.25,1.0,1.0,0.15082956259426847,0.16666666666666666,0.06666666666666667,0.10558069381598792,0.33333333333333337,0.35714285714285715,0.3466666666666667,0.19499999999999998,score_exclusive_discount
516282,1,0,7,2,0.0,0.2857142857142857,0.35714285714285715,Middle-age,Low Spenders,0.0,1.5,1.5,0.25,1.0,1.0,0.11337868480725623,0.5,0.05,0.07936507936507936,0.6000000000000001,0.35714285714285715,0.33499999999999996,0.19,score_free_checkedbag
516283,6,3,3,0,0.5,0.0,0.75,Youth,At Risk,0.33,1.0,1.0,0.3333333333333333,1.0,1.0,0.11350737797956868,0.3333333333333333,0.03333333333333333,0.07945516458569807,0.4666666666666667,0.75,0.3233333333333333,0.24333333333333332,score_exclusive_discount
516287,3,1,6,2,0.3333333333333333,0.3333333333333333,0.5,Middle-age,Low Spenders,0.33,0.0,8.0,0.3333333333333333,0.6666666666666666,1.0,0.07473841554559042,0.0,0.26666666666666666,0.05231689088191329,0.2,0.5,0.3866666666666666,0.3133333333333333,score_exclusive_discount
516290,1,0,7,3,0.0,0.42857142857142855,0.2857142857142857,Middle-age,High Spenders,0.0,0.0,4.33,0.375,1.0,0.6666666666666666,0.1529051987767584,0.0,0.14433333333333334,0.10703363914373087,0.13333333333333333,0.2857142857142857,0.40103333333333335,0.30579999999999996,score_free_meal
516296,4,1,6,1,0.25,0.16666666666666666,0.5416666666666666,Middle-age,Low Spenders,0.0,0.5,6.0,0.2,1.0,1.0,0.12547051442910917,0.16666666666666666,0.2,0.08782936010037641,0.33333333333333337,0.5416666666666666,0.43999999999999995,0.19999999999999998,score_exclusive_discount
516301,2,1,6,5,0.5,0.8333333333333334,0.3333333333333333,Middle-age,Champions,0.17,0.58,1.75,0.75,0.8333333333333334,1.0,0.10416666666666667,0.19333333333333333,0.058333333333333334,0.07291666666666667,0.3546666666666667,0.3333333333333333,0.29083333333333333,0.5424999999999999,score_free_night_flight
516340,1,0,8,1,0.0,0.125,0.4375,Youth,At Risk,0.0,0.0,6.0,0.1111111111111111,1.0,0.0,1.0,0.0,0.2,0.7,0.0,0.4375,0.43999999999999995,0.13777777777777778,score_free_cancellation
516351,0,0,8,3,0.0,0.375,0.5,Middle-age,Medium Spenders,0.0,0.67,3.33,0.375,1.0,1.0,0.11682242990654207,0.22333333333333336,0.111,0.08177570093457945,0.3786666666666667,0.5,0.3777,0.29579999999999995,score_exclusive_discount
516368,2,1,6,1,0.5,0.16666666666666666,0.6666666666666667,0,0,0.0,0.0,0.0,0.0,0.0,0.0,0.0,0.0,0.0,0.0,0.0,0.6666666666666667,0.0,0.0,score_exclusive_discount
516375,5,3,4,2,0.6,0.5,0.55,Middle-age,High Spenders,0.0,0.4,2.0,0.5555555555555556,1.0,1.0,0.09852216748768472,0.13333333333333333,0.06666666666666667,0.0689655172413793,0.3066666666666667,0.55,0.3466666666666667,0.4088888888888889,score_exclusive_discount
516418,1,1,7,2,1.0,0.2857142857142857,0.8571428571428572,Youth,High Spenders,0.0,0.5,4.33,0.375,1.0,0.6666666666666666,0.09671179883945842,0.16666666666666666,0.14433333333333334,0.06769825918762089,0.26666666666666666,0.8571428571428572,0.40103333333333335,0.30579999999999996,score_exclusive_discount
516420,0,0,8,2,0.0,0.25,0.5,Middle-age,Low Spenders,0.0,1.0,1.0,0.25,1.0,0.5,0.08,0.3333333333333333,0.03333333333333333,0.055999999999999994,0.3666666666666667,0.5,0.3233333333333333,0.185,score_exclusive_discount
516433,2,0,7,1,0.0,0.14285714285714285,0.4285714285714286,Youth,At Risk,0.0,0.0,0.0,0.1111111111111111,0.0,1.0,0.19193857965451055,0.0,0.0,0.13435700575815737,0.2,0.4285714285714286,0.0,0.07777777777777777,score_exclusive_discount
516456,2,1,6,3,0.5,0.5,0.5,Middle-age,Medium Spenders,0.0,0.25,1.0,0.5,0.75,1.0,0.12853470437017994,0.08333333333333333,0.03333333333333333,0.08997429305912595,0.26666666666666666,0.5,0.2483333333333333,0.36,score_exclusive_discount
516507,3,0,5,2,0.0,0.4,0.3,Middle-age,High Spenders,0.0,0.0,5.0,0.25,1.0,1.0,0.09813542688910697,0.0,0.16666666666666666,0.06869479882237488,0.2,0.3,0.41666666666666663,0.22499999999999998,score_free_meal
516516,4,0,5,1,0.0,0.2,0.4,Middle-age,Medium Spenders,0.0,0.5,4.0,0.1111111111111111,1.0,1.0,0.1194743130227001,0.16666666666666666,0.13333333333333333,0.08363201911589006,0.33333333333333337,0.4,0.3933333333333333,0.11777777777777776,score_exclusive_discount
516528,1,1,7,2,1.0,0.2857142857142857,0.8571428571428572,Middle-age,Champions,0.0,0.67,4.67,0.375,1.0,1.0,0.12626262626262627,0.22333333333333336,0.15566666666666668,0.08838383838383838,0.3786666666666667,0.8571428571428572,0.40896666666666665,0.3092,score_exclusive_discount
516543,0,0,8,1,0.0,0.125,0.5,Middle-age,High Spenders,0.0,0.5,6.0,0.125,1.0,1.0,0.07189072609633357,0.16666666666666666,0.2,0.050323508267433495,0.33333333333333337,0.5,0.43999999999999995,0.1475,score_exclusive_discount
516556,1,0,7,1,0.0,0.14285714285714285,0.4285714285714286,Middle-age,Low Spenders,0.0,0.0,3.0,0.125,1.0,1.0,0.17421602787456444,0.0,0.1,0.1219512195121951,0.2,0.4285714285714286,0.37,0.1175,score_exclusive_discount
516561,5,1,4,1,0.2,0.25,0.475,Middle-age,Low Spenders,0.0,1.0,2.0,0.2222222222222222,1.0,1.0,0.12484394506866417,0.3333333333333333,0.06666666666666667,0.08739076154806491,0.4666666666666667,0.475,0.3466666666666667,0.17555555555555552,score_exclusive_discount
516571,2,1,6,3,0.5,0.5,0.5,Elderly,Champions,0.0,0.5,3.25,0.5,0.75,0.5,0.11098779134295228,0.16666666666666666,0.10833333333333334,0.07769145394006659,0.23333333333333334,0.5,0.3008333333333333,0.38249999999999995,score_exclusive_discount
516578,1,1,7,3,1.0,0.42857142857142855,0.7857142857142857,Middle-age,High Spenders,0.0,0.25,4.25,0.5,1.0,1.0,0.12180267965895249,0.08333333333333333,0.14166666666666666,0.08526187576126673,0.26666666666666666,0.7857142857142857,0.39916666666666667,0.39249999999999996,score_exclusive_discount
516579,0,0,8,4,0.0,0.5,0.5,Middle-age,Champions,0.0,1.0,7.75,0.5,1.0,0.5,0.09737098344693282,0.3333333333333333,0.25833333333333336,0.06815968841285297,0.3666666666666667,0.5,0.48083333333333333,0.4275,score_exclusive_discount
516583,3,0,5,0,0.0,0.0,0.5,0,0,0.0,0.0,0.0,0.0,0.0,0.0,0.0,0.0,0.0,0.0,0.0,0.5,0.0,0.0,score_exclusive_discount
516590,1,1,8,1,1.0,0.125,0.9375,Youth,Low Spenders,0.0,0.0,2.0,0.2222222222222222,1.0,0.5,0.10309278350515465,0.0,0.06666666666666667,0.07216494845360825,0.1,0.9375,0.3466666666666667,0.17555555555555552,score_exclusive_discount
516593,5,1,5,2,0.2,0.4,0.4,Middle-age,Champions,0.0,0.67,10.33,0.3,1.0,1.0,0.09615384615384615,0.22333333333333336,0.3443333333333333,0.06730769230769229,0.3786666666666667,0.4,0.5410333333333333,0.31329999999999997,score_free_meal
516594,2,0,6,4,0.0,0.6666666666666666,0.16666666666666669,Middle-age,Champions,0.0,0.25,5.0,0.5,1.0,1.0,0.12106537530266344,0.08333333333333333,0.16666666666666666,0.0847457627118644,0.26666666666666666,0.16666666666666669,0.41666666666666663,0.39999999999999997,score_free_meal
516614,1,1,7,3,1.0,0.42857142857142855,0.7857142857142857,Middle-age,High Spenders,0.0,0.75,3.25,0.5,0.75,1.0,0.15220700152207,0.25,0.10833333333333334,0.106544901065449,0.4,0.7857142857142857,0.3008333333333333,0.38249999999999995,score_exclusive_discount
516616,3,2,5,4,0.6666666666666666,0.8,0.4333333333333333,Middle-age,Champions,0.0,0.75,4.67,0.75,1.0,0.6666666666666666,0.11890606420927467,0.25,0.15566666666666668,0.08323424494649227,0.33333333333333337,0.4333333333333333,0.40896666666666665,0.5716999999999999,score_free_night_flight
516620,5,0,3,0,0.0,0.0,0.5,0,0,0.0,0.0,0.0,0.0,0.0,0.0,0.0,0.0,0.0,0.0,0.0,0.5,0.0,0.0,score_exclusive_discount
516639,1,1,7,4,1.0,0.5714285714285714,0.7142857142857143,Middle-age,Medium Spenders,0.0,1.0,1.4,0.625,0.4,1.0,0.13175230566534915,0.3333333333333333,0.04666666666666666,0.0922266139657444,0.4666666666666667,0.7142857142857143,0.15266666666666667,0.4515,score_exclusive_discount
516647,2,1,6,3,0.5,0.5,0.5,Middle-age,High Spenders,0.0,1.0,2.75,0.5,0.75,1.0,0.10050251256281408,0.3333333333333333,0.09166666666666666,0.07035175879396985,0.4666666666666667,0.5,0.2891666666666666,0.37749999999999995,score_exclusive_discount
516679,3,2,5,1,0.6666666666666666,0.2,0.7333333333333333,Middle-age,At Risk,0.33,1.0,1.0,0.375,1.0,1.0,0.0764525993883792,0.3333333333333333,0.03333333333333333,0.05351681957186544,0.4666666666666667,0.7333333333333333,0.3233333333333333,0.27249999999999996,score_exclusive_discount
516680,3,0,5,0,0.0,0.0,0.5,0,0,0.0,0.0,0.0,0.0,0.0,0.0,0.0,0.0,0.0,0.0,0.0,0.5,0.0,0.0,score_exclusive_discount
516682,2,1,6,2,0.5,0.3333333333333333,0.5833333333333334,Youth,Low Spenders,0.0,1.0,3.0,0.375,0.6666666666666666,0.3333333333333333,0.09514747859181732,0.3333333333333333,0.1,0.06660323501427212,0.3333333333333333,0.5833333333333334,0.26999999999999996,0.2925,score_exclusive_discount
516694,2,0,7,2,0.0,0.2857142857142857,0.35714285714285715,Middle-age,Medium Spenders,0.0,0.25,5.0,0.2222222222222222,0.5,1.0,0.00847673137238281,0.08333333333333333,0.16666666666666666,0.0059337119606679666,0.26666666666666666,0.35714285714285715,0.26666666666666666,0.20555555555555552,score_exclusive_discount
516697,2,0,6,1,0.0,0.16666666666666666,0.4166666666666667,Elderly,Low Spenders,0.0,0.0,5.0,0.125,1.0,0.0,1.0,0.0,0.16666666666666666,0.7,0.0,0.4166666666666667,0.41666666666666663,0.13749999999999998,score_free_cancellation
516704,2,1,6,3,0.5,0.5,0.5,Middle-age,High Spenders,0.0,0.33,4.5,0.5,1.0,0.75,0.10989010989010989,0.11,0.15,0.07692307692307691,0.23800000000000004,0.5,0.40499999999999997,0.39499999999999996,score_exclusive_discount
516732,1,0,9,3,0.0,0.3333333333333333,0.33333333333333337,Middle-age,Medium Spenders,0.0,0.5,3.33,0.3,1.0,0.6666666666666666,0.14492753623188406,0.16666666666666666,0.111,0.10144927536231883,0.26666666666666666,0.33333333333333337,0.3777,0.2433,score_free_meal
516739,2,0,6,2,0.0,0.3333333333333333,0.33333333333333337,Middle-age,Low Spenders,0.0,0.5,3.5,0.25,1.0,1.0,0.09727626459143969,0.16666666666666666,0.11666666666666667,0.06809338521400778,0.33333333333333337,0.33333333333333337,0.38166666666666665,0.21,score_free_meal
516744,3,1,5,0,0.3333333333333333,0.0,0.6666666666666666,Youth,At Risk,0.0,0.0,7.0,0.125,1.0,0.0,1.0,0.0,0.23333333333333334,0.7,0.0,0.6666666666666666,0.4633333333333333,0.15749999999999997,score_free_cancellation
516763,1,0,7,1,0.0,0.14285714285714285,0.4285714285714286,Middle-age,At Risk,0.0,1.0,2.0,0.125,1.0,1.0,0.22573363431151244,0.3333333333333333,0.06666666666666667,0.1580135440180587,0.4666666666666667,0.4285714285714286,0.3466666666666667,0.1075,score_free_checkedbag
516765,3,0,5,0,0.0,0.0,0.5,0,0,0.0,0.0,0.0,0.0,0.0,0.0,0.0,0.0,0.0,0.0,0.0,0.5,0.0,0.0,score_exclusive_discount
516789,2,0,6,4,0.0,0.6666666666666666,0.16666666666666669,Middle-age,Champions,0.0,0.5,1.75,0.5,1.0,1.0,0.11792452830188678,0.16666666666666666,0.058333333333333334,0.08254716981132074,0.33333333333333337,0.16666666666666669,0.3408333333333333,0.3675,score_free_night_flight
516798,4,0,4,1,0.0,0.25,0.375,Middle-age,Low Spenders,0.0,1.0,1.0,0.125,1.0,1.0,0.06896551724137931,0.3333333333333333,0.03333333333333333,0.04827586206896552,0.4666666666666667,0.375,0.3233333333333333,0.09749999999999999,score_free_checkedbag
516806,5,4,3,3,0.8,1.0,0.4,Middle-age,Champions,0.14,0.6,6.4,0.875,0.8571428571428571,1.0,0.12738853503184713,0.19999999999999998,0.21333333333333335,0.08917197452229299,0.36,0.4,0.40647619047619044,0.6764999999999999,score_free_night_flight
516808,1,0,7,3,0.0,0.42857142857142855,0.2857142857142857,Middle-age,Champions,0.0,0.17,3.0,0.375,1.0,1.0,0.10256410256410256,0.05666666666666667,0.1,0.07179487179487179,0.24533333333333335,0.2857142857142857,0.37,0.2925,score_free_meal
516827,3,2,5,4,0.6666666666666666,0.8,0.4333333333333333,Middle-age,High Spenders,0.0,0.75,4.67,0.75,0.8333333333333334,0.6666666666666666,0.10672358591248667,0.25,0.15566666666666668,0.07470651013874066,0.33333333333333337,0.4333333333333333,0.35896666666666666,0.5716999999999999,score_free_night_flight
516833,4,2,4,1,0.5,0.25,0.625,Youth,High Spenders,0.0,0.33,2.67,0.375,0.6666666666666666,1.0,0.14492753623188406,0.11,0.089,0.10144927536231883,0.28800000000000003,0.625,0.2623,0.28919999999999996,score_exclusive_discount
516841,5,1,3,0,0.2,0.0,0.6,Youth,Medium Spenders,0.0,1.0,3.0,0.125,1.0,1.0,0.08539709649871904,0.3333333333333333,0.1,0.05977796754910333,0.4666666666666667,0.6,0.37,0.1175,score_exclusive_discount
516862,0,0,8,2,0.0,0.25,0.5,Elderly,High Spenders,0.0,0.0,4.5,0.25,0.5,0.5,0.0035540391655116037,0.0,0.15,0.0024878274158581224,0.1,0.5,0.255,0.21999999999999997,score_exclusive_discount
516933,1,0,7,3,0.0,0.42857142857142855,0.2857142857142857,Youth,Medium Spenders,0.0,0.0,0.33,0.375,0.3333333333333333,1.0,0.13717421124828533,0.0,0.011000000000000001,0.09602194787379972,0.2,0.2857142857142857,0.10769999999999999,0.2658,score_exclusive_discount
516939,2,1,6,0,0.5,0.0,0.75,Middle-age,At Risk,0.0,1.0,1.0,0.125,1.0,1.0,0.1295336787564767,0.3333333333333333,0.03333333333333333,0.09067357512953368,0.4666666666666667,0.75,0.3233333333333333,0.09749999999999999,score_exclusive_discount
516965,2,2,7,2,1.0,0.2857142857142857,0.8571428571428572,Middle-age,Medium Spenders,0.0,0.0,1.75,0.4444444444444444,1.0,1.0,0.12150668286755771,0.0,0.058333333333333334,0.0850546780072904,0.2,0.8571428571428572,0.3408333333333333,0.3286111111111111,score_exclusive_discount
516967,1,0,7,0,0.0,0.0,0.5,0,0,0.0,0.0,0.0,0.0,0.0,0.0,0.0,0.0,0.0,0.0,0.0,0.5,0.0,0.0,score_exclusive_discount
516972,3,2,5,0,0.6666666666666666,0.0,0.8333333333333333,Middle-age,Low Spenders,0.0,1.0,2.5,0.25,1.0,1.0,0.09259259259259259,0.3333333333333333,0.08333333333333333,0.06481481481481481,0.4666666666666667,0.8333333333333333,0.35833333333333334,0.19999999999999998,score_exclusive_discount
517033,4,3,4,0,0.75,0.0,0.875,Youth,Champions,0.0,0.0,12.33,0.375,1.0,0.0,1.0,0.0,0.411,0.7,0.0,0.875,0.5876999999999999,0.3857999999999999,score_exclusive_discount
517061,2,1,8,5,0.5,0.625,0.4375,Middle-age,Champions,0.0,0.88,3.67,0.6,1.0,0.6666666666666666,0.12437810945273634,0.29333333333333333,0.12233333333333334,0.08706467661691543,0.368,0.4375,0.38563333333333333,0.4567,score_free_night_flight
517064,4,2,5,1,0.5,0.2,0.65,Youth,Medium Spenders,0.0,0.0,1.67,0.3333333333333333,1.0,0.6666666666666666,0.1088139281828074,0.0,0.05566666666666666,0.07616974972796517,0.13333333333333333,0.65,0.33896666666666664,0.25003333333333333,score_exclusive_discount
517076,4,3,4,2,0.75,0.5,0.625,Middle-age,Champions,0.0,0.0,6.8,0.625,1.0,0.4,0.11614401858304298,0.0,0.22666666666666666,0.08130081300813008,0.08000000000000002,0.625,0.45866666666666667,0.5055,score_exclusive_discount
517105,3,2,6,2,0.6666666666666666,0.3333333333333333,0.6666666666666666,Middle-age,Medium Spenders,0.0,0.25,2.0,0.4444444444444444,0.75,1.0,0.09737098344693282,0.08333333333333333,0.06666666666666667,0.06815968841285297,0.26666666666666666,0.6666666666666666,0.2716666666666666,0.3311111111111111,score_exclusive_discount
517119,3,1,5,3,0.3333333333333333,0.6,0.3666666666666667,Middle-age,Medium Spenders,0.0,0.67,5.75,0.5,1.0,0.75,0.1183431952662722,0.22333333333333336,0.19166666666666668,0.08284023668639054,0.3286666666666667,0.3666666666666667,0.43416666666666665,0.4075,score_free_meal
517131,1,1,7,3,1.0,0.42857142857142855,0.7857142857142857,Elderly,Low Spenders,0.25,0.0,3.5,0.5,1.0,0.5,1.0,0.0,0.11666666666666667,0.7,0.1,0.7857142857142857,0.38166666666666665,0.38499999999999995,score_exclusive_discount
517142,2,1,6,2,0.5,0.3333333333333333,0.5833333333333334,Middle-age,Low Spenders,0.0,0.67,0.33,0.375,0.3333333333333333,1.0,0.10526315789473684,0.22333333333333336,0.011000000000000001,0.07368421052631578,0.3786666666666667,0.5833333333333334,0.10769999999999999,0.2658,score_exclusive_discount
517143,1,0,7,2,0.0,0.2857142857142857,0.35714285714285715,Youth,Low Spenders,0.0,0.0,5.0,0.25,1.0,0.0,1.0,0.0,0.16666666666666666,0.7,0.0,0.35714285714285715,0.41666666666666663,0.22499999999999998,score_free_cancellation
517150,4,3,4,3,0.75,0.75,0.5,Middle-age,Champions,0.0,0.17,3.0,0.75,1.0,1.0,0.1111111111111111,0.05666666666666667,0.1,0.07777777777777777,0.24533333333333335,0.5,0.37,0.5549999999999999,score_free_night_flight
517158,2,0,6,3,0.0,0.5,0.25,Middle-age,Low Spenders,0.0,0.67,1.33,0.375,1.0,1.0,0.1400560224089636,0.22333333333333336,0.044333333333333336,0.09803921568627451,0.3786666666666667,0.25,0.33103333333333335,0.27579999999999993,score_free_checkedbag
517205,4,0,4,2,0.0,0.5,0.25,Middle-age,Medium Spenders,0.0,0.5,3.5,0.25,1.0,1.0,0.12562814070351758,0.16666666666666666,0.11666666666666667,0.0879396984924623,0.33333333333333337,0.25,0.38166666666666665,0.21,score_free_meal
517212,1,0,8,5,0.0,0.625,0.1875,Middle-age,High Spenders,0.0,0.2,2.2,0.5555555555555556,0.8,1.0,0.1295336787564767,0.06666666666666667,0.07333333333333333,0.09067357512953368,0.25333333333333335,0.1875,0.29133333333333333,0.4108888888888889,score_free_night_flight
517219,4,0,4,0,0.0,0.0,0.5,0,0,0.0,0.0,0.0,0.0,0.0,0.0,0.0,0.0,0.0,0.0,0.0,0.5,0.0,0.0,score_exclusive_discount
517231,5,1,3,1,0.2,0.3333333333333333,0.43333333333333335,Middle-age,High Spenders,0.0,1.0,8.5,0.25,1.0,0.5,0.14245014245014245,0.3333333333333333,0.2833333333333333,0.09971509971509972,0.3666666666666667,0.43333333333333335,0.4983333333333333,0.26,score_free_meal
517284,3,1,6,4,0.3333333333333333,0.6666666666666666,0.33333333333333337,Middle-age,Champions,0.0,0.17,2.2,0.5555555555555556,0.6,0.8,0.012004801920768308,0.05666666666666667,0.07333333333333333,0.008403361344537815,0.20533333333333337,0.33333333333333337,0.23133333333333334,0.4108888888888889,score_free_night_flight
517324,2,0,6,1,0.0,0.16666666666666666,0.4166666666666667,Elderly,At Risk,0.0,1.0,0.0,0.125,0.0,1.0,0.11560693641618497,0.3333333333333333,0.0,0.08092485549132947,0.4666666666666667,0.4166666666666667,0.0,0.0875,score_free_checkedbag
517330,1,0,7,1,0.0,0.14285714285714285,0.4285714285714286,Elderly,Low Spenders,0.0,1.0,6.0,0.125,1.0,1.0,0.060716454159077116,0.3333333333333333,0.2,0.04250151791135398,0.4666666666666667,0.4285714285714286,0.43999999999999995,0.1475,score_free_checkedbag
517356,3,1,5,3,0.3333333333333333,0.6,0.3666666666666667,Middle-age,High Spenders,0.25,0.0,5.0,0.5,0.75,1.0,0.11614401858304298,0.0,0.16666666666666666,0.08130081300813008,0.2,0.3666666666666667,0.3416666666666666,0.39999999999999997,score_free_night_flight
517370,1,0,7,3,0.0,0.42857142857142855,0.2857142857142857,Middle-age,Medium Spenders,0.0,1.5,4.33,0.375,1.0,0.6666666666666666,0.11560693641618497,0.5,0.14433333333333334,0.08092485549132947,0.5333333333333333,0.2857142857142857,0.40103333333333335,0.30579999999999996,score_free_checkedbag
517392,2,1,7,5,0.5,0.7142857142857143,0.39285714285714285,Middle-age,Medium Spenders,0.17,0.62,1.25,0.6666666666666666,0.8333333333333334,1.0,0.11148272017837237,0.20666666666666667,0.041666666666666664,0.07803790412486065,0.36533333333333334,0.39285714285714285,0.2791666666666667,0.47916666666666663,score_free_night_flight
517393,1,0,7,1,0.0,0.14285714285714285,0.4285714285714286,Middle-age,At Risk,0.0,0.0,4.0,0.125,1.0,1.0,0.09407337723424271,0.0,0.13333333333333333,0.0658513640639699,0.2,0.4285714285714286,0.3933333333333333,0.1275,score_exclusive_discount
517397,1,1,7,4,1.0,0.5714285714285714,0.7142857142857143,Middle-age,High Spenders,0.0,0.4,2.4,0.625,1.0,1.0,0.10504201680672269,0.13333333333333333,0.08,0.07352941176470588,0.3066666666666667,0.7142857142857143,0.356,0.4615,score_exclusive_discount
517403,3,1,6,3,0.3333333333333333,0.5,0.41666666666666663,Middle-age,Champions,0.0,1.0,4.25,0.4444444444444444,1.0,0.75,0.11013215859030837,0.3333333333333333,0.14166666666666666,0.07709251101321585,0.4166666666666667,0.41666666666666663,0.39916666666666667,0.35361111111111104,score_free_checkedbag
517415,4,0,4,1,0.0,0.25,0.375,Middle-age,Low Spenders,0.0,0.0,1.0,0.125,1.0,1.0,0.13850415512465375,0.0,0.03333333333333333,0.09695290858725762,0.2,0.375,0.3233333333333333,0.09749999999999999,score_exclusive_discount
517438,2,2,7,3,1.0,0.42857142857142855,0.7857142857142857,Middle-age,High Spenders,0.0,0.3,1.0,0.5555555555555556,1.0,1.0,0.12019230769230768,0.09999999999999999,0.03333333333333333,0.08413461538461538,0.28,0.7857142857142857,0.3233333333333333,0.3988888888888889,score_exclusive_discount
517445,1,0,8,3,0.0,0.375,0.3125,Middle-age,Champions,0.0,1.0,12.33,0.3333333333333333,1.0,0.3333333333333333,0.1519756838905775,0.3333333333333333,0.411,0.10638297872340424,0.3333333333333333,0.3125,0.5876999999999999,0.3566333333333333,score_free_meal
517467,1,1,7,1,1.0,0.14285714285714285,0.9285714285714286,Middle-age,Champions,0.0,2.0,5.0,0.25,1.0,0.5,0.1801801801801802,0.6666666666666666,0.16666666666666666,0.12612612612612614,0.6333333333333333,0.9285714285714286,0.41666666666666663,0.22499999999999998,score_exclusive_discount
517486,1,0,9,3,0.0,0.3333333333333333,0.33333333333333337,Middle-age,Low Spenders,0.0,0.0,1.0,0.3,1.0,1.0,0.11049723756906077,0.0,0.03333333333333333,0.07734806629834254,0.2,0.33333333333333337,0.3233333333333333,0.22,score_exclusive_discount
517491,0,0,8,8,0.0,1.0,0.5,Middle-age,Champions,0.0,0.5,3.38,1.0,0.875,0.75,0.13755158184319122,0.16666666666666666,0.11266666666666666,0.09628610729023385,0.2833333333333333,0.5,0.34136666666666665,0.7338,score_free_night_flight
517543,3,0,6,0,0.0,0.0,0.5,0,0,0.0,0.0,0.0,0.0,0.0,0.0,0.0,0.0,0.0,0.0,0.0,0.5,0.0,0.0,score_exclusive_discount
517545,3,1,5,1,0.3333333333333333,0.2,0.5666666666666667,Middle-age,At Risk,0.0,0.0,0.5,0.25,0.5,1.0,0.16,0.0,0.016666666666666666,0.11199999999999999,0.2,0.5666666666666667,0.16166666666666665,0.18,score_exclusive_discount
517548,1,0,7,3,0.0,0.42857142857142855,0.2857142857142857,Middle-age,Low Spenders,0.0,0.67,1.0,0.375,0.6666666666666666,1.0,0.14084507042253522,0.22333333333333336,0.03333333333333333,0.09859154929577464,0.3786666666666667,0.2857142857142857,0.22333333333333333,0.27249999999999996,score_free_checkedbag
517549,1,1,8,5,1.0,0.625,0.6875,Middle-age,Champions,0.0,0.67,2.33,0.6666666666666666,0.8333333333333334,1.0,0.1079913606911447,0.22333333333333336,0.07766666666666668,0.07559395248380128,0.3786666666666667,0.6875,0.3043666666666667,0.4899666666666666,score_exclusive_discount
517571,3,1,5,0,0.3333333333333333,0.0,0.6666666666666666,Middle-age,At Risk,0.0,1.0,2.0,0.125,1.0,1.0,0.1841620626151013,0.3333333333333333,0.06666666666666667,0.1289134438305709,0.4666666666666667,0.6666666666666666,0.3466666666666667,0.1075,score_exclusive_discount
517579,2,1,6,0,0.5,0.0,0.75,Youth,Medium Spenders,0.0,0.0,2.0,0.125,1.0,1.0,0.15625,0.0,0.06666666666666667,0.109375,0.2,0.75,0.3466666666666667,0.1075,score_exclusive_discount
517581,2,0,6,3,0.0,0.5,0.25,Middle-age,Champions,0.0,0.67,4.67,0.375,1.0,1.0,0.1278772378516624,0.22333333333333336,0.15566666666666668,0.08951406649616368,0.3786666666666667,0.25,0.40896666666666665,0.3092,score_free_meal
517596,0,0,9,3,0.0,0.3333333333333333,0.5,Middle-age,High Spenders,0.0,0.33,4.67,0.3333333333333333,1.0,1.0,0.13245033112582782,0.11,0.15566666666666668,0.09271523178807947,0.28800000000000003,0.5,0.40896666666666665,0.2800333333333333,score_exclusive_discount
517622,2,0,6,0,0.0,0.0,0.5,0,0,0.0,0.0,0.0,0.0,0.0,0.0,0.0,0.0,0.0,0.0,0.0,0.5,0.0,0.0,score_exclusive_discount
517633,4,1,4,3,0.25,0.75,0.25,Middle-age,Champions,0.0,0.67,6.5,0.5,1.0,0.75,0.11778563015312131,0.22333333333333336,0.21666666666666667,0.08244994110718491,0.3286666666666667,0.25,0.45166666666666666,0.415,score_free_meal
517653,2,1,6,1,0.5,0.16666666666666666,0.6666666666666667,Middle-age,At Risk,0.0,1.0,1.5,0.25,1.0,1.0,0.10604453870625663,0.3333333333333333,0.05,0.07423117709437964,0.4666666666666667,0.6666666666666667,0.33499999999999996,0.19,score_exclusive_discount
517674,1,0,8,3,0.0,0.375,0.3125,Middle-age,Champions,0.0,0.61,1.33,0.3333333333333333,0.6666666666666666,1.0,0.11820330969267138,0.20333333333333334,0.044333333333333336,0.08274231678486997,0.3626666666666667,0.3125,0.2310333333333333,0.24663333333333332,score_free_checkedbag
517675,4,2,4,2,0.5,0.5,0.5,Middle-age,Champions,0.0,1.0,4.25,0.5,1.0,1.0,0.12121212121212122,0.3333333333333333,0.14166666666666666,0.08484848484848484,0.4666666666666667,0.5,0.39916666666666667,0.39249999999999996,score_exclusive_discount
517676,3,1,5,3,0.3333333333333333,0.6,0.3666666666666667,Middle-age,High Spenders,0.0,0.25,0.5,0.5,0.5,1.0,0.013187392852433075,0.08333333333333333,0.016666666666666666,0.009231174996703152,0.26666666666666666,0.3666666666666667,0.16166666666666665,0.355,score_exclusive_discount
517700,3,0,5,4,0.0,0.8,0.09999999999999998,Middle-age,High Spenders,0.0,0.75,2.5,0.5,1.0,1.0,0.09416195856873824,0.25,0.08333333333333333,0.06591337099811677,0.4,0.09999999999999998,0.35833333333333334,0.375,score_free_checkedbag
517715,1,0,7,2,0.0,0.2857142857142857,0.35714285714285715,Elderly,High Spenders,0.0,1.0,5.5,0.25,1.0,1.0,0.1122334455667789,0.3333333333333333,0.18333333333333332,0.07856341189674523,0.4666666666666667,0.35714285714285715,0.42833333333333334,0.22999999999999998,score_free_checkedbag
517732,4,1,4,1,0.25,0.25,0.5,Middle-age,Low Spenders,0.0,0.5,1.0,0.25,1.0,1.0,0.10905125408942203,0.16666666666666666,0.03333333333333333,0.07633587786259541,0.33333333333333337,0.5,0.3233333333333333,0.185,score_exclusive_discount
517735,2,2,6,0,1.0,0.0,1.0,Middle-age,High Spenders,0.0,0.5,3.0,0.25,0.5,1.0,0.10504201680672269,0.16666666666666666,0.1,0.07352941176470588,0.33333333333333337,1.0,0.21999999999999997,0.205,score_exclusive_discount
517739,3,0,5,1,0.0,0.2,0.4,Youth,Low Spenders,0.0,1.0,5.0,0.125,1.0,1.0,0.1680672268907563,0.3333333333333333,0.16666666666666666,0.1176470588235294,0.4666666666666667,0.4,0.41666666666666663,0.13749999999999998,score_free_checkedbag
517743,2,1,6,3,0.5,0.5,0.5,Middle-age,Medium Spenders,0.0,0.5,1.75,0.5,1.0,1.0,0.1026694045174538,0.16666666666666666,0.058333333333333334,0.07186858316221766,0.33333333333333337,0.5,0.3408333333333333,0.3675,score_exclusive_discount
517772,2,1,6,5,0.5,0.8333333333333334,0.3333333333333333,Middle-age,High Spenders,0.17,0.0,3.0,0.75,1.0,1.0,0.11627906976744186,0.0,0.1,0.0813953488372093,0.2,0.3333333333333333,0.37,0.5549999999999999,score_free_night_flight
517776,0,0,8,3,0.0,0.375,0.5,Middle-age,Champions,0.0,1.0,2.33,0.375,1.0,1.0,0.10940919037199125,0.3333333333333333,0.07766666666666668,0.07658643326039387,0.4666666666666667,0.5,0.35436666666666666,0.28579999999999994,score_exclusive_discount
517787,3,0,5,1,0.0,0.2,0.4,Middle-age,High Spenders,0.0,0.67,7.0,0.125,1.0,1.0,0.0044216483905199855,0.22333333333333336,0.23333333333333334,0.00309515387336399,0.3786666666666667,0.4,0.4633333333333333,0.15749999999999997,score_free_meal
517803,4,2,4,3,0.5,0.75,0.375,Middle-age,High Spenders,0.0,0.25,3.0,0.625,1.0,0.8,0.09891196834817013,0.08333333333333333,0.1,0.06923837784371908,0.22666666666666668,0.375,0.37,0.4675,score_free_night_flight
517819,2,0,6,1,0.0,0.16666666666666666,0.4166666666666667,Middle-age,Low Spenders,0.0,2.0,3.0,0.125,1.0,1.0,0.10256410256410256,0.6666666666666666,0.1,0.07179487179487179,0.7333333333333334,0.4166666666666667,0.37,0.1175,score_free_checkedbag
517825,1,0,7,4,0.0,0.5714285714285714,0.2142857142857143,Middle-age,Low Spenders,0.0,0.75,1.0,0.5,1.0,1.0,0.12300123001230014,0.25,0.03333333333333333,0.08610086100861009,0.4,0.2142857142857143,0.3233333333333333,0.36,score_free_checkedbag
517839,1,0,7,3,0.0,0.42857142857142855,0.2857142857142857,Middle-age,Low Spenders,0.0,0.33,1.33,0.375,0.6666666666666666,1.0,0.1620745542949757,0.11,0.044333333333333336,0.11345218800648298,0.28800000000000003,0.2857142857142857,0.2310333333333333,0.27579999999999993,score_free_checkedbag
517847,4,2,5,2,0.5,0.4,0.55,Middle-age,Low Spenders,0.0,0.67,2.25,0.4444444444444444,1.0,0.75,0.1524390243902439,0.22333333333333336,0.075,0.10670731707317073,0.3286666666666667,0.55,0.3525,0.3336111111111111,score_exclusive_discount
517871,3,0,6,1,0.0,0.16666666666666666,0.4166666666666667,Youth,At Risk,0.0,0.0,1.0,0.1111111111111111,1.0,1.0,0.0947867298578199,0.0,0.03333333333333333,0.06635071090047392,0.2,0.4166666666666667,0.3233333333333333,0.08777777777777776,score_exclusive_discount
517894,0,0,8,3,0.0,0.375,0.5,Middle-age,High Spenders,0.0,0.0,4.67,0.375,1.0,0.6666666666666666,0.1272264631043257,0.0,0.15566666666666668,0.08905852417302798,0.13333333333333333,0.5,0.40896666666666665,0.3092,score_exclusive_discount
517898,3,1,5,2,0.3333333333333333,0.4,0.4666666666666667,Youth,At Risk,0.33,0.0,1.0,0.375,0.6666666666666666,1.0,0.15060240963855423,0.0,0.03333333333333333,0.10542168674698796,0.2,0.4666666666666667,0.22333333333333333,0.27249999999999996,score_exclusive_discount
517925,3,0,6,1,0.0,0.16666666666666666,0.4166666666666667,Middle-age,Champions,0.0,0.0,10.0,0.1111111111111111,1.0,1.0,0.17006802721088435,0.0,0.3333333333333333,0.11904761904761904,0.2,0.4166666666666667,0.5333333333333333,0.17777777777777776,score_free_meal
517931,2,2,7,3,1.0,0.42857142857142855,0.7857142857142857,Middle-age,Champions,0.0,0.67,4.6,0.5555555555555556,1.0,0.6,0.14326647564469913,0.22333333333333336,0.15333333333333332,0.10028653295128939,0.2986666666666667,0.7857142857142857,0.4073333333333333,0.4348888888888889,score_exclusive_discount
517961,2,1,6,3,0.5,0.5,0.5,Middle-age,High Spenders,0.25,1.0,1.0,0.5,1.0,1.0,0.12531328320802004,0.3333333333333333,0.03333333333333333,0.08771929824561403,0.4666666666666667,0.5,0.3233333333333333,0.36,score_exclusive_discount
517967,0,0,8,2,0.0,0.25,0.5,Middle-age,Medium Spenders,0.0,0.0,3.0,0.25,1.0,0.5,0.08779631255487269,0.0,0.1,0.06145741878841088,0.1,0.5,0.37,0.205,score_exclusive_discount
517968,2,2,6,2,1.0,0.3333333333333333,0.8333333333333334,Middle-age,High Spenders,0.0,0.0,3.5,0.5,1.0,0.5,0.1388888888888889,0.0,0.11666666666666667,0.09722222222222222,0.1,0.8333333333333334,0.38166666666666665,0.38499999999999995,score_exclusive_discount
518012,0,0,8,2,0.0,0.25,0.5,Middle-age,Low Spenders,0.0,0.0,2.0,0.25,1.0,1.0,0.12077294685990336,0.0,0.06666666666666667,0.08454106280193235,0.2,0.5,0.3466666666666667,0.19499999999999998,score_exclusive_discount
518015,4,2,4,2,0.5,0.5,0.5,Middle-age,Champions,0.0,0.25,8.0,0.5,1.0,1.0,0.1264222503160556,0.08333333333333333,0.26666666666666666,0.08849557522123892,0.26666666666666666,0.5,0.48666666666666664,0.43,score_exclusive_discount
518041,1,1,7,0,1.0,0.0,1.0,Youth,At Risk,0.0,0.0,4.0,0.125,1.0,0.0,1.0,0.0,0.13333333333333333,0.7,0.0,1.0,0.3933333333333333,0.1275,score_exclusive_discount
518044,1,1,8,3,1.0,0.375,0.8125,Middle-age,Medium Spenders,0.0,1.0,4.25,0.4444444444444444,0.75,0.5,0.1321003963011889,0.3333333333333333,0.14166666666666666,0.09247027741083222,0.3666666666666667,0.8125,0.3241666666666666,0.35361111111111104,score_exclusive_discount
518074,1,1,8,1,1.0,0.125,0.9375,Middle-age,Medium Spenders,0.0,0.25,2.0,0.2222222222222222,0.5,1.0,0.14265335235378032,0.08333333333333333,0.06666666666666667,0.09985734664764621,0.26666666666666666,0.9375,0.19666666666666666,0.17555555555555552,score_exclusive_discount
518084,1,1,7,0,1.0,0.0,1.0,Youth,High Spenders,0.0,0.5,18.0,0.125,1.0,1.0,0.005061497190869059,0.16666666666666666,0.6,0.003543048033608341,0.33333333333333337,1.0,0.72,0.26749999999999996,score_exclusive_discount
518092,3,0,5,5,0.0,1.0,0.0,Middle-age,Medium Spenders,0.0,0.4,1.2,0.625,0.6,1.0,0.13280212483399734,0.13333333333333333,0.04,0.09296148738379813,0.3066666666666667,0.0,0.208,0.4495,score_free_night_flight
518121,2,1,7,2,0.5,0.2857142857142857,0.6071428571428572,Middle-age,Champions,0.0,0.67,2.33,0.3333333333333333,1.0,1.0,0.12019230769230768,0.22333333333333336,0.07766666666666668,0.08413461538461538,0.3786666666666667,0.6071428571428572,0.35436666666666666,0.2566333333333333,score_exclusive_discount
518127,4,2,4,2,0.5,0.5,0.5,Middle-age,Medium Spenders,0.0,0.12,3.75,0.5,1.0,1.0,0.12836970474967907,0.04,0.125,0.08985879332477534,0.232,0.5,0.38749999999999996,0.38749999999999996,score_exclusive_discount
518135,5,2,3,2,0.4,0.6666666666666666,0.3666666666666667,Middle-age,Low Spenders,0.25,0.0,3.0,0.5,1.0,0.75,0.12755102040816327,0.0,0.1,0.08928571428571429,0.15000000000000002,0.3666666666666667,0.37,0.38,score_free_night_flight
518191,2,1,7,3,0.5,0.42857142857142855,0.5357142857142857,Middle-age,At Risk,0.25,0.5,1.0,0.4444444444444444,0.75,1.0,0.11086474501108648,0.16666666666666666,0.03333333333333333,0.07760532150776053,0.33333333333333337,0.5357142857142857,0.2483333333333333,0.32111111111111107,score_exclusive_discount
518196,3,1,5,2,0.3333333333333333,0.4,0.4666666666666667,Middle-age,Champions,0.0,1.0,5.33,0.375,0.6666666666666666,0.6666666666666666,0.09425070688030161,0.3333333333333333,0.17766666666666667,0.06597549481621112,0.4,0.4666666666666667,0.32436666666666664,0.31579999999999997,score_exclusive_discount
518211,1,0,8,4,0.0,0.5,0.25,Middle-age,Medium Spenders,0.0,0.75,1.5,0.4444444444444444,1.0,1.0,0.1267427122940431,0.25,0.05,0.08871989860583017,0.4,0.25,0.33499999999999996,0.3261111111111111,score_free_checkedbag
518219,1,1,7,2,1.0,0.2857142857142857,0.8571428571428572,Youth,Low Spenders,0.0,0.33,1.33,0.375,0.6666666666666666,1.0,0.13386880856760375,0.11,0.044333333333333336,0.09370816599732262,0.28800000000000003,0.8571428571428572,0.2310333333333333,0.27579999999999993,score_exclusive_discount
518281,3,1,5,3,0.3333333333333333,0.6,0.3666666666666667,Middle-age,High Spenders,0.0,0.5,2.0,0.5,0.75,1.0,0.1314060446780552,0.16666666666666666,0.06666666666666667,0.09198423127463863,0.33333333333333337,0.3666666666666667,0.2716666666666666,0.37,score_free_night_flight
518324,2,1,6,4,0.5,0.6666666666666666,0.4166666666666667,Middle-age,Medium Spenders,0.0,0.4,1.0,0.625,1.0,1.0,0.1264222503160556,0.13333333333333333,0.03333333333333333,0.08849557522123892,0.3066666666666667,0.4166666666666667,0.3233333333333333,0.4475,score_free_night_flight
518334,3,1,5,1,0.3333333333333333,0.2,0.5666666666666667,Middle-age,Medium Spenders,0.0,1.0,4.0,0.25,1.0,0.5,0.07012622720897616,0.3333333333333333,0.13333333333333333,0.04908835904628331,0.3666666666666667,0.5666666666666667,0.3933333333333333,0.215,score_exclusive_discount
518338,1,0,7,4,0.0,0.5714285714285714,0.2142857142857143,Middle-age,High Spenders,0.0,0.0,5.25,0.5,1.0,0.75,0.018518518518518517,0.0,0.175,0.01296296296296296,0.15000000000000002,0.2142857142857143,0.4225,0.40249999999999997,score_free_meal
518347,1,0,7,4,0.0,0.5714285714285714,0.2142857142857143,Middle-age,Medium Spenders,0.0,0.25,1.25,0.5,0.75,1.0,0.09066183136899365,0.08333333333333333,0.041666666666666664,0.06346328195829555,0.26666666666666666,0.2142857142857143,0.25416666666666665,0.3625,score_free_night_flight
518348,5,2,3,0,0.4,0.0,0.7,Middle-age,High Spenders,0.0,1.0,2.5,0.25,1.0,0.5,0.10548523206751054,0.3333333333333333,0.08333333333333333,0.07383966244725737,0.3666666666666667,0.7,0.35833333333333334,0.19999999999999998,score_exclusive_discount
518354,1,0,7,0,0.0,0.0,0.5,0,0,0.0,0.0,0.0,0.0,0.0,0.0,0.0,0.0,0.0,0.0,0.0,0.5,0.0,0.0,score_exclusive_discount
518372,3,1,5,1,0.3333333333333333,0.2,0.5666666666666667,Middle-age,Low Spenders,0.0,0.5,2.0,0.25,1.0,1.0,0.12468827930174564,0.16666666666666666,0.06666666666666667,0.08728179551122195,0.33333333333333337,0.5666666666666667,0.3466666666666667,0.19499999999999998,score_exclusive_discount
518393,2,1,6,1,0.5,0.16666666666666666,0.6666666666666667,Middle-age,Low Spenders,0.0,0.0,2.0,0.25,1.0,1.0,0.10471204188481674,0.0,0.06666666666666667,0.07329842931937171,0.2,0.6666666666666667,0.3466666666666667,0.19499999999999998,score_exclusive_discount
518406,0,0,8,3,0.0,0.375,0.5,Middle-age,Low Spenders,0.0,0.33,3.0,0.375,1.0,1.0,0.1383125864453665,0.11,0.1,0.09681881051175655,0.28800000000000003,0.5,0.37,0.2925,score_exclusive_discount
518416,2,1,6,2,0.5,0.3333333333333333,0.5833333333333334,Middle-age,Champions,0.0,0.67,3.67,0.375,1.0,1.0,0.10638297872340426,0.22333333333333336,0.12233333333333334,0.07446808510638298,0.3786666666666667,0.5833333333333334,0.38563333333333333,0.29919999999999997,score_exclusive_discount
518422,3,0,5,1,0.0,0.2,0.4,Middle-age,At Risk,0.0,0.0,3.0,0.125,1.0,0.0,1.0,0.0,0.1,0.7,0.0,0.4,0.37,0.1175,score_free_cancellation
518443,2,1,6,1,0.5,0.16666666666666666,0.6666666666666667,Elderly,Medium Spenders,0.0,1.0,5.5,0.25,1.0,0.5,0.08695652173913043,0.3333333333333333,0.18333333333333332,0.0608695652173913,0.3666666666666667,0.6666666666666667,0.42833333333333334,0.22999999999999998,score_exclusive_discount
518450,0,0,8,2,0.0,0.25,0.5,Elderly,Medium Spenders,0.0,0.0,3.5,0.25,0.5,0.5,0.11764705882352941,0.0,0.11666666666666667,0.08235294117647059,0.1,0.5,0.23166666666666666,0.21,score_exclusive_discount
518480,2,1,6,3,0.5,0.5,0.5,Middle-age,Champions,0.0,1.11,4.0,0.5,1.0,0.75,0.10309278350515465,0.37000000000000005,0.13333333333333333,0.07216494845360825,0.44600000000000006,0.5,0.3933333333333333,0.38999999999999996,score_exclusive_discount
518495,3,1,5,1,0.3333333333333333,0.2,0.5666666666666667,Youth,High Spenders,0.0,1.0,10.5,0.25,1.0,1.0,0.12195121951219513,0.3333333333333333,0.35,0.08536585365853659,0.4666666666666667,0.5666666666666667,0.5449999999999999,0.27999999999999997,score_exclusive_discount
518516,1,0,10,3,0.0,0.3,0.35,Middle-age,High Spenders,0.0,0.67,3.67,0.2727272727272727,1.0,1.0,0.11098779134295228,0.22333333333333336,0.12233333333333334,0.07769145394006659,0.3786666666666667,0.35,0.38563333333333333,0.22760909090909087,score_free_meal
518526,1,1,7,4,1.0,0.5714285714285714,0.7142857142857143,Middle-age,Champions,0.0,0.2,2.6,0.625,1.0,1.0,0.1383125864453665,0.06666666666666667,0.08666666666666667,0.09681881051175655,0.25333333333333335,0.7142857142857143,0.36066666666666664,0.4635,score_exclusive_discount
518527,3,2,5,3,0.6666666666666666,0.6,0.5333333333333333,Middle-age,Champions,0.0,0.2,3.2,0.625,1.0,1.0,0.12547051442910917,0.06666666666666667,0.10666666666666667,0.08782936010037641,0.25333333333333335,0.5333333333333333,0.37466666666666665,0.46950000000000003,score_exclusive_discount
518533,2,1,6,2,0.5,0.3333333333333333,0.5833333333333334,Middle-age,Low Spenders,0.0,0.67,0.33,0.375,0.3333333333333333,1.0,0.11655011655011654,0.22333333333333336,0.011000000000000001,0.08158508158508157,0.3786666666666667,0.5833333333333334,0.10769999999999999,0.2658,score_exclusive_discount
518535,3,1,6,2,0.3333333333333333,0.3333333333333333,0.5,Middle-age,Medium Spenders,0.0,0.5,2.33,0.3333333333333333,0.6666666666666666,0.6666666666666666,0.12019230769230768,0.16666666666666666,0.07766666666666668,0.08413461538461538,0.26666666666666666,0.5,0.25436666666666663,0.2566333333333333,score_exclusive_discount
518541,3,1,5,3,0.3333333333333333,0.6,0.3666666666666667,Middle-age,High Spenders,0.0,0.67,2.75,0.5,0.5,0.75,0.10638297872340426,0.22333333333333336,0.09166666666666666,0.07446808510638298,0.3286666666666667,0.3666666666666667,0.21416666666666667,0.37749999999999995,score_free_night_flight
518567,2,0,7,1,0.0,0.14285714285714285,0.4285714285714286,Youth,At Risk,0.0,1.0,2.0,0.1111111111111111,1.0,1.0,0.1044932079414838,0.3333333333333333,0.06666666666666667,0.07314524555903866,0.4666666666666667,0.4285714285714286,0.3466666666666667,0.09777777777777777,score_free_checkedbag
518579,0,0,8,3,0.0,0.375,0.5,Middle-age,High Spenders,0.0,0.5,4.0,0.375,1.0,0.6666666666666666,0.08097165991902834,0.16666666666666666,0.13333333333333333,0.05668016194331983,0.26666666666666666,0.5,0.3933333333333333,0.30249999999999994,score_exclusive_discount
518582,0,0,8,4,0.0,0.5,0.5,Middle-age,Champions,0.0,0.17,6.0,0.5,0.75,0.75,0.010067451927917045,0.05666666666666667,0.2,0.007047216349541931,0.19533333333333336,0.5,0.365,0.41,score_exclusive_discount
518585,3,1,5,2,0.3333333333333333,0.4,0.4666666666666667,Middle-age,Medium Spenders,0.0,0.67,2.33,0.375,1.0,1.0,0.12690355329949238,0.22333333333333336,0.07766666666666668,0.08883248730964466,0.3786666666666667,0.4666666666666667,0.35436666666666666,0.28579999999999994,score_exclusive_discount
518612,2,2,6,4,1.0,0.6666666666666666,0.6666666666666667,Middle-age,High Spenders,0.0,0.6,2.67,0.75,1.0,0.8333333333333334,0.12135922330097088,0.19999999999999998,0.089,0.0849514563106796,0.32666666666666666,0.6666666666666667,0.36229999999999996,0.5516999999999999,score_exclusive_discount
518628,1,0,7,0,0.0,0.0,0.5,0,0,0.0,0.0,0.0,0.0,0.0,0.0,0.0,0.0,0.0,0.0,0.0,0.5,0.0,0.0,score_exclusive_discount
518629,2,1,6,5,0.5,0.8333333333333334,0.3333333333333333,Middle-age,Low Spenders,0.17,0.5,1.25,0.75,1.0,1.0,0.1288659793814433,0.16666666666666666,0.041666666666666664,0.09020618556701031,0.33333333333333337,0.3333333333333333,0.32916666666666666,0.5374999999999999,score_free_night_flight
518639,2,0,6,1,0.0,0.16666666666666666,0.4166666666666667,Middle-age,At Risk,0.0,1.0,1.0,0.125,1.0,1.0,0.10593220338983052,0.3333333333333333,0.03333333333333333,0.07415254237288135,0.4666666666666667,0.4166666666666667,0.3233333333333333,0.09749999999999999,score_free_checkedbag
518642,2,0,7,1,0.0,0.14285714285714285,0.4285714285714286,Elderly,Champions,0.0,0.0,6.0,0.1111111111111111,1.0,0.0,1.0,0.0,0.2,0.7,0.0,0.4285714285714286,0.43999999999999995,0.13777777777777778,score_free_cancellation
518645,2,0,6,0,0.0,0.0,0.5,0,0,0.0,0.0,0.0,0.0,0.0,0.0,0.0,0.0,0.0,0.0,0.0,0.5,0.0,0.0,score_exclusive_discount
518694,2,0,6,2,0.0,0.3333333333333333,0.33333333333333337,Middle-age,High Spenders,0.0,0.0,12.0,0.25,1.0,0.5,0.10090817356205853,0.0,0.4,0.07063572149344097,0.1,0.33333333333333337,0.58,0.295,score_free_meal
518696,4,0,4,1,0.0,0.25,0.375,Middle-age,At Risk,0.0,0.0,6.0,0.125,1.0,0.0,1.0,0.0,0.2,0.7,0.0,0.375,0.43999999999999995,0.1475,score_free_cancellation
518711,1,0,8,2,0.0,0.25,0.375,Middle-age,Low Spenders,0.0,1.0,2.5,0.2222222222222222,1.0,0.5,0.11737089201877934,0.3333333333333333,0.08333333333333333,0.08215962441314553,0.3666666666666667,0.375,0.35833333333333334,0.18055555555555552,score_exclusive_discount
518716,3,1,5,1,0.3333333333333333,0.2,0.5666666666666667,Middle-age,Champions,0.0,1.0,10.0,0.25,1.0,0.5,0.08576329331046312,0.3333333333333333,0.3333333333333333,0.06003430531732418,0.3666666666666667,0.5666666666666667,0.5333333333333333,0.27499999999999997,score_exclusive_discount
518722,4,1,4,3,0.25,0.75,0.25,Middle-age,Low Spenders,0.0,1.0,1.25,0.5,0.75,1.0,0.1303780964797914,0.3333333333333333,0.041666666666666664,0.09126466753585398,0.4666666666666667,0.25,0.25416666666666665,0.3625,score_free_checkedbag
518726,3,0,5,1,0.0,0.2,0.4,Youth,Low Spenders,0.0,0.0,0.0,0.125,0.0,1.0,0.10810810810810811,0.0,0.0,0.07567567567567568,0.2,0.4,0.0,0.0875,score_exclusive_discount
518735,2,0,6,1,0.0,0.16666666666666666,0.4166666666666667,Middle-age,Low Spenders,0.0,0.0,5.0,0.125,1.0,0.0,1.0,0.0,0.16666666666666666,0.7,0.0,0.4166666666666667,0.41666666666666663,0.13749999999999998,score_free_cancellation
518743,1,0,7,3,0.0,0.42857142857142855,0.2857142857142857,Middle-age,Champions,0.0,0.0,4.0,0.375,1.0,1.0,0.12376237623762376,0.0,0.13333333333333333,0.08663366336633663,0.2,0.2857142857142857,0.3933333333333333,0.30249999999999994,score_free_meal
518747,4,1,4,1,0.25,0.25,0.5,Middle-age,High Spenders,0.0,0.25,2.0,0.25,1.0,1.0,0.12903225806451613,0.08333333333333333,0.06666666666666667,0.09032258064516129,0.26666666666666666,0.5,0.3466666666666667,0.19499999999999998,score_exclusive_discount
518751,4,2,4,3,0.5,0.75,0.375,Middle-age,High Spenders,0.0,0.2,0.6,0.625,0.6,1.0,0.11235955056179775,0.06666666666666667,0.02,0.07865168539325842,0.25333333333333335,0.375,0.194,0.4435,score_free_night_flight
518756,1,1,7,3,1.0,0.42857142857142855,0.7857142857142857,Middle-age,Medium Spenders,0.25,0.5,3.5,0.5,1.0,1.0,0.15337423312883436,0.16666666666666666,0.11666666666666667,0.10736196319018404,0.33333333333333337,0.7857142857142857,0.38166666666666665,0.38499999999999995,score_exclusive_discount
518826,1,0,7,1,0.0,0.14285714285714285,0.4285714285714286,Middle-age,At Risk,0.0,0.0,2.0,0.125,1.0,1.0,0.11862396204033215,0.0,0.06666666666666667,0.0830367734282325,0.2,0.4285714285714286,0.3466666666666667,0.1075,score_exclusive_discount
518827,4,2,4,2,0.5,0.5,0.5,Middle-age,Champions,0.0,0.5,5.0,0.5,1.0,0.5,0.0999000999000999,0.16666666666666666,0.16666666666666666,0.06993006993006992,0.23333333333333334,0.5,0.41666666666666663,0.39999999999999997,score_exclusive_discount
518865,1,0,7,3,0.0,0.42857142857142855,0.2857142857142857,Middle-age,Medium Spenders,0.0,0.67,2.67,0.375,1.0,1.0,0.1183431952662722,0.22333333333333336,0.089,0.08284023668639054,0.3786666666666667,0.2857142857142857,0.36229999999999996,0.28919999999999996,score_free_checkedbag
518866,2,0,6,3,0.0,0.5,0.25,Middle-age,Medium Spenders,0.0,0.0,2.33,0.375,1.0,1.0,0.10964912280701755,0.0,0.07766666666666668,0.07675438596491228,0.2,0.25,0.35436666666666666,0.28579999999999994,score_free_meal
518867,2,1,6,1,0.5,0.16666666666666666,0.6666666666666667,Middle-age,High Spenders,0.0,0.5,2.0,0.25,1.0,1.0,0.11820330969267138,0.16666666666666666,0.06666666666666667,0.08274231678486997,0.33333333333333337,0.6666666666666667,0.3466666666666667,0.19499999999999998,score_exclusive_discount
518870,2,0,6,3,0.0,0.5,0.25,Middle-age,Medium Spenders,0.0,0.0,3.33,0.375,1.0,0.6666666666666666,0.12360939431396786,0.0,0.111,0.08652657601977749,0.13333333333333333,0.25,0.3777,0.29579999999999995,score_free_meal
518894,5,2,3,1,0.4,0.3333333333333333,0.5333333333333333,Middle-age,Low Spenders,0.0,0.67,0.67,0.375,0.3333333333333333,1.0,0.09930486593843098,0.22333333333333336,0.022333333333333334,0.06951340615690169,0.3786666666666667,0.5333333333333333,0.11563333333333332,0.26919999999999994,score_exclusive_discount
518896,1,1,7,4,1.0,0.5714285714285714,0.7142857142857143,Middle-age,Champions,0.2,0.5,10.67,0.625,1.0,0.8,0.12091898428053205,0.16666666666666666,0.3556666666666667,0.08464328899637243,0.29333333333333333,0.7142857142857143,0.5489666666666666,0.5442,score_exclusive_discount
518907,1,1,7,4,1.0,0.5714285714285714,0.7142857142857143,Middle-age,High Spenders,0.0,0.67,3.6,0.625,1.0,0.6,0.13262599469496023,0.22333333333333336,0.12000000000000001,0.09283819628647215,0.2986666666666667,0.7142857142857143,0.384,0.47350000000000003,score_exclusive_discount
518922,3,1,5,0,0.3333333333333333,0.0,0.6666666666666666,Elderly,High Spenders,0.0,0.0,15.0,0.125,1.0,0.0,1.0,0.0,0.5,0.7,0.0,0.6666666666666666,0.6499999999999999,0.2375,score_free_cancellation
518925,3,0,5,1,0.0,0.2,0.4,Middle-age,Low Spenders,0.0,0.0,8.0,0.125,1.0,0.0,1.0,0.0,0.26666666666666666,0.7,0.0,0.4,0.48666666666666664,0.16749999999999998,score_free_cancellation
518931,2,0,6,0,0.0,0.0,0.5,0,0,0.0,0.0,0.0,0.0,0.0,0.0,0.0,0.0,0.0,0.0,0.0,0.5,0.0,0.0,score_exclusive_discount
518954,1,1,7,2,1.0,0.2857142857142857,0.8571428571428572,Middle-age,Medium Spenders,0.0,0.33,3.0,0.375,1.0,1.0,0.12106537530266344,0.11,0.1,0.0847457627118644,0.28800000000000003,0.8571428571428572,0.37,0.2925,score_exclusive_discount
518956,2,2,7,0,1.0,0.0,1.0,Middle-age,Low Spenders,0.0,0.0,4.0,0.2222222222222222,1.0,0.5,0.08718395815170009,0.0,0.13333333333333333,0.06102877070619006,0.1,1.0,0.3933333333333333,0.19555555555555554,score_exclusive_discount
518963,3,0,5,2,0.0,0.4,0.3,Middle-age,Low Spenders,0.0,0.0,2.5,0.25,1.0,1.0,0.1388888888888889,0.0,0.08333333333333333,0.09722222222222222,0.2,0.3,0.35833333333333334,0.19999999999999998,score_free_meal
518971,4,1,5,1,0.25,0.2,0.525,Middle-age,At Risk,0.0,0.5,1.0,0.2222222222222222,1.0,1.0,0.1811594202898551,0.16666666666666666,0.03333333333333333,0.12681159420289856,0.33333333333333337,0.525,0.3233333333333333,0.16555555555555554,score_exclusive_discount
518998,3,1,5,2,0.3333333333333333,0.4,0.4666666666666667,Middle-age,Low Spenders,0.0,1.33,1.67,0.375,1.0,1.0,0.10952902519167579,0.44333333333333336,0.05566666666666666,0.07667031763417305,0.5546666666666666,0.4666666666666667,0.33896666666666664,0.27919999999999995,score_free_checkedbag
519014,2,1,6,3,0.5,0.5,0.5,Middle-age,Champions,0.0,0.5,7.75,0.5,0.75,0.5,0.14306151645207438,0.16666666666666666,0.25833333333333336,0.10014306151645205,0.23333333333333334,0.5,0.4058333333333333,0.4275,score_exclusive_discount
519059,3,2,5,0,0.6666666666666666,0.0,0.8333333333333333,Youth,Medium Spenders,0.0,0.5,2.0,0.25,1.0,1.0,0.09861932938856015,0.16666666666666666,0.06666666666666667,0.0690335305719921,0.33333333333333337,0.8333333333333333,0.3466666666666667,0.19499999999999998,score_exclusive_discount
519079,2,2,6,3,1.0,0.5,0.75,Middle-age,Champions,0.0,0.5,4.4,0.625,0.8,0.8,0.1297016861219196,0.16666666666666666,0.14666666666666667,0.0907911802853437,0.29333333333333333,0.75,0.3426666666666667,0.4815,score_exclusive_discount
519089,1,1,7,2,1.0,0.2857142857142857,0.8571428571428572,Middle-age,High Spenders,0.0,1.0,3.33,0.375,0.6666666666666666,1.0,0.015389350569405973,0.3333333333333333,0.111,0.010772545398584181,0.4666666666666667,0.8571428571428572,0.27769999999999995,0.29579999999999995,score_exclusive_discount
519091,4,1,4,1,0.25,0.25,0.5,Middle-age,Champions,0.0,0.5,14.0,0.25,1.0,0.5,0.2222222222222222,0.16666666666666666,0.4666666666666667,0.15555555555555553,0.23333333333333334,0.5,0.6266666666666667,0.31499999999999995,score_free_meal
519096,2,2,6,0,1.0,0.0,1.0,Middle-age,Low Spenders,0.0,0.0,3.0,0.25,1.0,1.0,0.10319917440660475,0.0,0.1,0.07223942208462332,0.2,1.0,0.37,0.205,score_exclusive_discount
519114,2,1,6,2,0.5,0.3333333333333333,0.5833333333333334,Middle-age,High Spenders,0.0,0.33,5.0,0.375,1.0,1.0,0.11235955056179775,0.11,0.16666666666666666,0.07865168539325842,0.28800000000000003,0.5833333333333334,0.41666666666666663,0.31249999999999994,score_exclusive_discount
519117,4,3,4,1,0.75,0.25,0.75,Middle-age,High Spenders,0.0,0.5,3.75,0.5,1.0,1.0,0.10214504596527069,0.16666666666666666,0.125,0.07150153217568947,0.33333333333333337,0.75,0.38749999999999996,0.38749999999999996,score_exclusive_discount
519137,3,2,6,1,0.6666666666666666,0.16666666666666666,0.75,Middle-age,High Spenders,0.0,0.33,2.67,0.3333333333333333,1.0,1.0,0.09487666034155598,0.11,0.089,0.06641366223908918,0.28800000000000003,0.75,0.36229999999999996,0.2600333333333333,score_exclusive_discount
519140,1,0,7,5,0.0,0.7142857142857143,0.14285714285714285,Middle-age,High Spenders,0.0,0.88,2.4,0.625,1.0,0.8,0.11990407673860912,0.29333333333333333,0.08,0.08393285371702637,0.3946666666666667,0.14285714285714285,0.356,0.4615,score_free_night_flight
519171,2,0,7,2,0.0,0.2857142857142857,0.35714285714285715,Middle-age,Medium Spenders,0.0,0.25,3.5,0.2222222222222222,0.5,1.0,0.12903225806451613,0.08333333333333333,0.11666666666666667,0.09032258064516129,0.26666666666666666,0.35714285714285715,0.23166666666666666,0.19055555555555553,score_exclusive_discount
519191,4,1,4,0,0.25,0.0,0.625,Youth,Low Spenders,0.0,0.0,14.0,0.125,1.0,0.0,1.0,0.0,0.4666666666666667,0.7,0.0,0.625,0.6266666666666667,0.22749999999999998,score_free_cancellation
519205,2,1,6,1,0.5,0.16666666666666666,0.6666666666666667,Middle-age,Low Spenders,0.0,0.5,1.5,0.25,1.0,1.0,0.14084507042253522,0.16666666666666666,0.05,0.09859154929577464,0.33333333333333337,0.6666666666666667,0.33499999999999996,0.19,score_exclusive_discount
519210,1,0,8,4,0.0,0.5,0.25,Middle-age,Medium Spenders,0.0,0.5,5.75,0.4444444444444444,0.75,0.5,0.0876424189307625,0.16666666666666666,0.19166666666666668,0.06134969325153374,0.23333333333333334,0.25,0.35916666666666663,0.36861111111111106,score_free_night_flight
519211,2,1,6,4,0.5,0.6666666666666666,0.4166666666666667,Middle-age,High Spenders,0.0,0.75,3.4,0.625,1.0,0.8,0.12224938875305624,0.25,0.11333333333333333,0.08557457212713937,0.36000000000000004,0.4166666666666667,0.3793333333333333,0.4715,score_free_night_flight
519248,3,1,5,0,0.3333333333333333,0.0,0.6666666666666666,Youth,High Spenders,0.0,0.67,9.0,0.125,1.0,1.0,0.004419694157164324,0.22333333333333336,0.3,0.003093785910015027,0.3786666666666667,0.6666666666666666,0.51,0.1775,score_exclusive_discount
519254,1,1,7,6,1.0,0.8571428571428571,0.5714285714285714,Middle-age,Champions,0.0,0.33,2.86,0.875,1.0,0.8571428571428571,0.10362694300518134,0.11,0.09533333333333333,0.07253886010362694,0.25942857142857145,0.5714285714285714,0.3667333333333333,0.6410999999999999,score_free_night_flight
519260,3,1,5,2,0.3333333333333333,0.4,0.4666666666666667,Middle-age,Medium Spenders,0.0,1.0,1.33,0.375,1.0,0.6666666666666666,0.0992063492063492,0.3333333333333333,0.044333333333333336,0.06944444444444443,0.4,0.4666666666666667,0.33103333333333335,0.27579999999999993,score_exclusive_discount
519267,1,0,8,1,0.0,0.125,0.4375,Middle-age,At Risk,0.0,1.0,1.0,0.1111111111111111,1.0,1.0,0.09267840593141799,0.3333333333333333,0.03333333333333333,0.06487488415199259,0.4666666666666667,0.4375,0.3233333333333333,0.08777777777777776,score_free_checkedbag
519285,1,0,7,4,0.0,0.5714285714285714,0.2142857142857143,Middle-age,Medium Spenders,0.0,0.33,3.5,0.5,1.0,0.75,0.1251564455569462,0.11,0.11666666666666667,0.08760951188986232,0.23800000000000004,0.2142857142857143,0.38166666666666665,0.38499999999999995,score_free_night_flight
519312,2,0,6,0,0.0,0.0,0.5,0,0,0.0,0.0,0.0,0.0,0.0,0.0,0.0,0.0,0.0,0.0,0.0,0.5,0.0,0.0,score_exclusive_discount
519313,0,0,8,1,0.0,0.125,0.5,Youth,Low Spenders,0.0,0.0,2.0,0.125,1.0,1.0,0.08650519031141868,0.0,0.06666666666666667,0.06055363321799307,0.2,0.5,0.3466666666666667,0.1075,score_exclusive_discount
519335,1,0,9,2,0.0,0.2222222222222222,0.3888888888888889,Elderly,Low Spenders,0.0,0.0,4.0,0.2,1.0,0.0,1.0,0.0,0.13333333333333333,0.7,0.0,0.3888888888888889,0.3933333333333333,0.18,score_free_cancellation
519348,2,1,6,2,0.5,0.3333333333333333,0.5833333333333334,Middle-age,Low Spenders,0.0,0.67,2.0,0.375,1.0,1.0,0.136986301369863,0.22333333333333336,0.06666666666666667,0.0958904109589041,0.3786666666666667,0.5833333333333334,0.3466666666666667,0.2825,score_exclusive_discount
519353,0,0,8,1,0.0,0.125,0.5,Elderly,Low Spenders,0.0,0.0,6.0,0.125,1.0,0.0,1.0,0.0,0.2,0.7,0.0,0.5,0.43999999999999995,0.1475,score_free_cancellation
519357,4,1,5,4,0.25,0.8,0.22499999999999998,Middle-age,Medium Spenders,0.0,0.6,1.4,0.5555555555555556,0.8,1.0,0.11778563015312131,0.19999999999999998,0.04666666666666666,0.08244994110718491,0.36,0.22499999999999998,0.27266666666666667,0.4028888888888889,score_free_night_flight
519368,2,0,7,1,0.0,0.14285714285714285,0.4285714285714286,Youth,At Risk,0.0,0.0,1.0,0.1111111111111111,1.0,1.0,0.19607843137254904,0.0,0.03333333333333333,0.13725490196078433,0.2,0.4285714285714286,0.3233333333333333,0.08777777777777776,score_exclusive_discount
519383,2,1,7,2,0.5,0.2857142857142857,0.6071428571428572,Middle-age,Low Spenders,0.33,0.0,5.0,0.3333333333333333,1.0,0.6666666666666666,1.0,0.0,0.16666666666666666,0.7,0.13333333333333333,0.6071428571428572,0.41666666666666663,0.2833333333333333,score_free_cancellation
519392,3,1,5,1,0.3333333333333333,0.2,0.5666666666666667,Middle-age,Low Spenders,0.0,1.0,1.0,0.25,0.5,1.0,0.0970873786407767,0.3333333333333333,0.03333333333333333,0.06796116504854369,0.4666666666666667,0.5666666666666667,0.17333333333333334,0.185,score_exclusive_discount
519393,1,1,7,2,1.0,0.2857142857142857,0.8571428571428572,Middle-age,Low Spenders,0.0,0.5,2.33,0.375,0.6666666666666666,0.6666666666666666,0.09615384615384615,0.16666666666666666,0.07766666666666668,0.06730769230769229,0.26666666666666666,0.8571428571428572,0.25436666666666663,0.28579999999999994,score_exclusive_discount
519406,2,0,6,0,0.0,0.0,0.5,0,0,0.0,0.0,0.0,0.0,0.0,0.0,0.0,0.0,0.0,0.0,0.0,0.5,0.0,0.0,score_exclusive_discount
519412,3,0,5,2,0.0,0.4,0.3,Middle-age,At Risk,0.0,0.0,2.0,0.25,1.0,0.5,0.09267840593141799,0.0,0.06666666666666667,0.06487488415199259,0.1,0.3,0.3466666666666667,0.19499999999999998,score_free_meal
519419,3,0,6,1,0.0,0.16666666666666666,0.4166666666666667,Middle-age,Low Spenders,0.0,0.0,2.0,0.1111111111111111,1.0,1.0,0.10111223458038422,0.0,0.06666666666666667,0.07077856420626895,0.2,0.4166666666666667,0.3466666666666667,0.09777777777777777,score_exclusive_discount
519430,3,1,5,1,0.3333333333333333,0.2,0.5666666666666667,Middle-age,Medium Spenders,0.0,0.25,3.0,0.25,1.0,1.0,0.12004801920768307,0.08333333333333333,0.1,0.08403361344537814,0.26666666666666666,0.5666666666666667,0.37,0.205,score_exclusive_discount
519446,0,0,8,4,0.0,0.5,0.5,Middle-age,High Spenders,0.0,1.25,3.75,0.5,0.75,1.0,0.11792452830188678,0.4166666666666667,0.125,0.08254716981132074,0.5333333333333334,0.5,0.3125,0.38749999999999996,score_free_checkedbag
519469,3,2,5,2,0.6666666666666666,0.4,0.6333333333333333,Middle-age,Low Spenders,0.25,1.0,3.5,0.5,1.0,0.75,0.14104372355430184,0.3333333333333333,0.11666666666666667,0.09873060648801128,0.4166666666666667,0.6333333333333333,0.38166666666666665,0.38499999999999995,score_exclusive_discount
519515,2,2,6,2,1.0,0.3333333333333333,0.8333333333333334,Middle-age,Champions,0.0,1.33,6.25,0.5,0.75,0.75,0.1107419712070875,0.44333333333333336,0.20833333333333334,0.07751937984496124,0.5046666666666667,0.8333333333333334,0.37083333333333335,0.4125,score_exclusive_discount
519529,1,0,7,1,0.0,0.14285714285714285,0.4285714285714286,Youth,At Risk,0.0,1.0,2.0,0.125,1.0,1.0,0.13262599469496023,0.3333333333333333,0.06666666666666667,0.09283819628647215,0.4666666666666667,0.4285714285714286,0.3466666666666667,0.1075,score_free_checkedbag
519532,3,0,6,3,0.0,0.5,0.25,Middle-age,Medium Spenders,0.0,0.89,1.67,0.3333333333333333,1.0,1.0,0.12547051442910917,0.2966666666666667,0.05566666666666666,0.08782936010037641,0.43733333333333335,0.25,0.33896666666666664,0.25003333333333333,score_free_checkedbag
519541,1,1,7,1,1.0,0.14285714285714285,0.9285714285714286,Middle-age,Low Spenders,0.0,0.5,1.5,0.25,1.0,1.0,0.10764262648008613,0.16666666666666666,0.05,0.07534983853606028,0.33333333333333337,0.9285714285714286,0.33499999999999996,0.19,score_exclusive_discount
519548,1,0,7,0,0.0,0.0,0.5,0,0,0.0,0.0,0.0,0.0,0.0,0.0,0.0,0.0,0.0,0.0,0.0,0.5,0.0,0.0,score_exclusive_discount
519554,2,0,7,3,0.0,0.42857142857142855,0.2857142857142857,Middle-age,High Spenders,0.0,0.67,5.0,0.3333333333333333,1.0,1.0,0.09074410163339383,0.22333333333333336,0.16666666666666666,0.06352087114337568,0.3786666666666667,0.2857142857142857,0.41666666666666663,0.2833333333333333,score_free_meal
519561,1,0,7,0,0.0,0.0,0.5,0,0,0.0,0.0,0.0,0.0,0.0,0.0,0.0,0.0,0.0,0.0,0.0,0.5,0.0,0.0,score_exclusive_discount
519595,2,1,6,3,0.5,0.5,0.5,Middle-age,Medium Spenders,0.0,0.25,2.0,0.5,0.75,1.0,0.11299435028248588,0.08333333333333333,0.06666666666666667,0.0790960451977401,0.26666666666666666,0.5,0.2716666666666666,0.37,score_exclusive_discount
519596,2,0,6,2,0.0,0.3333333333333333,0.33333333333333337,Middle-age,Low Spenders,0.0,0.0,3.0,0.25,1.0,1.0,0.12919896640826872,0.0,0.1,0.0904392764857881,0.2,0.33333333333333337,0.37,0.205,score_free_meal
519604,2,0,6,3,0.0,0.5,0.25,Middle-age,Low Spenders,0.0,0.33,3.33,0.375,1.0,1.0,0.11325028312570781,0.11,0.111,0.07927519818799546,0.28800000000000003,0.25,0.3777,0.29579999999999995,score_free_meal
519626,2,0,6,3,0.0,0.5,0.25,Middle-age,Medium Spenders,0.0,0.33,4.0,0.375,1.0,1.0,0.1400560224089636,0.11,0.13333333333333333,0.09803921568627451,0.28800000000000003,0.25,0.3933333333333333,0.30249999999999994,score_free_meal
519631,2,1,6,5,0.5,0.8333333333333334,0.3333333333333333,Middle-age,High Spenders,0.0,0.5,2.0,0.75,1.0,1.0,0.1183431952662722,0.16666666666666666,0.06666666666666667,0.08284023668639054,0.33333333333333337,0.3333333333333333,0.3466666666666667,0.5449999999999999,score_free_night_flight
519664,2,1,6,1,0.5,0.16666666666666666,0.6666666666666667,Middle-age,Low Spenders,0.0,1.0,5.5,0.25,1.0,1.0,0.08460236886632826,0.3333333333333333,0.18333333333333332,0.05922165820642977,0.4666666666666667,0.6666666666666667,0.42833333333333334,0.22999999999999998,score_exclusive_discount
519687,4,0,5,0,0.0,0.0,0.5,0,0,0.0,0.0,0.0,0.0,0.0,0.0,0.0,0.0,0.0,0.0,0.0,0.5,0.0,0.0,score_exclusive_discount
519694,2,0,6,4,0.0,0.6666666666666666,0.16666666666666669,Middle-age,Medium Spenders,0.0,0.5,1.25,0.5,1.0,1.0,0.15503875968992248,0.16666666666666666,0.041666666666666664,0.10852713178294573,0.33333333333333337,0.16666666666666669,0.32916666666666666,0.3625,score_free_night_flight
519695,3,0,5,3,0.0,0.6,0.2,Middle-age,Medium Spenders,0.0,0.0,2.33,0.375,1.0,0.6666666666666666,0.13297872340425532,0.0,0.07766666666666668,0.09308510638297872,0.13333333333333333,0.2,0.35436666666666666,0.28579999999999994,score_free_meal
519706,2,1,6,0,0.5,0.0,0.75,Elderly,Champions,0.0,0.0,27.0,0.125,1.0,0.0,1.0,0.0,0.9,0.7,0.0,0.75,0.9299999999999999,0.35750000000000004,score_free_meal
519709,2,2,7,4,1.0,0.5714285714285714,0.7142857142857143,Middle-age,Low Spenders,0.17,0.25,1.0,0.6666666666666666,0.5,1.0,0.10559662090813093,0.08333333333333333,0.03333333333333333,0.07391763463569165,0.26666666666666666,0.7142857142857143,0.17333333333333334,0.4766666666666666,score_exclusive_discount
519718,4,2,4,3,0.5,0.75,0.375,Middle-age,Medium Spenders,0.2,0.5,4.33,0.625,1.0,0.8,0.12048192771084336,0.16666666666666666,0.14433333333333334,0.08433734939759034,0.29333333333333333,0.375,0.40103333333333335,0.4808,score_free_night_flight
519722,0,0,8,3,0.0,0.375,0.5,Middle-age,Champions,0.0,0.0,4.0,0.375,0.6666666666666666,0.3333333333333333,0.10330578512396695,0.0,0.13333333333333333,0.07231404958677685,0.06666666666666667,0.5,0.29333333333333333,0.30249999999999994,score_exclusive_discount
519725,1,1,7,1,1.0,0.14285714285714285,0.9285714285714286,Middle-age,At Risk,0.0,1.0,2.0,0.25,1.0,0.5,0.18315018315018314,0.3333333333333333,0.06666666666666667,0.1282051282051282,0.3666666666666667,0.9285714285714286,0.3466666666666667,0.19499999999999998,score_exclusive_discount
519726,1,0,7,2,0.0,0.2857142857142857,0.35714285714285715,Middle-age,Low Spenders,0.0,0.0,3.0,0.25,1.0,1.0,0.15673981191222572,0.0,0.1,0.109717868338558,0.2,0.35714285714285715,0.37,0.205,score_free_meal
519747,2,2,6,5,1.0,0.8333333333333334,0.5833333333333333,Middle-age,Champions,0.14,0.2,3.6,0.875,1.0,1.0,0.10834236186348863,0.06666666666666667,0.12000000000000001,0.07583965330444203,0.25333333333333335,0.5833333333333333,0.384,0.6485,score_free_night_flight
519769,2,2,6,1,1.0,0.16666666666666666,0.9166666666666667,Middle-age,Low Spenders,0.0,0.33,2.33,0.375,1.0,1.0,0.1231527093596059,0.11,0.07766666666666668,0.08620689655172413,0.28800000000000003,0.9166666666666667,0.35436666666666666,0.28579999999999994,score_exclusive_discount
519774,2,1,6,2,0.5,0.3333333333333333,0.5833333333333334,Middle-age,Medium Spenders,0.0,1.0,6.0,0.375,1.0,0.6666666666666666,0.1145475372279496,0.3333333333333333,0.2,0.08018327605956471,0.4,0.5833333333333334,0.43999999999999995,0.32249999999999995,score_exclusive_discount
519787,3,1,6,2,0.3333333333333333,0.3333333333333333,0.5,Youth,Low Spenders,0.33,0.0,7.0,0.3333333333333333,0.6666666666666666,0.6666666666666666,1.0,0.0,0.23333333333333334,0.7,0.13333333333333333,0.5,0.3633333333333333,0.3033333333333333,score_free_cancellation
519799,3,1,5,4,0.3333333333333333,0.8,0.2666666666666666,Middle-age,High Spenders,0.0,0.4,1.8,0.625,0.6,1.0,0.12135922330097088,0.13333333333333333,0.060000000000000005,0.0849514563106796,0.3066666666666667,0.2666666666666666,0.222,0.4555,score_free_night_flight
519846,1,1,8,3,1.0,0.375,0.8125,Middle-age,Champions,0.0,0.0,3.5,0.4444444444444444,1.0,0.75,0.12610340479192939,0.0,0.11666666666666667,0.08827238335435056,0.15000000000000002,0.8125,0.38166666666666665,0.34611111111111104,score_exclusive_discount
519848,3,0,6,4,0.0,0.6666666666666666,0.16666666666666669,Middle-age,High Spenders,0.0,0.0,2.0,0.4444444444444444,1.0,1.0,0.11600928074245938,0.0,0.06666666666666667,0.08120649651972156,0.2,0.16666666666666669,0.3466666666666667,0.3311111111111111,score_free_meal
519853,5,1,3,1,0.2,0.3333333333333333,0.43333333333333335,Middle-age,Low Spenders,0.0,0.0,1.0,0.25,0.5,1.0,0.15267175572519084,0.0,0.03333333333333333,0.10687022900763359,0.2,0.43333333333333335,0.17333333333333334,0.185,score_exclusive_discount
519859,3,2,5,3,0.6666666666666666,0.6,0.5333333333333333,Middle-age,Champions,0.0,0.0,5.2,0.625,0.8,1.0,0.09727626459143969,0.0,0.17333333333333334,0.06809338521400778,0.2,0.5333333333333333,0.36133333333333334,0.4895,score_exclusive_discount
519885,2,1,6,2,0.5,0.3333333333333333,0.5833333333333334,Middle-age,High Spenders,0.0,0.25,6.0,0.375,1.0,0.6666666666666666,0.09643201542912247,0.08333333333333333,0.2,0.06750241080038573,0.2,0.5833333333333334,0.43999999999999995,0.32249999999999995,score_exclusive_discount
519888,3,2,5,2,0.6666666666666666,0.4,0.6333333333333333,Middle-age,Medium Spenders,0.0,1.0,3.75,0.5,1.0,0.75,0.12360939431396786,0.3333333333333333,0.125,0.08652657601977749,0.4166666666666667,0.6333333333333333,0.38749999999999996,0.38749999999999996,score_exclusive_discount
519893,1,0,8,4,0.0,0.5,0.25,Middle-age,Champions,0.0,0.67,2.75,0.4444444444444444,1.0,0.75,0.09930486593843098,0.22333333333333336,0.09166666666666666,0.06951340615690169,0.3286666666666667,0.25,0.36416666666666664,0.3386111111111111,score_free_meal
519896,3,2,6,1,0.6666666666666666,0.16666666666666666,0.75,Middle-age,Champions,0.0,0.5,9.0,0.3333333333333333,1.0,1.0,0.0111781801922647,0.16666666666666666,0.3,0.00782472613458529,0.33333333333333337,0.75,0.51,0.3233333333333333,score_exclusive_discount
519897,3,0,5,0,0.0,0.0,0.5,0,0,0.0,0.0,0.0,0.0,0.0,0.0,0.0,0.0,0.0,0.0,0.0,0.5,0.0,0.0,score_exclusive_discount
519905,0,0,8,2,0.0,0.25,0.5,Middle-age,High Spenders,0.0,1.0,3.0,0.25,1.0,1.0,0.12062726176115804,0.3333333333333333,0.1,0.08443908323281062,0.4666666666666667,0.5,0.37,0.205,score_exclusive_discount
519911,3,1,6,5,0.3333333333333333,0.8333333333333334,0.25,Middle-age,Champions,0.0,0.17,4.0,0.6666666666666666,1.0,1.0,0.13054830287206265,0.05666666666666667,0.13333333333333333,0.09138381201044385,0.24533333333333335,0.25,0.3933333333333333,0.5066666666666666,score_free_night_flight
519912,1,1,7,3,1.0,0.42857142857142855,0.7857142857142857,Middle-age,Medium Spenders,0.0,0.5,2.5,0.5,1.0,1.0,0.10121457489878542,0.16666666666666666,0.08333333333333333,0.07085020242914979,0.33333333333333337,0.7857142857142857,0.35833333333333334,0.375,score_exclusive_discount
519943,3,0,6,0,0.0,0.0,0.5,0,0,0.0,0.0,0.0,0.0,0.0,0.0,0.0,0.0,0.0,0.0,0.0,0.5,0.0,0.0,score_exclusive_discount
519955,2,1,6,1,0.5,0.16666666666666666,0.6666666666666667,Middle-age,Medium Spenders,0.0,0.5,2.5,0.25,1.0,1.0,0.1277139208173691,0.16666666666666666,0.08333333333333333,0.08939974457215837,0.33333333333333337,0.6666666666666667,0.35833333333333334,0.19999999999999998,score_exclusive_discount
519957,5,1,3,1,0.2,0.3333333333333333,0.43333333333333335,Middle-age,Low Spenders,0.0,1.0,2.0,0.25,1.0,1.0,0.11273957158962794,0.3333333333333333,0.06666666666666667,0.07891770011273955,0.4666666666666667,0.43333333333333335,0.3466666666666667,0.19499999999999998,score_free_checkedbag
519961,1,0,8,3,0.0,0.375,0.3125,Middle-age,Low Spenders,0.0,0.67,1.67,0.3333333333333333,1.0,1.0,0.1053740779768177,0.22333333333333336,0.05566666666666666,0.0737618545837724,0.3786666666666667,0.3125,0.33896666666666664,0.25003333333333333,score_free_checkedbag
519965,4,2,4,1,0.5,0.25,0.625,Middle-age,High Spenders,0.0,0.67,2.0,0.375,1.0,1.0,0.11273957158962794,0.22333333333333336,0.06666666666666667,0.07891770011273955,0.3786666666666667,0.625,0.3466666666666667,0.2825,score_exclusive_discount
519982,3,1,5,1,0.3333333333333333,0.2,0.5666666666666667,0,0,0.0,0.0,0.0,0.0,0.0,0.0,0.0,0.0,0.0,0.0,0.0,0.5666666666666667,0.0,0.0,score_exclusive_discount
520054,3,0,5,1,0.0,0.2,0.4,Middle-age,At Risk,0.0,0.0,1.0,0.125,1.0,1.0,0.13386880856760375,0.0,0.03333333333333333,0.09370816599732262,0.2,0.4,0.3233333333333333,0.09749999999999999,score_exclusive_discount
520063,0,0,11,2,0.0,0.18181818181818182,0.5,Middle-age,At Risk,0.0,0.0,1.0,0.18181818181818182,1.0,1.0,0.12903225806451613,0.0,0.03333333333333333,0.09032258064516129,0.2,0.5,0.3233333333333333,0.13727272727272727,score_exclusive_discount
520097,3,1,5,3,0.3333333333333333,0.6,0.3666666666666667,Middle-age,Low Spenders,0.0,0.5,1.0,0.5,0.75,1.0,0.1364256480218281,0.16666666666666666,0.03333333333333333,0.09549795361527967,0.33333333333333337,0.3666666666666667,0.2483333333333333,0.36,score_exclusive_discount
520106,1,0,7,1,0.0,0.14285714285714285,0.4285714285714286,Youth,At Risk,0.0,1.0,2.0,0.125,1.0,1.0,0.10362694300518134,0.3333333333333333,0.06666666666666667,0.07253886010362694,0.4666666666666667,0.4285714285714286,0.3466666666666667,0.1075,score_free_checkedbag
520141,2,0,6,3,0.0,0.5,0.25,Middle-age,Medium Spenders,0.0,0.5,3.67,0.375,1.0,0.6666666666666666,0.11641443538998836,0.16666666666666666,0.12233333333333334,0.08149010477299184,0.26666666666666666,0.25,0.38563333333333333,0.29919999999999997,score_free_meal
520152,1,1,8,3,1.0,0.375,0.8125,Middle-age,High Spenders,0.0,1.0,4.25,0.4444444444444444,1.0,0.75,0.11013215859030837,0.3333333333333333,0.14166666666666666,0.07709251101321585,0.4166666666666667,0.8125,0.39916666666666667,0.35361111111111104,score_exclusive_discount
520170,2,0,6,2,0.0,0.3333333333333333,0.33333333333333337,Youth,High Spenders,0.0,0.0,3.0,0.25,1.0,0.5,0.08071025020177562,0.0,0.1,0.05649717514124293,0.1,0.33333333333333337,0.37,0.205,score_free_meal
520175,2,1,6,2,0.5,0.3333333333333333,0.5833333333333334,Middle-age,Low Spenders,0.0,0.67,2.33,0.375,1.0,1.0,0.11750881316098707,0.22333333333333336,0.07766666666666668,0.08225616921269095,0.3786666666666667,0.5833333333333334,0.35436666666666666,0.28579999999999994,score_exclusive_discount
520177,3,1,7,5,0.3333333333333333,0.7142857142857143,0.30952380952380953,Middle-age,High Spenders,0.0,0.4,4.0,0.6,0.6666666666666666,0.8333333333333334,0.11848341232227487,0.13333333333333333,0.13333333333333333,0.0829383886255924,0.2733333333333334,0.30952380952380953,0.29333333333333333,0.45999999999999996,score_free_night_flight
520182,2,0,6,3,0.0,0.5,0.25,Middle-age,High Spenders,0.0,0.67,2.0,0.375,0.3333333333333333,1.0,0.11547344110854503,0.22333333333333336,0.06666666666666667,0.08083140877598152,0.3786666666666667,0.25,0.14666666666666667,0.2825,score_free_checkedbag
520188,2,1,6,1,0.5,0.16666666666666666,0.6666666666666667,Middle-age,Low Spenders,0.0,1.0,4.5,0.25,1.0,0.5,0.11876484560570072,0.3333333333333333,0.15,0.0831353919239905,0.3666666666666667,0.6666666666666667,0.40499999999999997,0.21999999999999997,score_exclusive_discount
520193,1,0,7,3,0.0,0.42857142857142855,0.2857142857142857,Middle-age,High Spenders,0.0,1.0,2.67,0.375,1.0,1.0,0.11723329425556857,0.3333333333333333,0.089,0.082063305978898,0.4666666666666667,0.2857142857142857,0.36229999999999996,0.28919999999999996,score_free_checkedbag
520225,2,2,6,3,1.0,0.5,0.75,Middle-age,High Spenders,0.0,0.6,2.6,0.625,1.0,1.0,0.11600928074245938,0.19999999999999998,0.08666666666666667,0.08120649651972156,0.36,0.75,0.36066666666666664,0.4635,score_exclusive_discount
520244,2,0,6,2,0.0,0.3333333333333333,0.33333333333333337,Middle-age,Low Spenders,0.0,0.5,4.0,0.25,1.0,1.0,0.14727540500736377,0.16666666666666666,0.13333333333333333,0.10309278350515463,0.33333333333333337,0.33333333333333337,0.3933333333333333,0.215,score_free_meal
520248,1,1,7,3,1.0,0.42857142857142855,0.7857142857142857,Middle-age,High Spenders,0.0,0.25,2.0,0.5,1.0,1.0,0.11261261261261263,0.08333333333333333,0.06666666666666667,0.07882882882882883,0.26666666666666666,0.7857142857142857,0.3466666666666667,0.37,score_exclusive_discount
520250,2,1,6,3,0.5,0.5,0.5,Middle-age,High Spenders,0.0,0.5,2.0,0.5,1.0,1.0,0.10893246187363835,0.16666666666666666,0.06666666666666667,0.07625272331154684,0.33333333333333337,0.5,0.3466666666666667,0.37,score_exclusive_discount
520256,2,1,6,3,0.5,0.5,0.5,Middle-age,Medium Spenders,0.0,0.0,5.0,0.5,1.0,0.75,0.14064697609001406,0.0,0.16666666666666666,0.09845288326300984,0.15000000000000002,0.5,0.41666666666666663,0.39999999999999997,score_exclusive_discount
520265,2,1,6,4,0.5,0.6666666666666666,0.4166666666666667,Middle-age,Champions,0.0,0.25,5.0,0.625,1.0,0.8,0.10604453870625663,0.08333333333333333,0.16666666666666666,0.07423117709437964,0.22666666666666668,0.4166666666666667,0.41666666666666663,0.4875,score_free_night_flight
520277,3,0,5,2,0.0,0.4,0.3,Middle-age,At Risk,0.0,0.0,1.5,0.25,1.0,1.0,0.12180267965895249,0.0,0.05,0.08526187576126673,0.2,0.3,0.33499999999999996,0.19,score_free_meal
520291,4,1,5,3,0.25,0.6,0.325,Middle-age,High Spenders,0.0,1.25,5.5,0.4444444444444444,1.0,1.0,0.11587485515643106,0.4166666666666667,0.18333333333333332,0.08111239860950174,0.5333333333333334,0.325,0.42833333333333334,0.36611111111111105,score_free_checkedbag
520298,3,2,5,0,0.6666666666666666,0.0,0.8333333333333333,Middle-age,Medium Spenders,0.0,2.0,3.5,0.25,1.0,0.5,0.11918951132300357,0.6666666666666666,0.11666666666666667,0.0834326579261025,0.6333333333333333,0.8333333333333333,0.38166666666666665,0.21,score_exclusive_discount
520307,4,2,4,1,0.5,0.25,0.625,Middle-age,Medium Spenders,0.0,0.33,2.33,0.375,1.0,1.0,0.12165450121654503,0.11,0.07766666666666668,0.08515815085158152,0.28800000000000003,0.625,0.35436666666666666,0.28579999999999994,score_exclusive_discount
520311,2,1,6,4,0.5,0.6666666666666666,0.4166666666666667,Middle-age,High Spenders,0.0,1.0,2.6,0.625,0.4,0.8,0.14814814814814814,0.3333333333333333,0.08666666666666667,0.10370370370370369,0.4266666666666667,0.4166666666666667,0.18066666666666667,0.4635,score_free_night_flight
520314,3,0,5,2,0.0,0.4,0.3,Youth,Medium Spenders,0.0,0.0,5.0,0.25,1.0,0.0,1.0,0.0,0.16666666666666666,0.7,0.0,0.3,0.41666666666666663,0.22499999999999998,score_free_cancellation
520327,2,1,6,1,0.5,0.16666666666666666,0.6666666666666667,Youth,Low Spenders,0.0,0.0,1.0,0.25,1.0,1.0,0.12091898428053205,0.0,0.03333333333333333,0.08464328899637243,0.2,0.6666666666666667,0.3233333333333333,0.185,score_exclusive_discount
520358,1,0,7,4,0.0,0.5714285714285714,0.2142857142857143,Middle-age,Medium Spenders,0.0,1.0,3.5,0.5,1.0,0.75,0.10857763300760043,0.3333333333333333,0.11666666666666667,0.0760043431053203,0.4166666666666667,0.2142857142857143,0.38166666666666665,0.38499999999999995,score_free_checkedbag
520373,0,0,8,3,0.0,0.375,0.5,Middle-age,Medium Spenders,0.0,0.0,3.0,0.375,1.0,1.0,0.09596928982725528,0.0,0.1,0.06717850287907869,0.2,0.5,0.37,0.2925,score_exclusive_discount
520397,2,1,7,4,0.5,0.5714285714285714,0.4642857142857143,Middle-age,Medium Spenders,0.2,0.33,1.33,0.5555555555555556,0.6,1.0,0.1342281879194631,0.11,0.044333333333333336,0.09395973154362415,0.28800000000000003,0.4642857142857143,0.21103333333333332,0.4021888888888889,score_exclusive_discount
520405,1,0,7,1,0.0,0.14285714285714285,0.4285714285714286,Middle-age,At Risk,0.0,1.0,1.0,0.125,1.0,1.0,0.1400560224089636,0.3333333333333333,0.03333333333333333,0.09803921568627451,0.4666666666666667,0.4285714285714286,0.3233333333333333,0.09749999999999999,score_free_checkedbag
520411,3,0,5,2,0.0,0.4,0.3,Middle-age,Low Spenders,0.0,0.5,3.0,0.25,1.0,1.0,0.1763668430335097,0.16666666666666666,0.1,0.12345679012345677,0.33333333333333337,0.3,0.37,0.205,score_free_meal
520422,4,2,4,0,0.5,0.0,0.75,Middle-age,Low Spenders,0.0,0.0,1.5,0.25,0.5,1.0,0.12019230769230768,0.0,0.05,0.08413461538461538,0.2,0.75,0.185,0.19,score_exclusive_discount
520429,2,1,6,3,0.5,0.5,0.5,Middle-age,Medium Spenders,0.25,1.0,3.0,0.5,0.75,1.0,0.09250693802035152,0.3333333333333333,0.1,0.06475485661424606,0.4666666666666667,0.5,0.295,0.38,score_exclusive_discount
520436,0,0,8,6,0.0,0.75,0.5,Middle-age,Champions,0.0,0.8,3.5,0.75,1.0,0.8333333333333334,0.12836970474967907,0.26666666666666666,0.11666666666666667,0.08985879332477534,0.38,0.5,0.38166666666666665,0.5599999999999999,score_free_night_flight
520440,2,0,7,0,0.0,0.0,0.5,0,0,0.0,0.0,0.0,0.0,0.0,0.0,0.0,0.0,0.0,0.0,0.0,0.5,0.0,0.0,score_exclusive_discount
520480,5,3,3,0,0.6,0.0,0.8,Middle-age,Medium Spenders,0.0,0.33,3.0,0.375,0.6666666666666666,1.0,0.10940919037199125,0.11,0.1,0.07658643326039387,0.28800000000000003,0.8,0.26999999999999996,0.2925,score_exclusive_discount
520491,1,0,7,5,0.0,0.7142857142857143,0.14285714285714285,Middle-age,High Spenders,0.0,0.88,1.4,0.625,0.8,0.8,0.12077294685990336,0.29333333333333333,0.04666666666666666,0.08454106280193235,0.3946666666666667,0.14285714285714285,0.27266666666666667,0.4515,score_free_night_flight
520497,2,1,6,2,0.5,0.3333333333333333,0.5833333333333334,Middle-age,Medium Spenders,0.0,1.0,1.67,0.375,0.6666666666666666,1.0,0.11037527593818984,0.3333333333333333,0.05566666666666666,0.07726269315673288,0.4666666666666667,0.5833333333333334,0.23896666666666666,0.27919999999999995,score_exclusive_discount
520527,2,0,6,2,0.0,0.3333333333333333,0.33333333333333337,Middle-age,Medium Spenders,0.0,1.0,3.0,0.25,1.0,1.0,0.10471204188481674,0.3333333333333333,0.1,0.07329842931937171,0.4666666666666667,0.33333333333333337,0.37,0.205,score_free_checkedbag
520530,5,2,3,2,0.4,0.6666666666666666,0.3666666666666667,Middle-age,High Spenders,0.0,0.75,2.75,0.5,1.0,1.0,0.1,0.25,0.09166666666666666,0.06999999999999999,0.4,0.3666666666666667,0.36416666666666664,0.37749999999999995,score_free_checkedbag
520532,2,1,7,3,0.5,0.42857142857142855,0.5357142857142857,Middle-age,Medium Spenders,0.0,0.75,4.0,0.4444444444444444,1.0,1.0,0.1006036217303823,0.25,0.13333333333333333,0.07042253521126761,0.4,0.5357142857142857,0.3933333333333333,0.35111111111111104,score_exclusive_discount
520539,4,2,4,3,0.5,0.75,0.375,Middle-age,Low Spenders,0.2,0.33,1.67,0.625,1.0,1.0,0.13315579227696406,0.11,0.05566666666666666,0.09320905459387484,0.28800000000000003,0.375,0.33896666666666664,0.4542,score_free_night_flight
520556,5,3,3,2,0.6,0.6666666666666666,0.4666666666666667,Middle-age,Champions,0.0,0.75,8.0,0.625,0.8,0.8,0.11820330969267138,0.25,0.26666666666666666,0.08274231678486997,0.36000000000000004,0.4666666666666667,0.42666666666666664,0.5175,score_free_night_flight
520558,1,0,7,1,0.0,0.14285714285714285,0.4285714285714286,Middle-age,Low Spenders,0.0,0.0,5.0,0.125,1.0,1.0,0.12547051442910917,0.0,0.16666666666666666,0.08782936010037641,0.2,0.4285714285714286,0.41666666666666663,0.13749999999999998,score_exclusive_discount
520561,4,0,4,0,0.0,0.0,0.5,0,0,0.0,0.0,0.0,0.0,0.0,0.0,0.0,0.0,0.0,0.0,0.0,0.5,0.0,0.0,score_exclusive_discount
520603,1,0,7,0,0.0,0.0,0.5,0,0,0.0,0.0,0.0,0.0,0.0,0.0,0.0,0.0,0.0,0.0,0.0,0.5,0.0,0.0,score_exclusive_discount
520619,1,1,7,1,1.0,0.14285714285714285,0.9285714285714286,Middle-age,Medium Spenders,0.0,1.0,2.0,0.25,1.0,1.0,0.16339869281045752,0.3333333333333333,0.06666666666666667,0.11437908496732026,0.4666666666666667,0.9285714285714286,0.3466666666666667,0.19499999999999998,score_exclusive_discount
520680,2,2,6,0,1.0,0.0,1.0,Middle-age,Low Spenders,0.0,0.0,2.0,0.25,1.0,1.0,0.10660980810234541,0.0,0.06666666666666667,0.07462686567164178,0.2,1.0,0.3466666666666667,0.19499999999999998,score_exclusive_discount
520696,3,1,5,2,0.3333333333333333,0.4,0.4666666666666667,Middle-age,At Risk,0.33,0.0,2.0,0.375,1.0,1.0,0.17452006980802792,0.0,0.06666666666666667,0.12216404886561953,0.2,0.4666666666666667,0.3466666666666667,0.2825,score_exclusive_discount
520708,1,0,7,3,0.0,0.42857142857142855,0.2857142857142857,Middle-age,Medium Spenders,0.0,0.5,1.67,0.375,0.6666666666666666,1.0,0.14534883720930233,0.16666666666666666,0.05566666666666666,0.10174418604651163,0.33333333333333337,0.2857142857142857,0.23896666666666666,0.27919999999999995,score_free_checkedbag
520719,1,0,7,4,0.0,0.5714285714285714,0.2142857142857143,Youth,Champions,0.0,0.5,3.25,0.5,1.0,1.0,0.11001100110011001,0.16666666666666666,0.10833333333333334,0.077007700770077,0.33333333333333337,0.2142857142857143,0.37583333333333335,0.38249999999999995,score_free_night_flight
520733,4,1,4,2,0.25,0.5,0.375,Middle-age,High Spenders,0.0,0.33,2.67,0.375,1.0,1.0,0.1004016064257028,0.11,0.089,0.07028112449799195,0.28800000000000003,0.375,0.36229999999999996,0.28919999999999996,score_exclusive_discount
520745,2,0,6,2,0.0,0.3333333333333333,0.33333333333333337,Middle-age,Low Spenders,0.0,0.5,4.5,0.25,1.0,1.0,0.10070493454179255,0.16666666666666666,0.15,0.07049345417925477,0.33333333333333337,0.33333333333333337,0.40499999999999997,0.21999999999999997,score_free_meal
520762,2,1,6,1,0.5,0.16666666666666666,0.6666666666666667,Middle-age,Low Spenders,0.0,1.0,5.0,0.25,1.0,0.5,0.10152284263959391,0.3333333333333333,0.16666666666666666,0.07106598984771573,0.3666666666666667,0.6666666666666667,0.41666666666666663,0.22499999999999998,score_exclusive_discount
520770,3,2,5,2,0.6666666666666666,0.4,0.6333333333333333,Middle-age,Champions,0.0,0.33,0.5,0.5,0.5,1.0,0.08771929824561403,0.11,0.016666666666666666,0.061403508771929814,0.28800000000000003,0.6333333333333333,0.16166666666666665,0.355,score_exclusive_discount
520771,1,1,7,0,1.0,0.0,1.0,Middle-age,Low Spenders,0.0,0.0,11.0,0.125,1.0,0.0,1.0,0.0,0.36666666666666664,0.7,0.0,1.0,0.5566666666666666,0.19749999999999998,score_exclusive_discount
520780,1,0,7,0,0.0,0.0,0.5,0,0,0.0,0.0,0.0,0.0,0.0,0.0,0.0,0.0,0.0,0.0,0.0,0.5,0.0,0.0,score_exclusive_discount
520783,2,1,6,2,0.5,0.3333333333333333,0.5833333333333334,Middle-age,Medium Spenders,0.0,0.5,2.33,0.375,1.0,0.6666666666666666,0.11299435028248588,0.16666666666666666,0.07766666666666668,0.0790960451977401,0.26666666666666666,0.5833333333333334,0.35436666666666666,0.28579999999999994,score_exclusive_discount
520804,2,2,6,1,1.0,0.16666666666666666,0.9166666666666667,Middle-age,At Risk,0.0,0.0,1.0,0.375,0.6666666666666666,1.0,0.14641288433382138,0.0,0.03333333333333333,0.10248901903367497,0.2,0.9166666666666667,0.22333333333333333,0.27249999999999996,score_exclusive_discount
520819,2,0,7,2,0.0,0.2857142857142857,0.35714285714285715,Middle-age,Medium Spenders,0.0,0.0,2.0,0.2222222222222222,1.0,1.0,0.12091898428053205,0.0,0.06666666666666667,0.08464328899637243,0.2,0.35714285714285715,0.3466666666666667,0.17555555555555552,score_exclusive_discount
520821,2,0,6,2,0.0,0.3333333333333333,0.33333333333333337,Middle-age,Medium Spenders,0.0,0.5,4.5,0.25,1.0,1.0,0.13054830287206265,0.16666666666666666,0.15,0.09138381201044385,0.33333333333333337,0.33333333333333337,0.40499999999999997,0.21999999999999997,score_free_meal
520844,1,0,7,2,0.0,0.2857142857142857,0.35714285714285715,Youth,Medium Spenders,0.0,0.0,4.5,0.25,1.0,0.5,0.14556040756914118,0.0,0.15,0.10189228529839882,0.1,0.35714285714285715,0.40499999999999997,0.21999999999999997,score_free_meal
520851,1,0,8,5,0.0,0.625,0.1875,Middle-age,Champions,0.0,0.4,2.4,0.5555555555555556,1.0,1.0,0.1297016861219196,0.13333333333333333,0.08,0.0907911802853437,0.3066666666666667,0.1875,0.356,0.4128888888888889,score_free_night_flight
520861,3,2,6,2,0.6666666666666666,0.3333333333333333,0.6666666666666666,Middle-age,Medium Spenders,0.25,1.0,4.5,0.4444444444444444,0.75,1.0,0.11286681715575622,0.3333333333333333,0.15,0.07900677200902935,0.4666666666666667,0.6666666666666666,0.32999999999999996,0.35611111111111104,score_exclusive_discount
520877,1,0,7,3,0.0,0.42857142857142855,0.2857142857142857,Middle-age,Medium Spenders,0.0,0.0,4.33,0.375,1.0,1.0,0.15360983102918588,0.0,0.14433333333333334,0.10752688172043011,0.2,0.2857142857142857,0.40103333333333335,0.30579999999999996,score_free_meal
520878,3,1,6,3,0.3333333333333333,0.5,0.41666666666666663,Middle-age,Champions,0.0,1.0,5.25,0.4444444444444444,1.0,0.5,0.1079913606911447,0.3333333333333333,0.175,0.07559395248380128,0.3666666666666667,0.41666666666666663,0.4225,0.36361111111111105,score_free_meal
520882,1,0,7,1,0.0,0.14285714285714285,0.4285714285714286,Youth,At Risk,0.0,0.0,6.0,0.125,1.0,0.0,1.0,0.0,0.2,0.7,0.0,0.4285714285714286,0.43999999999999995,0.1475,score_free_cancellation
520885,3,2,5,4,0.6666666666666666,0.8,0.4333333333333333,Middle-age,Champions,0.17,0.75,3.25,0.75,0.8333333333333334,1.0,0.1392757660167131,0.25,0.10833333333333334,0.09749303621169916,0.4,0.4333333333333333,0.3258333333333333,0.5574999999999999,score_free_night_flight
520898,4,1,4,2,0.25,0.5,0.375,Middle-age,Champions,0.0,0.5,6.0,0.375,1.0,0.6666666666666666,0.13550135501355015,0.16666666666666666,0.2,0.0948509485094851,0.26666666666666666,0.375,0.43999999999999995,0.32249999999999995,score_free_meal
520902,3,1,6,3,0.3333333333333333,0.5,0.41666666666666663,Middle-age,High Spenders,0.0,0.88,2.0,0.4444444444444444,1.0,1.0,0.13755158184319122,0.29333333333333333,0.06666666666666667,0.09628610729023385,0.4346666666666667,0.41666666666666663,0.3466666666666667,0.3311111111111111,score_free_checkedbag
520920,3,1,6,0,0.3333333333333333,0.0,0.6666666666666666,Middle-age,At Risk,0.0,0.0,7.0,0.1111111111111111,1.0,0.0,1.0,0.0,0.23333333333333334,0.7,0.0,0.6666666666666666,0.4633333333333333,0.14777777777777776,score_free_cancellation
520934,2,1,7,0,0.5,0.0,0.75,Middle-age,Medium Spenders,0.0,0.0,1.0,0.1111111111111111,1.0,1.0,0.10319917440660475,0.0,0.03333333333333333,0.07223942208462332,0.2,0.75,0.3233333333333333,0.08777777777777776,score_exclusive_discount
520947,4,3,4,1,0.75,0.25,0.75,Youth,Medium Spenders,0.25,0.0,4.0,0.5,1.0,0.5,1.0,0.0,0.13333333333333333,0.7,0.1,0.75,0.3933333333333333,0.38999999999999996,score_exclusive_discount
520959,3,1,5,0,0.3333333333333333,0.0,0.6666666666666666,Middle-age,At Risk,0.0,0.0,1.0,0.125,1.0,1.0,0.12121212121212122,0.0,0.03333333333333333,0.08484848484848484,0.2,0.6666666666666666,0.3233333333333333,0.09749999999999999,score_exclusive_discount
521000,2,0,6,3,0.0,0.5,0.25,Middle-age,Low Spenders,0.0,0.33,1.33,0.375,1.0,1.0,0.10493179433368312,0.11,0.044333333333333336,0.07345225603357818,0.28800000000000003,0.25,0.33103333333333335,0.27579999999999993,score_free_meal
521004,1,0,7,4,0.0,0.5714285714285714,0.2142857142857143,Middle-age,Medium Spenders,0.0,0.5,1.5,0.5,1.0,1.0,0.12180267965895249,0.16666666666666666,0.05,0.08526187576126673,0.33333333333333337,0.2142857142857143,0.33499999999999996,0.365,score_free_night_flight
521009,6,0,4,1,0.0,0.25,0.375,Elderly,Low Spenders,0.0,0.0,4.0,0.1,1.0,0.0,1.0,0.0,0.13333333333333333,0.7,0.0,0.375,0.3933333333333333,0.10999999999999999,score_free_cancellation
521031,2,1,6,5,0.5,0.8333333333333334,0.3333333333333333,Middle-age,Champions,0.0,0.2,4.0,0.75,1.0,0.8333333333333334,0.12106537530266344,0.06666666666666667,0.13333333333333333,0.0847457627118644,0.22000000000000003,0.3333333333333333,0.3933333333333333,0.565,score_free_night_flight
521033,3,2,5,2,0.6666666666666666,0.4,0.6333333333333333,Middle-age,High Spenders,0.0,0.38,4.5,0.5,0.75,1.0,0.11389521640091115,0.12666666666666668,0.15,0.0797266514806378,0.30133333333333334,0.6333333333333333,0.32999999999999996,0.39499999999999996,score_exclusive_discount
521044,2,0,7,4,0.0,0.5714285714285714,0.2142857142857143,Middle-age,High Spenders,0.0,0.33,3.75,0.4444444444444444,1.0,0.75,0.10989010989010989,0.11,0.125,0.07692307692307691,0.23800000000000004,0.2142857142857143,0.38749999999999996,0.34861111111111104,score_free_meal
521060,4,2,4,3,0.5,0.75,0.375,Middle-age,Champions,0.0,0.88,3.6,0.625,1.0,0.8,0.1287001287001287,0.29333333333333333,0.12000000000000001,0.09009009009009009,0.3946666666666667,0.375,0.384,0.47350000000000003,score_free_night_flight
521062,3,0,6,0,0.0,0.0,0.5,0,0,0.0,0.0,0.0,0.0,0.0,0.0,0.0,0.0,0.0,0.0,0.0,0.5,0.0,0.0,score_exclusive_discount
521065,5,3,3,2,0.6,0.6666666666666666,0.4666666666666667,Middle-age,High Spenders,0.2,0.0,0.67,0.625,0.6,1.0,0.11547344110854503,0.0,0.022333333333333334,0.08083140877598152,0.2,0.4666666666666667,0.19563333333333333,0.4442,score_exclusive_discount
521066,1,1,7,3,1.0,0.42857142857142855,0.7857142857142857,Middle-age,High Spenders,0.0,1.5,2.25,0.5,1.0,1.0,0.11148272017837237,0.5,0.075,0.07803790412486065,0.6000000000000001,0.7857142857142857,0.3525,0.3725,score_exclusive_discount
521070,3,1,6,5,0.3333333333333333,0.8333333333333334,0.25,Middle-age,Champions,0.0,0.11,2.33,0.6666666666666666,0.8333333333333334,1.0,0.020060180541624874,0.03666666666666667,0.07766666666666668,0.014042126379137411,0.22933333333333333,0.25,0.3043666666666667,0.4899666666666666,score_free_night_flight
521109,3,1,5,2,0.3333333333333333,0.4,0.4666666666666667,Middle-age,Medium Spenders,0.0,0.33,4.0,0.375,0.6666666666666666,1.0,0.1183431952662722,0.11,0.13333333333333333,0.08284023668639054,0.28800000000000003,0.4666666666666667,0.29333333333333333,0.30249999999999994,score_exclusive_discount
521127,4,3,5,2,0.75,0.4,0.675,Middle-age,Champions,0.0,0.67,6.2,0.5555555555555556,1.0,0.6,0.13175230566534915,0.22333333333333336,0.20666666666666667,0.0922266139657444,0.2986666666666667,0.675,0.44466666666666665,0.4508888888888889,score_exclusive_discount
521152,1,0,8,3,0.0,0.375,0.3125,Middle-age,Champions,0.0,0.0,5.33,0.3333333333333333,1.0,1.0,0.12360939431396786,0.0,0.17766666666666667,0.08652657601977749,0.2,0.3125,0.42436666666666667,0.2866333333333333,score_free_meal
521170,2,0,6,3,0.0,0.5,0.25,Middle-age,Champions,0.0,0.5,3.33,0.375,1.0,0.6666666666666666,0.0947867298578199,0.16666666666666666,0.111,0.06635071090047392,0.26666666666666666,0.25,0.3777,0.29579999999999995,score_free_meal
521185,2,2,6,2,1.0,0.3333333333333333,0.8333333333333334,Middle-age,High Spenders,0.0,1.0,3.75,0.5,1.0,0.5,0.14306151645207438,0.3333333333333333,0.125,0.10014306151645205,0.3666666666666667,0.8333333333333334,0.38749999999999996,0.38749999999999996,score_exclusive_discount
521186,3,2,5,1,0.6666666666666666,0.2,0.7333333333333333,Middle-age,Champions,0.0,0.67,5.0,0.375,1.0,1.0,0.1592356687898089,0.22333333333333336,0.16666666666666666,0.11146496815286623,0.3786666666666667,0.7333333333333333,0.41666666666666663,0.31249999999999994,score_exclusive_discount
521187,1,0,8,0,0.0,0.0,0.5,0,0,0.0,0.0,0.0,0.0,0.0,0.0,0.0,0.0,0.0,0.0,0.0,0.5,0.0,0.0,score_exclusive_discount
521192,3,2,5,1,0.6666666666666666,0.2,0.7333333333333333,Middle-age,Medium Spenders,0.0,1.0,4.0,0.375,1.0,0.6666666666666666,0.11806375442739081,0.3333333333333333,0.13333333333333333,0.08264462809917356,0.4,0.7333333333333333,0.3933333333333333,0.30249999999999994,score_exclusive_discount
521201,3,1,5,0,0.3333333333333333,0.0,0.6666666666666666,Middle-age,At Risk,0.0,0.0,1.0,0.125,1.0,1.0,0.1631321370309951,0.0,0.03333333333333333,0.11419249592169657,0.2,0.6666666666666666,0.3233333333333333,0.09749999999999999,score_exclusive_discount
521211,4,1,4,0,0.25,0.0,0.625,Youth,At Risk,0.0,0.0,6.0,0.125,1.0,0.0,1.0,0.0,0.2,0.7,0.0,0.625,0.43999999999999995,0.1475,score_free_cancellation
521212,2,2,6,3,1.0,0.5,0.75,Middle-age,High Spenders,0.2,1.17,3.67,0.625,1.0,0.8,0.12165450121654503,0.38999999999999996,0.12233333333333334,0.08515815085158152,0.47200000000000003,0.75,0.38563333333333333,0.4742,score_exclusive_discount
521235,3,2,5,3,0.6666666666666666,0.6,0.5333333333333333,Middle-age,Champions,0.0,1.0,4.6,0.625,1.0,1.0,0.021579628830384116,0.3333333333333333,0.15333333333333332,0.01510574018126888,0.4666666666666667,0.5333333333333333,0.4073333333333333,0.4835,score_exclusive_discount
521250,6,2,2,0,0.3333333333333333,0.0,0.6666666666666666,Middle-age,Low Spenders,0.0,0.0,0.5,0.25,0.5,1.0,0.11402508551881414,0.0,0.016666666666666666,0.07981755986316989,0.2,0.6666666666666666,0.16166666666666665,0.18,score_exclusive_discount
521259,3,2,5,0,0.6666666666666666,0.0,0.8333333333333333,Middle-age,Low Spenders,0.0,0.0,2.5,0.25,1.0,1.0,0.11560693641618497,0.0,0.08333333333333333,0.08092485549132947,0.2,0.8333333333333333,0.35833333333333334,0.19999999999999998,score_exclusive_discount
521282,3,1,5,1,0.3333333333333333,0.2,0.5666666666666667,Middle-age,Low Spenders,0.0,1.0,2.0,0.25,0.5,1.0,0.08873114463176575,0.3333333333333333,0.06666666666666667,0.06211180124223602,0.4666666666666667,0.5666666666666667,0.19666666666666666,0.19499999999999998,score_exclusive_discount
521286,2,0,6,1,0.0,0.16666666666666666,0.4166666666666667,Middle-age,At Risk,0.0,1.0,1.0,0.125,1.0,1.0,0.12224938875305624,0.3333333333333333,0.03333333333333333,0.08557457212713937,0.4666666666666667,0.4166666666666667,0.3233333333333333,0.09749999999999999,score_free_checkedbag
521293,3,2,5,3,0.6666666666666666,0.6,0.5333333333333333,Middle-age,High Spenders,0.0,0.4,4.8,0.625,1.0,1.0,0.11918951132300357,0.13333333333333333,0.16,0.0834326579261025,0.3066666666666667,0.5333333333333333,0.412,0.4855,score_exclusive_discount
521295,2,1,6,1,0.5,0.16666666666666666,0.6666666666666667,Middle-age,Low Spenders,0.0,0.5,6.0,0.25,1.0,1.0,0.1620745542949757,0.16666666666666666,0.2,0.11345218800648298,0.33333333333333337,0.6666666666666667,0.43999999999999995,0.235,score_exclusive_discount
521298,4,2,4,1,0.5,0.25,0.625,Middle-age,Champions,0.0,0.33,1.67,0.375,0.6666666666666666,1.0,0.11918951132300357,0.11,0.05566666666666666,0.0834326579261025,0.28800000000000003,0.625,0.23896666666666666,0.27919999999999995,score_exclusive_discount
521309,2,1,6,1,0.5,0.16666666666666666,0.6666666666666667,Middle-age,Low Spenders,0.0,1.0,1.5,0.25,1.0,1.0,0.10111223458038422,0.3333333333333333,0.05,0.07077856420626895,0.4666666666666667,0.6666666666666667,0.33499999999999996,0.19,score_exclusive_discount
521316,5,2,4,1,0.4,0.25,0.575,Middle-age,Medium Spenders,0.0,0.5,6.0,0.3333333333333333,1.0,0.6666666666666666,0.09775171065493646,0.16666666666666666,0.2,0.06842619745845552,0.26666666666666666,0.575,0.43999999999999995,0.29333333333333333,score_exclusive_discount
521331,3,1,7,2,0.3333333333333333,0.2857142857142857,0.5238095238095238,Elderly,At Risk,0.33,1.0,6.0,0.3,0.6666666666666666,1.0,0.13531799729364005,0.3333333333333333,0.2,0.09472259810554803,0.4666666666666667,0.5238095238095238,0.33999999999999997,0.27,score_exclusive_discount
521335,3,1,5,4,0.3333333333333333,0.8,0.2666666666666666,Middle-age,Low Spenders,0.2,0.0,3.0,0.625,1.0,0.8,0.09861932938856015,0.0,0.1,0.0690335305719921,0.16000000000000003,0.2666666666666666,0.37,0.4675,score_free_night_flight
521343,2,1,7,4,0.5,0.5714285714285714,0.4642857142857143,Middle-age,Medium Spenders,0.0,0.5,1.0,0.5555555555555556,0.6,1.0,0.11481056257175659,0.16666666666666666,0.03333333333333333,0.08036739380022961,0.33333333333333337,0.4642857142857143,0.2033333333333333,0.3988888888888889,score_exclusive_discount
521379,1,0,7,2,0.0,0.2857142857142857,0.35714285714285715,Middle-age,Medium Spenders,0.0,0.0,2.5,0.25,1.0,1.0,0.08525149190110827,0.0,0.08333333333333333,0.059676044330775786,0.2,0.35714285714285715,0.35833333333333334,0.19999999999999998,score_free_meal
521392,1,0,7,2,0.0,0.2857142857142857,0.35714285714285715,Middle-age,Low Spenders,0.0,0.0,6.0,0.25,1.0,0.5,0.20790020790020788,0.0,0.2,0.1455301455301455,0.1,0.35714285714285715,0.43999999999999995,0.235,score_free_meal
521404,2,1,6,4,0.5,0.6666666666666666,0.4166666666666667,Middle-age,High Spenders,0.0,0.5,2.8,0.625,1.0,0.8,0.11325028312570781,0.16666666666666666,0.09333333333333332,0.07927519818799546,0.29333333333333333,0.4166666666666667,0.3653333333333333,0.4655,score_free_night_flight
521408,4,2,4,0,0.5,0.0,0.75,Middle-age,High Spenders,0.0,1.0,6.5,0.25,1.0,1.0,0.10810810810810811,0.3333333333333333,0.21666666666666667,0.07567567567567568,0.4666666666666667,0.75,0.45166666666666666,0.24,score_exclusive_discount
521416,2,0,6,3,0.0,0.5,0.25,Middle-age,Low Spenders,0.0,0.5,1.0,0.375,1.0,1.0,0.15082956259426847,0.16666666666666666,0.03333333333333333,0.10558069381598792,0.33333333333333337,0.25,0.3233333333333333,0.27249999999999996,score_free_checkedbag
521434,2,1,6,3,0.5,0.5,0.5,Middle-age,Champions,0.0,1.12,2.25,0.5,0.75,1.0,0.117096018735363,0.37333333333333335,0.075,0.08196721311475409,0.4986666666666667,0.5,0.27749999999999997,0.3725,score_exclusive_discount
521462,2,0,6,3,0.0,0.5,0.25,Middle-age,High Spenders,0.0,0.78,1.67,0.375,0.6666666666666666,1.0,0.11160714285714285,0.26,0.05566666666666666,0.07812499999999999,0.40800000000000003,0.25,0.23896666666666666,0.27919999999999995,score_free_checkedbag
521474,3,0,5,1,0.0,0.2,0.4,Youth,Medium Spenders,0.0,1.0,1.0,0.125,1.0,1.0,0.12062726176115804,0.3333333333333333,0.03333333333333333,0.08443908323281062,0.4666666666666667,0.4,0.3233333333333333,0.09749999999999999,score_free_checkedbag
521491,4,3,4,3,0.75,0.75,0.5,Middle-age,Champions,0.17,0.33,3.25,0.75,0.6666666666666666,0.8333333333333334,0.13245033112582782,0.11,0.10833333333333334,0.09271523178807947,0.2546666666666667,0.5,0.2758333333333333,0.5574999999999999,score_free_night_flight
521509,2,0,6,4,0.0,0.6666666666666666,0.16666666666666669,Middle-age,High Spenders,0.0,0.5,3.25,0.5,1.0,1.0,0.09813542688910697,0.16666666666666666,0.10833333333333334,0.06869479882237488,0.33333333333333337,0.16666666666666669,0.37583333333333335,0.38249999999999995,score_free_night_flight
521510,1,0,7,3,0.0,0.42857142857142855,0.2857142857142857,Middle-age,Low Spenders,0.0,1.5,2.0,0.375,1.0,0.6666666666666666,0.0979431929480901,0.5,0.06666666666666667,0.06856023506366307,0.5333333333333333,0.2857142857142857,0.3466666666666667,0.2825,score_free_checkedbag
521514,6,2,2,0,0.3333333333333333,0.0,0.6666666666666666,Middle-age,Low Spenders,0.0,0.5,4.5,0.25,1.0,1.0,0.1447178002894356,0.16666666666666666,0.15,0.10130246020260492,0.33333333333333337,0.6666666666666666,0.40499999999999997,0.21999999999999997,score_exclusive_discount
521587,0,0,8,4,0.0,0.5,0.5,Middle-age,High Spenders,0.0,0.38,1.5,0.5,1.0,1.0,0.13089005235602094,0.12666666666666668,0.05,0.09162303664921466,0.30133333333333334,0.5,0.33499999999999996,0.365,score_exclusive_discount
521607,4,2,4,1,0.5,0.25,0.625,Middle-age,Medium Spenders,0.0,0.33,2.33,0.375,1.0,1.0,0.1111111111111111,0.11,0.07766666666666668,0.07777777777777777,0.28800000000000003,0.625,0.35436666666666666,0.28579999999999994,score_exclusive_discount
521609,3,0,5,2,0.0,0.4,0.3,Middle-age,Medium Spenders,0.0,0.5,3.5,0.25,1.0,1.0,0.14064697609001406,0.16666666666666666,0.11666666666666667,0.09845288326300984,0.33333333333333337,0.3,0.38166666666666665,0.21,score_free_meal
521642,2,2,7,0,1.0,0.0,1.0,Middle-age,Low Spenders,0.0,0.0,8.0,0.2222222222222222,1.0,0.0,1.0,0.0,0.26666666666666666,0.7,0.0,1.0,0.48666666666666664,0.23555555555555552,score_exclusive_discount
521657,1,0,7,3,0.0,0.42857142857142855,0.2857142857142857,Middle-age,Medium Spenders,0.0,1.0,3.0,0.375,1.0,0.6666666666666666,0.060422960725075525,0.3333333333333333,0.1,0.042296072507552865,0.4,0.2857142857142857,0.37,0.2925,score_free_checkedbag
521658,2,0,7,5,0.0,0.7142857142857143,0.14285714285714285,Middle-age,High Spenders,0.0,0.0,2.4,0.5555555555555556,1.0,0.8,0.1145475372279496,0.0,0.08,0.08018327605956471,0.16000000000000003,0.14285714285714285,0.356,0.4128888888888889,score_free_night_flight
521663,2,0,6,0,0.0,0.0,0.5,0,0,0.0,0.0,0.0,0.0,0.0,0.0,0.0,0.0,0.0,0.0,0.0,0.5,0.0,0.0,score_exclusive_discount
521695,2,1,7,3,0.5,0.42857142857142855,0.5357142857142857,Middle-age,High Spenders,0.0,0.33,2.75,0.4444444444444444,1.0,0.75,0.13054830287206265,0.11,0.09166666666666666,0.09138381201044385,0.23800000000000004,0.5357142857142857,0.36416666666666664,0.3386111111111111,score_exclusive_discount
521708,2,2,6,2,1.0,0.3333333333333333,0.8333333333333334,Middle-age,Medium Spenders,0.0,0.75,3.0,0.5,0.75,1.0,0.11627906976744186,0.25,0.1,0.0813953488372093,0.4,0.8333333333333334,0.295,0.38,score_exclusive_discount
521719,2,0,6,1,0.0,0.16666666666666666,0.4166666666666667,Youth,At Risk,0.0,0.0,2.0,0.125,1.0,1.0,0.15552099533437014,0.0,0.06666666666666667,0.10886469673405909,0.2,0.4166666666666667,0.3466666666666667,0.1075,score_exclusive_discount
521720,3,1,5,3,0.3333333333333333,0.6,0.3666666666666667,Middle-age,Champions,0.0,0.75,4.5,0.5,1.0,1.0,0.11547344110854503,0.25,0.15,0.08083140877598152,0.4,0.3666666666666667,0.40499999999999997,0.39499999999999996,score_free_meal
521743,1,1,7,6,1.0,0.8571428571428571,0.5714285714285714,Middle-age,High Spenders,0.0,0.29,3.0,0.875,0.8571428571428571,1.0,0.11792452830188678,0.09666666666666666,0.1,0.08254716981132074,0.2773333333333333,0.5714285714285714,0.3271428571428571,0.6425,score_free_night_flight
521748,2,1,7,2,0.5,0.2857142857142857,0.6071428571428572,Middle-age,Medium Spenders,0.0,0.5,3.67,0.3333333333333333,1.0,0.6666666666666666,0.1610305958132045,0.16666666666666666,0.12233333333333334,0.11272141706924314,0.26666666666666666,0.6071428571428572,0.38563333333333333,0.2700333333333333,score_exclusive_discount
521768,0,0,8,3,0.0,0.375,0.5,Middle-age,Medium Spenders,0.0,0.67,1.0,0.375,0.6666666666666666,1.0,0.1023541453428864,0.22333333333333336,0.03333333333333333,0.07164790174002048,0.3786666666666667,0.5,0.22333333333333333,0.27249999999999996,score_exclusive_discount
521785,2,0,7,2,0.0,0.2857142857142857,0.35714285714285715,Youth,Medium Spenders,0.0,0.0,4.5,0.2222222222222222,1.0,0.5,0.1091703056768559,0.0,0.15,0.07641921397379912,0.1,0.35714285714285715,0.40499999999999997,0.20055555555555554,score_free_meal
521814,2,2,6,4,1.0,0.6666666666666666,0.6666666666666667,Middle-age,Champions,0.0,0.17,2.0,0.75,0.8333333333333334,1.0,0.11441647597254004,0.05666666666666667,0.06666666666666667,0.08009153318077802,0.24533333333333335,0.6666666666666667,0.29666666666666663,0.5449999999999999,score_exclusive_discount
521818,4,2,4,1,0.5,0.25,0.625,Youth,At Risk,0.33,0.0,1.0,0.375,1.0,1.0,0.11764705882352941,0.0,0.03333333333333333,0.08235294117647059,0.2,0.625,0.3233333333333333,0.27249999999999996,score_exclusive_discount
521859,0,0,8,5,0.0,0.625,0.5,Middle-age,Medium Spenders,0.0,0.4,2.6,0.625,1.0,1.0,0.10706638115631692,0.13333333333333333,0.08666666666666667,0.07494646680942184,0.3066666666666667,0.5,0.36066666666666664,0.4635,score_exclusive_discount
521865,3,1,6,3,0.3333333333333333,0.5,0.41666666666666663,Middle-age,High Spenders,0.0,0.5,2.25,0.4444444444444444,1.0,1.0,0.10787486515641856,0.16666666666666666,0.075,0.07551240560949299,0.33333333333333337,0.41666666666666663,0.3525,0.3336111111111111,score_exclusive_discount
521883,1,1,8,2,1.0,0.25,0.875,Middle-age,Medium Spenders,0.0,0.83,0.67,0.3333333333333333,0.3333333333333333,1.0,0.0159846547314578,0.27666666666666667,0.022333333333333334,0.01118925831202046,0.42133333333333334,0.875,0.11563333333333332,0.24003333333333332,score_exclusive_discount
521884,3,1,5,1,0.3333333333333333,0.2,0.5666666666666667,Middle-age,Champions,0.0,0.67,1.0,0.25,1.0,1.0,0.15220700152207,0.22333333333333336,0.03333333333333333,0.106544901065449,0.3786666666666667,0.5666666666666667,0.3233333333333333,0.185,score_exclusive_discount
521885,0,0,8,2,0.0,0.25,0.5,Middle-age,Low Spenders,0.0,1.0,2.0,0.25,1.0,1.0,0.08968609865470852,0.3333333333333333,0.06666666666666667,0.06278026905829595,0.4666666666666667,0.5,0.3466666666666667,0.19499999999999998,score_exclusive_discount
521904,1,0,8,1,0.0,0.125,0.4375,Middle-age,At Risk,0.0,0.0,1.0,0.1111111111111111,1.0,1.0,0.18083182640144665,0.0,0.03333333333333333,0.12658227848101264,0.2,0.4375,0.3233333333333333,0.08777777777777776,score_exclusive_discount
521921,2,0,6,1,0.0,0.16666666666666666,0.4166666666666667,Middle-age,Medium Spenders,0.0,0.0,2.0,0.125,1.0,1.0,0.1234567901234568,0.0,0.06666666666666667,0.08641975308641975,0.2,0.4166666666666667,0.3466666666666667,0.1075,score_exclusive_discount
521925,4,2,4,3,0.5,0.75,0.375,Middle-age,Champions,0.0,0.33,5.0,0.625,1.0,0.6,0.1347708894878706,0.11,0.16666666666666666,0.09433962264150943,0.20800000000000002,0.375,0.41666666666666663,0.4875,score_free_night_flight
521941,4,1,4,2,0.25,0.5,0.375,Middle-age,Champions,0.0,0.5,6.33,0.375,1.0,0.6666666666666666,0.11415525114155252,0.16666666666666666,0.211,0.07990867579908675,0.26666666666666666,0.375,0.4477,0.3258,score_free_meal
521943,2,0,6,3,0.0,0.5,0.25,Middle-age,Medium Spenders,0.0,0.67,2.67,0.375,1.0,1.0,0.09813542688910697,0.22333333333333336,0.089,0.06869479882237488,0.3786666666666667,0.25,0.36229999999999996,0.28919999999999996,score_free_checkedbag
521956,1,0,7,4,0.0,0.5714285714285714,0.2142857142857143,Middle-age,High Spenders,0.0,0.5,2.5,0.5,1.0,1.0,0.11160714285714285,0.16666666666666666,0.08333333333333333,0.07812499999999999,0.33333333333333337,0.2142857142857143,0.35833333333333334,0.375,score_free_night_flight
521963,2,1,6,1,0.5,0.16666666666666666,0.6666666666666667,Youth,Medium Spenders,0.0,0.0,4.5,0.25,1.0,0.5,0.14598540145985403,0.0,0.15,0.10218978102189781,0.1,0.6666666666666667,0.40499999999999997,0.21999999999999997,score_exclusive_discount
521986,2,0,8,2,0.0,0.25,0.375,Middle-age,Medium Spenders,0.0,1.0,5.0,0.2,1.0,0.5,0.08424599831508003,0.3333333333333333,0.16666666666666666,0.05897219882055602,0.3666666666666667,0.375,0.41666666666666663,0.18999999999999997,score_free_meal
521992,3,3,6,1,1.0,0.16666666666666666,0.9166666666666667,Middle-age,Champions,0.0,0.75,3.0,0.4444444444444444,1.0,1.0,0.10482180293501049,0.25,0.1,0.07337526205450734,0.4,0.9166666666666667,0.37,0.34111111111111103,score_exclusive_discount
521997,3,0,5,4,0.0,0.8,0.09999999999999998,Middle-age,High Spenders,0.0,0.0,5.0,0.5,1.0,0.5,0.14641288433382138,0.0,0.16666666666666666,0.10248901903367497,0.1,0.09999999999999998,0.41666666666666663,0.39999999999999997,score_free_meal
522001,3,0,5,0,0.0,0.0,0.5,0,0,0.0,0.0,0.0,0.0,0.0,0.0,0.0,0.0,0.0,0.0,0.0,0.5,0.0,0.0,score_exclusive_discount
522005,3,2,5,3,0.6666666666666666,0.6,0.5333333333333333,Middle-age,Champions,0.0,0.0,5.0,0.625,1.0,0.6,0.1267427122940431,0.0,0.16666666666666666,0.08871989860583017,0.12,0.5333333333333333,0.41666666666666663,0.4875,score_exclusive_discount
522062,1,0,7,4,0.0,0.5714285714285714,0.2142857142857143,Middle-age,High Spenders,0.0,0.5,2.0,0.5,0.75,1.0,0.1529051987767584,0.16666666666666666,0.06666666666666667,0.10703363914373087,0.33333333333333337,0.2142857142857143,0.2716666666666666,0.37,score_free_night_flight
522086,4,2,7,0,0.5,0.0,0.75,Middle-age,Medium Spenders,0.0,0.0,4.0,0.18181818181818182,1.0,1.0,0.12578616352201258,0.0,0.13333333333333333,0.0880503144654088,0.2,0.75,0.3933333333333333,0.16727272727272727,score_exclusive_discount
522111,3,2,5,3,0.6666666666666666,0.6,0.5333333333333333,Youth,Medium Spenders,0.2,0.5,3.33,0.625,0.6,0.8,0.09398496240601503,0.16666666666666666,0.111,0.06578947368421052,0.29333333333333333,0.5333333333333333,0.2577,0.4708,score_exclusive_discount
522112,2,0,6,2,0.0,0.3333333333333333,0.33333333333333337,Middle-age,Low Spenders,0.0,0.5,1.5,0.25,1.0,1.0,0.11627906976744186,0.16666666666666666,0.05,0.0813953488372093,0.33333333333333337,0.33333333333333337,0.33499999999999996,0.19,score_free_meal
522115,2,2,6,3,1.0,0.5,0.75,Middle-age,High Spenders,0.2,1.0,3.33,0.625,1.0,1.0,0.13661202185792348,0.3333333333333333,0.111,0.09562841530054643,0.4666666666666667,0.75,0.3777,0.4708,score_exclusive_discount
522118,0,0,8,3,0.0,0.375,0.5,Middle-age,Low Spenders,0.0,0.67,1.33,0.375,0.6666666666666666,1.0,0.13568521031207598,0.22333333333333336,0.044333333333333336,0.09497964721845317,0.3786666666666667,0.5,0.2310333333333333,0.27579999999999993,score_exclusive_discount
522134,2,0,6,0,0.0,0.0,0.5,0,0,0.0,0.0,0.0,0.0,0.0,0.0,0.0,0.0,0.0,0.0,0.0,0.5,0.0,0.0,score_exclusive_discount
522152,2,1,6,2,0.5,0.3333333333333333,0.5833333333333334,Middle-age,At Risk,0.33,1.0,1.0,0.375,1.0,1.0,0.1663893510815308,0.3333333333333333,0.03333333333333333,0.11647254575707155,0.4666666666666667,0.5833333333333334,0.3233333333333333,0.27249999999999996,score_exclusive_discount
522171,3,0,5,4,0.0,0.8,0.09999999999999998,Middle-age,Champions,0.0,0.44,5.5,0.5,0.75,0.75,0.13175230566534915,0.14666666666666667,0.18333333333333332,0.0922266139657444,0.26733333333333337,0.09999999999999998,0.3533333333333333,0.40499999999999997,score_free_night_flight
522179,4,1,4,2,0.25,0.5,0.375,Middle-age,Medium Spenders,0.0,0.56,1.67,0.375,0.6666666666666666,1.0,0.1234567901234568,0.18666666666666668,0.05566666666666666,0.08641975308641975,0.3493333333333334,0.375,0.23896666666666666,0.27919999999999995,score_exclusive_discount
522184,4,0,5,0,0.0,0.0,0.5,0,0,0.0,0.0,0.0,0.0,0.0,0.0,0.0,0.0,0.0,0.0,0.0,0.5,0.0,0.0,score_exclusive_discount
522201,1,0,7,1,0.0,0.14285714285714285,0.4285714285714286,Middle-age,Medium Spenders,0.0,0.0,11.0,0.125,1.0,0.0,1.0,0.0,0.36666666666666664,0.7,0.0,0.4285714285714286,0.5566666666666666,0.19749999999999998,score_free_cancellation
522223,1,0,7,4,0.0,0.5714285714285714,0.2142857142857143,Middle-age,Champions,0.0,0.62,4.0,0.5,1.0,1.0,0.11764705882352941,0.20666666666666667,0.13333333333333333,0.08235294117647059,0.36533333333333334,0.2142857142857143,0.3933333333333333,0.38999999999999996,score_free_meal
522233,3,3,5,3,1.0,0.6,0.7,Middle-age,Champions,0.17,0.83,3.75,0.75,1.0,0.8333333333333334,0.11210762331838565,0.27666666666666667,0.125,0.07847533632286996,0.388,0.7,0.38749999999999996,0.5624999999999999,score_exclusive_discount
522237,4,1,5,3,0.25,0.6,0.325,Middle-age,High Spenders,0.0,1.0,5.0,0.4444444444444444,1.0,0.5,0.1079913606911447,0.3333333333333333,0.16666666666666666,0.07559395248380128,0.3666666666666667,0.325,0.41666666666666663,0.36111111111111105,score_free_meal
522263,4,1,4,1,0.25,0.25,0.5,Middle-age,Low Spenders,0.0,0.0,3.0,0.25,1.0,1.0,0.10615711252653928,0.0,0.1,0.07430997876857749,0.2,0.5,0.37,0.205,score_exclusive_discount
522265,3,2,5,2,0.6666666666666666,0.4,0.6333333333333333,Middle-age,Medium Spenders,0.0,0.33,3.5,0.5,1.0,0.75,0.12360939431396786,0.11,0.11666666666666667,0.08652657601977749,0.23800000000000004,0.6333333333333333,0.38166666666666665,0.38499999999999995,score_exclusive_discount
522276,0,0,8,2,0.0,0.25,0.5,Middle-age,Champions,0.0,0.83,1.5,0.25,1.0,1.0,0.10277492291880781,0.27666666666666667,0.05,0.07194244604316546,0.42133333333333334,0.5,0.33499999999999996,0.19,score_exclusive_discount
522286,1,0,7,3,0.0,0.42857142857142855,0.2857142857142857,Middle-age,Medium Spenders,0.0,1.0,1.33,0.375,0.6666666666666666,1.0,0.12755102040816327,0.3333333333333333,0.044333333333333336,0.08928571428571429,0.4666666666666667,0.2857142857142857,0.2310333333333333,0.27579999999999993,score_free_checkedbag
522315,3,0,5,2,0.0,0.4,0.3,Middle-age,Low Spenders,0.0,0.0,1.0,0.25,1.0,1.0,0.12738853503184713,0.0,0.03333333333333333,0.08917197452229299,0.2,0.3,0.3233333333333333,0.185,score_free_meal
522323,3,2,5,3,0.6666666666666666,0.6,0.5333333333333333,Middle-age,Medium Spenders,0.0,0.5,2.2,0.625,0.6,0.8,0.10940919037199125,0.16666666666666666,0.07333333333333333,0.07658643326039387,0.29333333333333333,0.5333333333333333,0.23133333333333334,0.4595,score_exclusive_discount
522364,3,1,5,2,0.3333333333333333,0.4,0.4666666666666667,Middle-age,Low Spenders,0.0,0.67,2.67,0.375,1.0,1.0,0.1183431952662722,0.22333333333333336,0.089,0.08284023668639054,0.3786666666666667,0.4666666666666667,0.36229999999999996,0.28919999999999996,score_exclusive_discount
522373,2,0,6,2,0.0,0.3333333333333333,0.33333333333333337,Middle-age,Medium Spenders,0.0,0.0,1.0,0.25,1.0,1.0,0.09940357852882703,0.0,0.03333333333333333,0.06958250497017891,0.2,0.33333333333333337,0.3233333333333333,0.185,score_exclusive_discount
522375,1,1,7,2,1.0,0.2857142857142857,0.8571428571428572,Middle-age,High Spenders,0.0,0.67,2.67,0.375,0.6666666666666666,1.0,0.1342281879194631,0.22333333333333336,0.089,0.09395973154362415,0.3786666666666667,0.8571428571428572,0.2623,0.28919999999999996,score_exclusive_discount
522387,1,0,7,1,0.0,0.14285714285714285,0.4285714285714286,Youth,High Spenders,0.0,0.0,10.0,0.125,1.0,0.0,1.0,0.0,0.3333333333333333,0.7,0.0,0.4285714285714286,0.5333333333333333,0.1875,score_free_cancellation
522402,3,1,5,2,0.3333333333333333,0.4,0.4666666666666667,Middle-age,Low Spenders,0.0,0.33,0.67,0.375,0.6666666666666666,1.0,0.1150747986191024,0.11,0.022333333333333334,0.08055235903337167,0.28800000000000003,0.4666666666666667,0.21563333333333332,0.26919999999999994,score_exclusive_discount
522420,5,1,4,1,0.2,0.25,0.475,0,0,0.0,0.0,0.0,0.0,0.0,0.0,0.0,0.0,0.0,0.0,0.0,0.475,0.0,0.0,score_exclusive_discount
522426,1,1,7,3,1.0,0.42857142857142855,0.7857142857142857,Middle-age,Low Spenders,0.0,0.25,1.5,0.5,1.0,1.0,0.11402508551881414,0.08333333333333333,0.05,0.07981755986316989,0.26666666666666666,0.7857142857142857,0.33499999999999996,0.365,score_exclusive_discount
522427,3,1,5,2,0.3333333333333333,0.4,0.4666666666666667,Youth,Champions,0.0,0.5,6.33,0.375,1.0,0.6666666666666666,0.15015015015015015,0.16666666666666666,0.211,0.1051051051051051,0.26666666666666666,0.4666666666666667,0.4477,0.3258,score_exclusive_discount
522438,1,1,7,4,1.0,0.5714285714285714,0.7142857142857143,Middle-age,Champions,0.0,0.3,2.2,0.625,1.0,1.0,0.1342281879194631,0.09999999999999999,0.07333333333333333,0.09395973154362415,0.28,0.7142857142857143,0.35133333333333333,0.4595,score_exclusive_discount
522441,3,1,5,2,0.3333333333333333,0.4,0.4666666666666667,Middle-age,Low Spenders,0.0,0.67,1.33,0.375,1.0,1.0,0.0855431993156544,0.22333333333333336,0.044333333333333336,0.05988023952095808,0.3786666666666667,0.4666666666666667,0.33103333333333335,0.27579999999999993,score_exclusive_discount
522445,2,0,7,2,0.0,0.2857142857142857,0.35714285714285715,Middle-age,Champions,0.0,0.0,8.5,0.2222222222222222,1.0,0.5,0.11574074074074073,0.0,0.2833333333333333,0.0810185185185185,0.1,0.35714285714285715,0.4983333333333333,0.24055555555555552,score_free_meal
522457,3,1,5,5,0.3333333333333333,1.0,0.16666666666666663,Middle-age,Champions,0.0,0.42,1.83,0.75,0.8333333333333334,1.0,0.09823182711198429,0.13999999999999999,0.061000000000000006,0.068762278978389,0.312,0.16666666666666663,0.2927,0.5432999999999999,score_free_night_flight
522465,2,1,6,3,0.5,0.5,0.5,Elderly,Champions,0.0,1.33,11.0,0.5,0.75,0.75,0.09532888465204957,0.44333333333333336,0.36666666666666664,0.0667302192564347,0.5046666666666667,0.5,0.48166666666666663,0.45999999999999996,score_free_checkedbag
522476,1,0,7,5,0.0,0.7142857142857143,0.14285714285714285,Middle-age,High Spenders,0.0,0.6,1.8,0.625,0.8,1.0,0.08726003490401396,0.19999999999999998,0.060000000000000005,0.061082024432809766,0.36,0.14285714285714285,0.282,0.4555,score_free_night_flight
522484,2,1,8,5,0.5,0.625,0.4375,Middle-age,Champions,0.0,0.0,3.17,0.6,0.6666666666666666,1.0,0.125,0.0,0.10566666666666666,0.0875,0.2,0.4375,0.27396666666666664,0.4517,score_free_night_flight
522513,2,1,6,3,0.5,0.5,0.5,Middle-age,Medium Spenders,0.0,0.5,5.25,0.5,1.0,0.5,0.15337423312883436,0.16666666666666666,0.175,0.10736196319018404,0.23333333333333334,0.5,0.4225,0.40249999999999997,score_exclusive_discount
522523,2,0,6,1,0.0,0.16666666666666666,0.4166666666666667,Middle-age,At Risk,0.0,0.0,1.0,0.125,1.0,1.0,0.1545595054095827,0.0,0.03333333333333333,0.10819165378670788,0.2,0.4166666666666667,0.3233333333333333,0.09749999999999999,score_exclusive_discount
522532,1,1,7,4,1.0,0.5714285714285714,0.7142857142857143,Middle-age,High Spenders,0.0,0.33,3.4,0.625,1.0,0.6,0.09823182711198429,0.11,0.11333333333333333,0.068762278978389,0.20800000000000002,0.7142857142857143,0.3793333333333333,0.4715,score_exclusive_discount
522533,1,1,7,2,1.0,0.2857142857142857,0.8571428571428572,Youth,High Spenders,0.0,0.0,4.33,0.375,1.0,1.0,0.014188422247446084,0.0,0.14433333333333334,0.009931895573212259,0.2,0.8571428571428572,0.40103333333333335,0.30579999999999996,score_exclusive_discount
522585,2,1,6,1,0.5,0.16666666666666666,0.6666666666666667,Middle-age,Medium Spenders,0.0,1.0,2.0,0.25,1.0,1.0,0.11273957158962794,0.3333333333333333,0.06666666666666667,0.07891770011273955,0.4666666666666667,0.6666666666666667,0.3466666666666667,0.19499999999999998,score_exclusive_discount
522607,1,1,7,2,1.0,0.2857142857142857,0.8571428571428572,Middle-age,High Spenders,0.0,1.0,5.67,0.375,1.0,0.6666666666666666,0.12062726176115804,0.3333333333333333,0.189,0.08443908323281062,0.4,0.8571428571428572,0.4323,0.31919999999999993,score_exclusive_discount
522624,2,1,6,0,0.5,0.0,0.75,Middle-age,High Spenders,0.0,0.0,30.0,0.125,1.0,0.0,1.0,0.0,1.0,0.7,0.0,0.75,1.0,0.38749999999999996,score_free_meal
522631,0,0,8,1,0.0,0.125,0.5,Middle-age,At Risk,0.0,3.0,2.0,0.125,1.0,1.0,0.0999000999000999,1.0,0.06666666666666667,0.06993006993006992,1.0,0.5,0.3466666666666667,0.1075,score_free_checkedbag
522633,1,0,7,3,0.0,0.42857142857142855,0.2857142857142857,Middle-age,Medium Spenders,0.0,0.0,1.67,0.375,1.0,1.0,0.10952902519167579,0.0,0.05566666666666666,0.07667031763417305,0.2,0.2857142857142857,0.33896666666666664,0.27919999999999995,score_free_meal
522634,2,2,6,2,1.0,0.3333333333333333,0.8333333333333334,Middle-age,Champions,0.0,0.67,3.25,0.5,0.75,0.75,0.09842519685039369,0.22333333333333336,0.10833333333333334,0.06889763779527558,0.3286666666666667,0.8333333333333334,0.3008333333333333,0.38249999999999995,score_exclusive_discount
522639,5,1,3,1,0.2,0.3333333333333333,0.43333333333333335,Middle-age,High Spenders,0.0,0.5,5.0,0.25,1.0,1.0,0.11600928074245938,0.16666666666666666,0.16666666666666666,0.08120649651972156,0.33333333333333337,0.43333333333333335,0.41666666666666663,0.22499999999999998,score_exclusive_discount
522654,3,1,5,2,0.3333333333333333,0.4,0.4666666666666667,Middle-age,High Spenders,0.0,0.5,7.0,0.375,1.0,0.6666666666666666,0.11668611435239207,0.16666666666666666,0.23333333333333334,0.08168028004667444,0.26666666666666666,0.4666666666666667,0.4633333333333333,0.33249999999999996,score_exclusive_discount
522687,3,1,7,3,0.3333333333333333,0.42857142857142855,0.4523809523809524,Middle-age,High Spenders,0.0,0.22,3.5,0.4,0.75,0.75,0.013749484394335211,0.07333333333333333,0.11666666666666667,0.009624639076034648,0.2086666666666667,0.4523809523809524,0.30666666666666664,0.31499999999999995,score_exclusive_discount
522738,3,1,5,1,0.3333333333333333,0.2,0.5666666666666667,Middle-age,High Spenders,0.0,0.0,9.0,0.25,1.0,1.0,0.01331026221216558,0.0,0.3,0.009317183548515906,0.2,0.5666666666666667,0.51,0.265,score_exclusive_discount
522745,0,0,8,3,0.0,0.375,0.5,Middle-age,High Spenders,0.0,0.0,3.67,0.375,1.0,0.6666666666666666,0.15625,0.0,0.12233333333333334,0.109375,0.13333333333333333,0.5,0.38563333333333333,0.29919999999999997,score_exclusive_discount
522748,6,4,3,1,0.6666666666666666,0.3333333333333333,0.6666666666666666,Middle-age,Champions,0.0,0.75,3.0,0.5555555555555556,0.6,0.8,0.1231527093596059,0.25,0.1,0.08620689655172413,0.36000000000000004,0.6666666666666666,0.25,0.41888888888888887,score_exclusive_discount
522761,2,1,6,3,0.5,0.5,0.5,Middle-age,Medium Spenders,0.25,0.5,2.0,0.5,1.0,1.0,0.11695906432748537,0.16666666666666666,0.06666666666666667,0.08187134502923976,0.33333333333333337,0.5,0.3466666666666667,0.37,score_exclusive_discount
522788,2,1,6,1,0.5,0.16666666666666666,0.6666666666666667,Middle-age,Low Spenders,0.0,0.0,4.5,0.25,1.0,0.0,1.0,0.0,0.15,0.7,0.0,0.6666666666666667,0.40499999999999997,0.21999999999999997,score_free_cancellation
522800,1,0,7,5,0.0,0.7142857142857143,0.14285714285714285,Middle-age,High Spenders,0.0,0.75,3.2,0.625,0.8,0.8,0.13262599469496023,0.25,0.10666666666666667,0.09283819628647215,0.36000000000000004,0.14285714285714285,0.31466666666666665,0.46950000000000003,score_free_night_flight
522809,1,0,7,1,0.0,0.14285714285714285,0.4285714285714286,Middle-age,Low Spenders,0.0,2.0,3.0,0.125,1.0,1.0,0.10857763300760043,0.6666666666666666,0.1,0.0760043431053203,0.7333333333333334,0.4285714285714286,0.37,0.1175,score_free_checkedbag
522873,2,0,6,1,0.0,0.16666666666666666,0.4166666666666667,Middle-age,At Risk,0.0,1.0,0.0,0.125,0.0,1.0,0.13280212483399734,0.3333333333333333,0.0,0.09296148738379813,0.4666666666666667,0.4166666666666667,0.0,0.0875,score_free_checkedbag
522898,0,0,8,2,0.0,0.25,0.5,Middle-age,Champions,0.0,1.0,9.0,0.25,1.0,1.0,0.007674008134448623,0.3333333333333333,0.3,0.005371805694114036,0.4666666666666667,0.5,0.51,0.265,score_free_meal
522911,1,0,7,0,0.0,0.0,0.5,0,0,0.0,0.0,0.0,0.0,0.0,0.0,0.0,0.0,0.0,0.0,0.0,0.5,0.0,0.0,score_exclusive_discount
522927,6,0,2,1,0.0,0.5,0.25,Middle-age,Low Spenders,0.0,1.0,4.0,0.125,1.0,1.0,0.11641443538998836,0.3333333333333333,0.13333333333333333,0.08149010477299184,0.4666666666666667,0.25,0.3933333333333333,0.1275,score_free_checkedbag
522937,5,4,3,3,0.8,1.0,0.4,Middle-age,High Spenders,0.0,0.86,1.86,0.875,0.7142857142857143,1.0,0.09267840593141799,0.2866666666666667,0.062000000000000006,0.06487488415199259,0.42933333333333334,0.4,0.2576857142857143,0.6310999999999999,score_free_night_flight
522939,3,0,5,2,0.0,0.4,0.3,Middle-age,Low Spenders,0.0,0.5,3.0,0.25,1.0,1.0,0.07849293563579278,0.16666666666666666,0.1,0.054945054945054944,0.33333333333333337,0.3,0.37,0.205,score_free_meal
522943,3,0,6,1,0.0,0.16666666666666666,0.4166666666666667,Elderly,At Risk,0.0,0.0,3.0,0.1111111111111111,1.0,0.0,1.0,0.0,0.1,0.7,0.0,0.4166666666666667,0.37,0.10777777777777776,score_free_cancellation
522944,2,1,6,1,0.5,0.16666666666666666,0.6666666666666667,Middle-age,Low Spenders,0.0,1.5,1.0,0.25,1.0,1.0,0.09624639076034648,0.5,0.03333333333333333,0.06737247353224253,0.6000000000000001,0.6666666666666667,0.3233333333333333,0.185,score_exclusive_discount
522970,1,1,7,5,1.0,0.7142857142857143,0.6428571428571428,Middle-age,Champions,0.0,0.33,3.17,0.75,0.8333333333333334,1.0,0.10373443983402489,0.11,0.10566666666666666,0.07261410788381742,0.28800000000000003,0.6428571428571428,0.3239666666666666,0.5566999999999999,score_exclusive_discount
522981,3,2,5,3,0.6666666666666666,0.6,0.5333333333333333,Middle-age,High Spenders,0.0,0.6,2.4,0.625,0.8,1.0,0.13458950201884254,0.19999999999999998,0.08,0.09421265141318977,0.36,0.5333333333333333,0.296,0.4615,score_exclusive_discount
522999,0,0,9,3,0.0,0.3333333333333333,0.5,Middle-age,Champions,0.0,0.0,6.33,0.3333333333333333,1.0,0.6666666666666666,0.1203369434416366,0.0,0.211,0.08423586040914562,0.13333333333333333,0.5,0.4477,0.2966333333333333,score_exclusive_discount
523030,2,1,6,1,0.5,0.16666666666666666,0.6666666666666667,Middle-age,At Risk,0.0,0.0,1.0,0.25,1.0,1.0,0.1488095238095238,0.0,0.03333333333333333,0.10416666666666666,0.2,0.6666666666666667,0.3233333333333333,0.185,score_exclusive_discount
523057,2,0,6,0,0.0,0.0,0.5,0,0,0.0,0.0,0.0,0.0,0.0,0.0,0.0,0.0,0.0,0.0,0.0,0.5,0.0,0.0,score_exclusive_discount
523073,1,0,7,2,0.0,0.2857142857142857,0.35714285714285715,Middle-age,Low Spenders,0.0,0.0,2.0,0.25,1.0,0.5,0.15384615384615385,0.0,0.06666666666666667,0.1076923076923077,0.1,0.35714285714285715,0.3466666666666667,0.19499999999999998,score_exclusive_discount
523077,2,1,6,3,0.5,0.5,0.5,Middle-age,Champions,0.0,1.0,6.5,0.5,1.0,0.25,0.18281535648994515,0.3333333333333333,0.21666666666666667,0.1279707495429616,0.31666666666666665,0.5,0.45166666666666666,0.415,score_exclusive_discount
523090,2,1,6,1,0.5,0.16666666666666666,0.6666666666666667,Middle-age,Medium Spenders,0.0,1.0,3.0,0.25,1.0,1.0,0.1088139281828074,0.3333333333333333,0.1,0.07616974972796517,0.4666666666666667,0.6666666666666667,0.37,0.205,score_exclusive_discount
523098,2,2,6,1,1.0,0.16666666666666666,0.9166666666666667,Middle-age,Medium Spenders,0.0,0.33,2.67,0.375,0.6666666666666666,1.0,0.09033423667570009,0.11,0.089,0.06323396567299006,0.28800000000000003,0.9166666666666667,0.2623,0.28919999999999996,score_exclusive_discount
523146,3,2,5,2,0.6666666666666666,0.4,0.6333333333333333,Middle-age,Champions,0.0,0.25,6.75,0.5,1.0,1.0,0.09596928982725528,0.08333333333333333,0.225,0.06717850287907869,0.26666666666666666,0.6333333333333333,0.4575,0.4175,score_exclusive_discount
523158,4,1,4,2,0.25,0.5,0.375,Middle-age,Medium Spenders,0.0,0.67,3.33,0.375,0.6666666666666666,1.0,0.12165450121654503,0.22333333333333336,0.111,0.08515815085158152,0.3786666666666667,0.375,0.27769999999999995,0.29579999999999995,score_free_checkedbag
523209,1,1,7,3,1.0,0.42857142857142855,0.7857142857142857,Middle-age,High Spenders,0.0,0.62,3.0,0.5,1.0,1.0,0.11933174224343678,0.20666666666666667,0.1,0.08353221957040574,0.36533333333333334,0.7857142857142857,0.37,0.38,score_exclusive_discount
523228,2,2,6,2,1.0,0.3333333333333333,0.8333333333333334,Middle-age,High Spenders,0.0,0.67,2.75,0.5,1.0,0.75,0.19120458891013384,0.22333333333333336,0.09166666666666666,0.13384321223709367,0.3286666666666667,0.8333333333333334,0.36416666666666664,0.37749999999999995,score_exclusive_discount
523231,2,0,6,4,0.0,0.6666666666666666,0.16666666666666669,Middle-age,High Spenders,0.0,0.5,3.0,0.5,1.0,1.0,0.1026694045174538,0.16666666666666666,0.1,0.07186858316221766,0.33333333333333337,0.16666666666666669,0.37,0.38,score_free_night_flight
523256,2,1,6,2,0.5,0.3333333333333333,0.5833333333333334,Middle-age,Champions,0.0,0.0,7.33,0.375,1.0,0.6666666666666666,0.10183299389002036,0.0,0.24433333333333335,0.07128309572301425,0.13333333333333333,0.5833333333333334,0.4710333333333333,0.3358,score_exclusive_discount
523271,4,0,4,3,0.0,0.75,0.125,Middle-age,Medium Spenders,0.0,0.33,2.0,0.375,1.0,1.0,0.09090909090909091,0.11,0.06666666666666667,0.06363636363636363,0.28800000000000003,0.125,0.3466666666666667,0.2825,score_free_meal
523273,0,0,8,2,0.0,0.25,0.5,Middle-age,Medium Spenders,0.0,0.0,6.5,0.25,1.0,0.5,0.11862396204033215,0.0,0.21666666666666667,0.0830367734282325,0.1,0.5,0.45166666666666666,0.24,score_exclusive_discount
523290,0,0,8,3,0.0,0.375,0.5,Middle-age,High Spenders,0.0,0.5,2.33,0.375,1.0,0.6666666666666666,0.12804097311139565,0.16666666666666666,0.07766666666666668,0.08962868117797694,0.26666666666666666,0.5,0.35436666666666666,0.28579999999999994,score_exclusive_discount
523299,2,1,6,1,0.5,0.16666666666666666,0.6666666666666667,0,0,0.0,0.0,0.0,0.0,0.0,0.0,0.0,0.0,0.0,0.0,0.0,0.6666666666666667,0.0,0.0,score_exclusive_discount
523301,1,0,7,3,0.0,0.42857142857142855,0.2857142857142857,Middle-age,Medium Spenders,0.0,0.33,4.0,0.375,1.0,1.0,0.11876484560570072,0.11,0.13333333333333333,0.0831353919239905,0.28800000000000003,0.2857142857142857,0.3933333333333333,0.30249999999999994,score_free_meal
523335,2,1,6,2,0.5,0.3333333333333333,0.5833333333333334,Middle-age,Medium Spenders,0.0,0.67,3.33,0.375,0.6666666666666666,1.0,0.13404825737265416,0.22333333333333336,0.111,0.0938337801608579,0.3786666666666667,0.5833333333333334,0.27769999999999995,0.29579999999999995,score_exclusive_discount
523338,4,1,5,3,0.25,0.6,0.325,Middle-age,Champions,0.0,1.0,3.25,0.4444444444444444,1.0,1.0,0.10964912280701755,0.3333333333333333,0.10833333333333334,0.07675438596491228,0.4666666666666667,0.325,0.37583333333333335,0.3436111111111111,score_free_checkedbag
523392,2,1,8,2,0.5,0.25,0.625,Middle-age,High Spenders,0.0,0.17,1.33,0.3,0.6666666666666666,1.0,0.11025358324145534,0.05666666666666667,0.044333333333333336,0.07717750826901873,0.24533333333333335,0.625,0.2310333333333333,0.2233,score_exclusive_discount
523395,2,1,6,2,0.5,0.3333333333333333,0.5833333333333334,Middle-age,High Spenders,0.0,1.33,2.67,0.375,1.0,1.0,0.14084507042253522,0.44333333333333336,0.089,0.09859154929577464,0.5546666666666666,0.5833333333333334,0.36229999999999996,0.28919999999999996,score_exclusive_discount
523442,1,0,7,4,0.0,0.5714285714285714,0.2142857142857143,Middle-age,High Spenders,0.0,1.0,4.0,0.5,1.0,0.75,0.1303780964797914,0.3333333333333333,0.13333333333333333,0.09126466753585398,0.4166666666666667,0.2142857142857143,0.3933333333333333,0.38999999999999996,score_free_checkedbag
523454,2,2,6,1,1.0,0.16666666666666666,0.9166666666666667,Middle-age,High Spenders,0.0,1.0,6.67,0.375,1.0,1.0,0.08257638315441784,0.3333333333333333,0.22233333333333333,0.057803468208092484,0.4666666666666667,0.9166666666666667,0.45563333333333333,0.32919999999999994,score_exclusive_discount
523465,2,1,6,2,0.5,0.3333333333333333,0.5833333333333334,Middle-age,Medium Spenders,0.0,0.33,1.33,0.375,0.6666666666666666,1.0,0.12903225806451613,0.11,0.044333333333333336,0.09032258064516129,0.28800000000000003,0.5833333333333334,0.2310333333333333,0.27579999999999993,score_exclusive_discount
523474,2,0,7,4,0.0,0.5714285714285714,0.2142857142857143,Middle-age,Medium Spenders,0.0,0.5,2.5,0.4444444444444444,1.0,1.0,0.10504201680672269,0.16666666666666666,0.08333333333333333,0.07352941176470588,0.33333333333333337,0.2142857142857143,0.35833333333333334,0.3361111111111111,score_free_meal
523484,3,2,5,3,0.6666666666666666,0.6,0.5333333333333333,Middle-age,High Spenders,0.0,0.75,2.0,0.625,0.6,0.8,0.10660980810234541,0.25,0.06666666666666667,0.07462686567164178,0.36000000000000004,0.5333333333333333,0.22666666666666666,0.4575,score_exclusive_discount
523503,1,0,8,1,0.0,0.125,0.4375,Elderly,At Risk,0.0,0.5,0.0,0.1111111111111111,0.0,1.0,0.0058826989822930754,0.16666666666666666,0.0,0.004117889287605153,0.33333333333333337,0.4375,0.0,0.07777777777777777,score_exclusive_discount
523505,2,0,6,5,0.0,0.8333333333333334,0.08333333333333331,Middle-age,High Spenders,0.0,0.33,2.8,0.625,1.0,0.6,0.14925373134328357,0.11,0.09333333333333332,0.10447761194029849,0.20800000000000002,0.08333333333333331,0.3653333333333333,0.4655,score_free_night_flight
523511,3,1,5,2,0.3333333333333333,0.4,0.4666666666666667,Middle-age,Low Spenders,0.0,0.0,0.67,0.375,0.3333333333333333,0.6666666666666666,0.005320847078854954,0.0,0.022333333333333334,0.0037245929551984673,0.13333333333333333,0.4666666666666667,0.11563333333333332,0.26919999999999994,score_exclusive_discount
523513,3,1,5,2,0.3333333333333333,0.4,0.4666666666666667,Middle-age,High Spenders,0.0,0.67,6.33,0.375,1.0,1.0,0.1088139281828074,0.22333333333333336,0.211,0.07616974972796517,0.3786666666666667,0.4666666666666667,0.4477,0.3258,score_exclusive_discount
523517,1,1,7,1,1.0,0.14285714285714285,0.9285714285714286,Middle-age,High Spenders,0.0,1.0,13.5,0.25,1.0,0.5,0.1322751322751323,0.3333333333333333,0.45,0.0925925925925926,0.3666666666666667,0.9285714285714286,0.615,0.31,score_exclusive_discount
523526,2,0,8,1,0.0,0.125,0.4375,Middle-age,Champions,0.0,0.25,1.0,0.1,1.0,1.0,0.07905138339920949,0.08333333333333333,0.03333333333333333,0.05533596837944664,0.26666666666666666,0.4375,0.3233333333333333,0.07999999999999999,score_exclusive_discount
523546,2,0,6,3,0.0,0.5,0.25,Middle-age,Medium Spenders,0.0,0.5,2.67,0.375,0.6666666666666666,0.6666666666666666,0.13003901170351104,0.16666666666666666,0.089,0.09102730819245772,0.26666666666666666,0.25,0.2623,0.28919999999999996,score_free_night_flight
523559,3,0,5,3,0.0,0.6,0.2,Middle-age,Medium Spenders,0.0,0.0,3.67,0.375,0.6666666666666666,1.0,0.14534883720930233,0.0,0.12233333333333334,0.10174418604651163,0.2,0.2,0.2856333333333333,0.29919999999999997,score_free_night_flight
523612,1,0,7,5,0.0,0.7142857142857143,0.14285714285714285,Middle-age,Champions,0.0,0.0,4.0,0.625,1.0,0.4,0.16583747927031509,0.0,0.13333333333333333,0.11608623548922055,0.08000000000000002,0.14285714285714285,0.3933333333333333,0.4775,score_free_night_flight
523619,4,1,4,1,0.25,0.25,0.5,Middle-age,High Spenders,0.0,0.5,8.5,0.25,1.0,0.5,0.10638297872340426,0.16666666666666666,0.2833333333333333,0.07446808510638298,0.23333333333333334,0.5,0.4983333333333333,0.26,score_exclusive_discount
523657,1,0,7,2,0.0,0.2857142857142857,0.35714285714285715,Middle-age,High Spenders,0.0,0.75,1.5,0.25,1.0,1.0,0.125,0.25,0.05,0.0875,0.4,0.35714285714285715,0.33499999999999996,0.19,score_free_checkedbag
523666,3,2,5,2,0.6666666666666666,0.4,0.6333333333333333,Middle-age,High Spenders,0.0,0.25,3.25,0.5,1.0,1.0,0.12531328320802004,0.08333333333333333,0.10833333333333334,0.08771929824561403,0.26666666666666666,0.6333333333333333,0.37583333333333335,0.38249999999999995,score_exclusive_discount
523686,4,1,4,1,0.25,0.25,0.5,Middle-age,Medium Spenders,0.0,1.0,1.5,0.25,1.0,1.0,0.09433962264150944,0.3333333333333333,0.05,0.0660377358490566,0.4666666666666667,0.5,0.33499999999999996,0.19,score_exclusive_discount
523690,3,2,5,2,0.6666666666666666,0.4,0.6333333333333333,Middle-age,Champions,0.0,0.5,4.75,0.5,1.0,0.5,0.13157894736842105,0.16666666666666666,0.15833333333333333,0.09210526315789473,0.23333333333333334,0.6333333333333333,0.41083333333333333,0.39749999999999996,score_exclusive_discount
523700,3,1,5,0,0.3333333333333333,0.0,0.6666666666666666,Middle-age,Low Spenders,0.0,0.0,1.0,0.125,1.0,1.0,0.08503401360544217,0.0,0.03333333333333333,0.05952380952380952,0.2,0.6666666666666666,0.3233333333333333,0.09749999999999999,score_exclusive_discount
523710,3,0,6,3,0.0,0.5,0.25,Middle-age,Medium Spenders,0.0,0.67,4.0,0.3333333333333333,1.0,1.0,0.10245901639344263,0.22333333333333336,0.13333333333333333,0.07172131147540983,0.3786666666666667,0.25,0.3933333333333333,0.2733333333333333,score_free_meal
523715,1,1,7,3,1.0,0.42857142857142855,0.7857142857142857,Middle-age,Low Spenders,0.25,1.0,4.0,0.5,0.75,0.75,0.11037527593818984,0.3333333333333333,0.13333333333333333,0.07726269315673288,0.4166666666666667,0.7857142857142857,0.3183333333333333,0.38999999999999996,score_exclusive_discount
523717,2,2,7,4,1.0,0.5714285714285714,0.7142857142857143,Middle-age,High Spenders,0.0,0.17,1.67,0.6666666666666666,1.0,1.0,0.1183431952662722,0.05666666666666667,0.05566666666666666,0.08284023668639054,0.24533333333333335,0.7142857142857143,0.33896666666666664,0.4833666666666666,score_exclusive_discount
523729,3,0,5,1,0.0,0.2,0.4,Elderly,At Risk,0.0,0.0,2.0,0.125,1.0,0.0,1.0,0.0,0.06666666666666667,0.7,0.0,0.4,0.3466666666666667,0.1075,score_free_cancellation
523735,4,2,5,2,0.5,0.4,0.55,Middle-age,Champions,0.0,0.67,5.5,0.4444444444444444,1.0,0.75,0.12690355329949238,0.22333333333333336,0.18333333333333332,0.08883248730964466,0.3286666666666667,0.55,0.42833333333333334,0.36611111111111105,score_exclusive_discount
523746,3,1,5,1,0.3333333333333333,0.2,0.5666666666666667,Youth,Low Spenders,0.0,0.5,0.5,0.25,0.5,1.0,0.10559662090813093,0.16666666666666666,0.016666666666666666,0.07391763463569165,0.33333333333333337,0.5666666666666667,0.16166666666666665,0.18,score_exclusive_discount
523756,2,1,6,4,0.5,0.6666666666666666,0.4166666666666667,Middle-age,Champions,0.0,0.33,2.2,0.625,1.0,0.8,0.11587485515643106,0.11,0.07333333333333333,0.08111239860950174,0.24800000000000005,0.4166666666666667,0.35133333333333333,0.4595,score_free_night_flight
523768,3,2,5,2,0.6666666666666666,0.4,0.6333333333333333,Middle-age,At Risk,0.25,0.0,3.0,0.5,1.0,0.75,0.2,0.0,0.1,0.13999999999999999,0.15000000000000002,0.6333333333333333,0.37,0.38,score_exclusive_discount
523771,2,1,6,2,0.5,0.3333333333333333,0.5833333333333334,Middle-age,Champions,0.0,0.5,7.0,0.375,1.0,0.3333333333333333,0.13812154696132597,0.16666666666666666,0.23333333333333334,0.09668508287292818,0.2,0.5833333333333334,0.4633333333333333,0.33249999999999996,score_exclusive_discount
523787,1,0,7,1,0.0,0.14285714285714285,0.4285714285714286,Middle-age,At Risk,0.0,0.0,1.0,0.125,1.0,1.0,0.10070493454179255,0.0,0.03333333333333333,0.07049345417925477,0.2,0.4285714285714286,0.3233333333333333,0.09749999999999999,score_exclusive_discount
523800,2,1,6,3,0.5,0.5,0.5,Middle-age,High Spenders,0.0,0.0,9.0,0.5,0.75,0.5,0.17035775127768313,0.0,0.3,0.11925042589437818,0.1,0.5,0.43499999999999994,0.43999999999999995,score_exclusive_discount
523807,4,0,4,2,0.0,0.5,0.25,Middle-age,Medium Spenders,0.0,0.0,3.0,0.25,1.0,1.0,0.12453300124533,0.0,0.1,0.087173100871731,0.2,0.25,0.37,0.205,score_free_meal
523819,2,1,6,4,0.5,0.6666666666666666,0.4166666666666667,Middle-age,High Spenders,0.0,0.0,2.6,0.625,1.0,0.4,0.07215007215007216,0.0,0.08666666666666667,0.05050505050505051,0.08000000000000002,0.4166666666666667,0.36066666666666664,0.4635,score_free_night_flight
523824,4,1,6,1,0.25,0.16666666666666666,0.5416666666666666,Youth,Low Spenders,0.0,1.0,2.0,0.2,1.0,1.0,0.09165902841429881,0.3333333333333333,0.06666666666666667,0.06416131989000916,0.4666666666666667,0.5416666666666666,0.3466666666666667,0.15999999999999998,score_exclusive_discount
523841,2,0,6,3,0.0,0.5,0.25,Middle-age,Medium Spenders,0.0,0.67,3.0,0.375,1.0,1.0,0.11806375442739081,0.22333333333333336,0.1,0.08264462809917356,0.3786666666666667,0.25,0.37,0.2925,score_free_checkedbag
523842,3,1,5,3,0.3333333333333333,0.6,0.3666666666666667,Middle-age,High Spenders,0.0,0.67,5.5,0.5,1.0,0.75,0.10683760683760685,0.22333333333333336,0.18333333333333332,0.07478632478632478,0.3286666666666667,0.3666666666666667,0.42833333333333334,0.40499999999999997,score_free_meal
523845,2,2,6,3,1.0,0.5,0.75,Middle-age,High Spenders,0.0,0.25,4.2,0.625,0.6,0.8,0.12422360248447203,0.08333333333333333,0.14,0.08695652173913042,0.22666666666666668,0.75,0.278,0.4795,score_exclusive_discount
523846,3,1,5,1,0.3333333333333333,0.2,0.5666666666666667,Youth,Low Spenders,0.0,1.0,2.5,0.25,1.0,0.5,0.129366106080207,0.3333333333333333,0.08333333333333333,0.09055627425614489,0.3666666666666667,0.5666666666666667,0.35833333333333334,0.19999999999999998,score_exclusive_discount
523860,4,2,4,1,0.5,0.25,0.625,Middle-age,Champions,0.0,0.0,3.0,0.375,0.6666666666666666,0.6666666666666666,0.11574074074074073,0.0,0.1,0.0810185185185185,0.13333333333333333,0.625,0.26999999999999996,0.2925,score_exclusive_discount
523866,1,1,7,2,1.0,0.2857142857142857,0.8571428571428572,Youth,Medium Spenders,0.0,0.33,1.33,0.375,0.6666666666666666,1.0,0.0851063829787234,0.11,0.044333333333333336,0.05957446808510638,0.28800000000000003,0.8571428571428572,0.2310333333333333,0.27579999999999993,score_exclusive_discount
523877,0,0,8,4,0.0,0.5,0.5,Middle-age,High Spenders,0.0,0.75,3.0,0.5,1.0,1.0,0.10834236186348863,0.25,0.1,0.07583965330444203,0.4,0.5,0.37,0.38,score_exclusive_discount
523887,5,1,3,0,0.2,0.0,0.6,Youth,Low Spenders,0.0,0.0,11.0,0.125,1.0,0.0,1.0,0.0,0.36666666666666664,0.7,0.0,0.6,0.5566666666666666,0.19749999999999998,score_free_cancellation
523913,2,1,6,3,0.5,0.5,0.5,Middle-age,Medium Spenders,0.0,0.5,1.5,0.5,0.75,1.0,0.11248593925759279,0.16666666666666666,0.05,0.07874015748031495,0.33333333333333337,0.5,0.25999999999999995,0.365,score_exclusive_discount
523938,1,0,7,2,0.0,0.2857142857142857,0.35714285714285715,Youth,High Spenders,0.0,1.5,3.0,0.25,1.0,1.0,0.14662756598240467,0.5,0.1,0.10263929618768326,0.6000000000000001,0.35714285714285715,0.37,0.205,score_free_checkedbag
523981,0,0,8,5,0.0,0.625,0.5,Middle-age,High Spenders,0.0,0.5,2.2,0.625,0.8,0.8,0.11389521640091115,0.16666666666666666,0.07333333333333333,0.0797266514806378,0.29333333333333333,0.5,0.29133333333333333,0.4595,score_exclusive_discount
524001,2,1,6,3,0.5,0.5,0.5,Middle-age,High Spenders,0.0,0.25,1.75,0.5,1.0,1.0,0.12562814070351758,0.08333333333333333,0.058333333333333334,0.0879396984924623,0.26666666666666666,0.5,0.3408333333333333,0.3675,score_exclusive_discount
524012,2,0,6,4,0.0,0.6666666666666666,0.16666666666666669,Middle-age,Champions,0.0,0.67,4.75,0.5,1.0,0.75,0.11820330969267138,0.22333333333333336,0.15833333333333333,0.08274231678486997,0.3286666666666667,0.16666666666666669,0.41083333333333333,0.39749999999999996,score_free_meal
524031,3,1,5,3,0.3333333333333333,0.6,0.3666666666666667,Middle-age,High Spenders,0.0,0.5,2.5,0.5,0.75,1.0,0.12300123001230014,0.16666666666666666,0.08333333333333333,0.08610086100861009,0.33333333333333337,0.3666666666666667,0.2833333333333333,0.375,score_free_night_flight
524036,4,3,4,0,0.75,0.0,0.875,Middle-age,Medium Spenders,0.0,1.0,3.67,0.375,0.6666666666666666,0.6666666666666666,0.11481056257175659,0.3333333333333333,0.12233333333333334,0.08036739380022961,0.4,0.875,0.2856333333333333,0.29919999999999997,score_exclusive_discount
524038,2,1,6,3,0.5,0.5,0.5,Middle-age,Medium Spenders,0.0,0.0,1.25,0.5,1.0,1.0,0.13513513513513511,0.0,0.041666666666666664,0.09459459459459457,0.2,0.5,0.32916666666666666,0.3625,score_exclusive_discount
524043,5,4,3,2,0.8,0.6666666666666666,0.5666666666666667,Middle-age,Champions,0.0,0.7,4.67,0.75,1.0,0.8333333333333334,0.14285714285714285,0.2333333333333333,0.15566666666666668,0.09999999999999999,0.35333333333333333,0.5666666666666667,0.40896666666666665,0.5716999999999999,score_free_night_flight
524046,1,1,8,3,1.0,0.375,0.8125,Middle-age,Champions,0.0,0.67,8.75,0.4444444444444444,0.75,0.75,0.007852375343541421,0.22333333333333336,0.2916666666666667,0.005496662740478994,0.3286666666666667,0.8125,0.42916666666666664,0.3986111111111111,score_exclusive_discount
524052,4,2,4,1,0.5,0.25,0.625,Middle-age,Medium Spenders,0.0,0.67,3.0,0.375,1.0,1.0,0.1278772378516624,0.22333333333333336,0.1,0.08951406649616368,0.3786666666666667,0.625,0.37,0.2925,score_exclusive_discount
524057,0,0,8,1,0.0,0.125,0.5,Elderly,At Risk,0.0,0.0,3.0,0.125,1.0,0.0,1.0,0.0,0.1,0.7,0.0,0.5,0.37,0.1175,score_free_cancellation
524076,2,0,6,3,0.0,0.5,0.25,Middle-age,Low Spenders,0.0,0.5,2.0,0.375,1.0,0.6666666666666666,0.10638297872340426,0.16666666666666666,0.06666666666666667,0.07446808510638298,0.26666666666666666,0.25,0.3466666666666667,0.2825,score_free_meal
524080,3,2,7,2,0.6666666666666666,0.2857142857142857,0.6904761904761905,Middle-age,High Spenders,0.0,0.0,2.75,0.4,0.75,1.0,0.12422360248447203,0.0,0.09166666666666666,0.08695652173913042,0.2,0.6904761904761905,0.2891666666666666,0.3075,score_exclusive_discount
524098,2,0,6,0,0.0,0.0,0.5,0,0,0.0,0.0,0.0,0.0,0.0,0.0,0.0,0.0,0.0,0.0,0.0,0.5,0.0,0.0,score_exclusive_discount
524116,1,0,7,6,0.0,0.8571428571428571,0.07142857142857145,Middle-age,Champions,0.0,0.5,5.33,0.75,0.8333333333333334,0.6666666666666666,0.12437810945273634,0.16666666666666666,0.17766666666666667,0.08706467661691543,0.26666666666666666,0.07142857142857145,0.3743666666666666,0.5782999999999999,score_free_night_flight
524120,3,2,5,2,0.6666666666666666,0.4,0.6333333333333333,Middle-age,Champions,0.0,0.75,6.0,0.5,1.0,1.0,0.11547344110854503,0.25,0.2,0.08083140877598152,0.4,0.6333333333333333,0.43999999999999995,0.41,score_exclusive_discount
524151,2,0,6,3,0.0,0.5,0.25,Youth,Low Spenders,0.0,1.0,1.67,0.375,0.6666666666666666,0.6666666666666666,0.13679890560875513,0.3333333333333333,0.05566666666666666,0.09575923392612859,0.4,0.25,0.23896666666666666,0.27919999999999995,score_free_checkedbag
524167,2,1,6,3,0.5,0.5,0.5,Middle-age,Champions,0.0,0.0,1.75,0.5,1.0,1.0,0.1145475372279496,0.0,0.058333333333333334,0.08018327605956471,0.2,0.5,0.3408333333333333,0.3675,score_exclusive_discount
524169,1,0,7,3,0.0,0.42857142857142855,0.2857142857142857,Middle-age,High Spenders,0.0,0.5,0.67,0.375,0.6666666666666666,1.0,0.11135857461024498,0.16666666666666666,0.022333333333333334,0.07795100222717148,0.33333333333333337,0.2857142857142857,0.21563333333333332,0.26919999999999994,score_free_checkedbag
524172,1,0,8,0,0.0,0.0,0.5,0,0,0.0,0.0,0.0,0.0,0.0,0.0,0.0,0.0,0.0,0.0,0.0,0.5,0.0,0.0,score_exclusive_discount
524180,3,2,5,3,0.6666666666666666,0.6,0.5333333333333333,Middle-age,Champions,0.0,0.8,1.8,0.625,1.0,1.0,0.12610340479192939,0.26666666666666666,0.060000000000000005,0.08827238335435056,0.41333333333333333,0.5333333333333333,0.34199999999999997,0.4555,score_exclusive_discount
524194,2,1,6,2,0.5,0.3333333333333333,0.5833333333333334,Middle-age,At Risk,0.33,0.0,2.0,0.375,1.0,1.0,0.15220700152207,0.0,0.06666666666666667,0.106544901065449,0.2,0.5833333333333334,0.3466666666666667,0.2825,score_exclusive_discount
524200,6,2,2,2,0.3333333333333333,1.0,0.16666666666666663,Middle-age,Champions,0.0,0.5,3.75,0.5,1.0,1.0,0.10989010989010989,0.16666666666666666,0.125,0.07692307692307691,0.33333333333333337,0.16666666666666663,0.38749999999999996,0.38749999999999996,score_free_meal
524211,3,0,5,3,0.0,0.6,0.2,Middle-age,High Spenders,0.0,0.11,2.67,0.375,1.0,1.0,0.1231527093596059,0.03666666666666667,0.089,0.08620689655172413,0.22933333333333333,0.2,0.36229999999999996,0.28919999999999996,score_free_meal
524214,0,0,8,2,0.0,0.25,0.5,Middle-age,Low Spenders,0.0,0.0,2.0,0.25,0.5,0.5,0.14430014430014432,0.0,0.06666666666666667,0.10101010101010102,0.1,0.5,0.19666666666666666,0.19499999999999998,score_exclusive_discount
524226,4,4,4,0,1.0,0.0,1.0,Middle-age,Medium Spenders,0.0,0.25,1.75,0.5,1.0,1.0,0.13661202185792348,0.08333333333333333,0.058333333333333334,0.09562841530054643,0.26666666666666666,1.0,0.3408333333333333,0.3675,score_exclusive_discount
524244,3,1,5,2,0.3333333333333333,0.4,0.4666666666666667,Middle-age,High Spenders,0.0,0.5,5.67,0.375,1.0,0.6666666666666666,0.14265335235378032,0.16666666666666666,0.189,0.09985734664764621,0.26666666666666666,0.4666666666666667,0.4323,0.31919999999999993,score_exclusive_discount
524251,4,1,5,2,0.25,0.4,0.425,Middle-age,High Spenders,0.0,1.0,5.67,0.3333333333333333,1.0,0.6666666666666666,0.17667844522968199,0.3333333333333333,0.189,0.12367491166077738,0.4,0.425,0.4323,0.2900333333333333,score_free_meal
524278,1,0,7,2,0.0,0.2857142857142857,0.35714285714285715,Middle-age,Low Spenders,0.0,1.0,4.5,0.25,1.0,0.5,0.13245033112582782,0.3333333333333333,0.15,0.09271523178807947,0.3666666666666667,0.35714285714285715,0.40499999999999997,0.21999999999999997,score_free_meal
524313,0,0,8,2,0.0,0.25,0.5,Middle-age,Champions,0.0,0.12,4.5,0.25,1.0,1.0,0.1020408163265306,0.04,0.15,0.07142857142857141,0.232,0.5,0.40499999999999997,0.21999999999999997,score_exclusive_discount
524318,4,0,4,0,0.0,0.0,0.5,0,0,0.0,0.0,0.0,0.0,0.0,0.0,0.0,0.0,0.0,0.0,0.0,0.5,0.0,0.0,score_exclusive_discount
524328,2,1,6,1,0.5,0.16666666666666666,0.6666666666666667,Middle-age,Medium Spenders,0.0,0.5,3.5,0.25,1.0,1.0,0.1053740779768177,0.16666666666666666,0.11666666666666667,0.0737618545837724,0.33333333333333337,0.6666666666666667,0.38166666666666665,0.21,score_exclusive_discount
524358,2,1,7,3,0.5,0.42857142857142855,0.5357142857142857,Middle-age,High Spenders,0.25,0.17,1.5,0.4444444444444444,0.75,1.0,0.12091898428053205,0.05666666666666667,0.05,0.08464328899637243,0.24533333333333335,0.5357142857142857,0.25999999999999995,0.3261111111111111,score_exclusive_discount
524365,1,1,8,5,1.0,0.625,0.6875,Middle-age,High Spenders,0.0,0.2,1.67,0.6666666666666666,1.0,0.8333333333333334,0.1277139208173691,0.06666666666666667,0.05566666666666666,0.08939974457215837,0.22000000000000003,0.6875,0.33896666666666664,0.4833666666666666,score_exclusive_discount
524383,1,0,7,1,0.0,0.14285714285714285,0.4285714285714286,Middle-age,At Risk,0.0,0.0,1.0,0.125,1.0,1.0,0.0859106529209622,0.0,0.03333333333333333,0.060137457044673534,0.2,0.4285714285714286,0.3233333333333333,0.09749999999999999,score_exclusive_discount
524407,1,0,7,3,0.0,0.42857142857142855,0.2857142857142857,Middle-age,High Spenders,0.0,0.67,6.33,0.375,1.0,1.0,0.13966480446927373,0.22333333333333336,0.211,0.09776536312849161,0.3786666666666667,0.2857142857142857,0.4477,0.3258,score_free_meal
524412,4,2,5,3,0.5,0.6,0.45,Middle-age,Champions,0.0,0.62,3.2,0.5555555555555556,1.0,0.8,0.11547344110854503,0.20666666666666667,0.10666666666666667,0.08083140877598152,0.32533333333333336,0.45,0.37466666666666665,0.42088888888888887,score_exclusive_discount
524419,2,0,7,2,0.0,0.2857142857142857,0.35714285714285715,Elderly,Low Spenders,0.0,0.0,1.5,0.2222222222222222,0.5,1.0,0.07751937984496124,0.0,0.05,0.05426356589147287,0.2,0.35714285714285715,0.185,0.17055555555555552,score_exclusive_discount
524448,4,2,4,1,0.5,0.25,0.625,Middle-age,At Risk,0.33,0.0,0.0,0.375,0.6666666666666666,1.0,0.15360983102918588,0.0,0.0,0.10752688172043011,0.2,0.625,0.19999999999999998,0.26249999999999996,score_exclusive_discount
524473,3,2,5,1,0.6666666666666666,0.2,0.7333333333333333,Middle-age,High Spenders,0.0,0.5,3.33,0.375,1.0,0.6666666666666666,0.10695187165775401,0.16666666666666666,0.111,0.0748663101604278,0.26666666666666666,0.7333333333333333,0.3777,0.29579999999999995,score_exclusive_discount
524484,2,0,6,1,0.0,0.16666666666666666,0.4166666666666667,Youth,Champions,0.0,0.5,0.0,0.125,0.0,1.0,0.005880969183721478,0.16666666666666666,0.0,0.004116678428605035,0.33333333333333337,0.4166666666666667,0.0,0.0875,score_exclusive_discount
524511,4,1,5,2,0.25,0.4,0.425,Middle-age,Medium Spenders,0.0,1.5,1.67,0.3333333333333333,1.0,0.6666666666666666,0.16863406408094436,0.5,0.05566666666666666,0.11804384485666104,0.5333333333333333,0.425,0.33896666666666664,0.25003333333333333,score_free_checkedbag
524572,5,1,4,2,0.2,0.5,0.35,Middle-age,High Spenders,0.0,0.0,3.67,0.3333333333333333,1.0,0.6666666666666666,0.13003901170351104,0.0,0.12233333333333334,0.09102730819245772,0.13333333333333333,0.35,0.38563333333333333,0.2700333333333333,score_free_meal
524606,2,2,6,0,1.0,0.0,1.0,Middle-age,Low Spenders,0.0,0.5,0.0,0.25,0.0,1.0,0.009673986649898422,0.16666666666666666,0.0,0.006771790654928896,0.33333333333333337,1.0,0.0,0.175,score_exclusive_discount
524607,1,0,7,5,0.0,0.7142857142857143,0.14285714285714285,Middle-age,Champions,0.0,0.6,1.6,0.625,0.6,1.0,0.12300123001230014,0.19999999999999998,0.05333333333333334,0.08610086100861009,0.36,0.14285714285714285,0.21733333333333332,0.4535,score_free_night_flight
524615,3,0,5,3,0.0,0.6,0.2,Middle-age,Low Spenders,0.0,0.33,2.33,0.375,1.0,1.0,0.11574074074074073,0.11,0.07766666666666668,0.0810185185185185,0.28800000000000003,0.2,0.35436666666666666,0.28579999999999994,score_free_meal
524620,3,1,7,2,0.3333333333333333,0.2857142857142857,0.5238095238095238,Middle-age,Medium Spenders,0.0,0.0,1.67,0.3,1.0,1.0,0.11286681715575622,0.0,0.05566666666666666,0.07900677200902935,0.2,0.5238095238095238,0.33896666666666664,0.22669999999999998,score_exclusive_discount
524628,1,0,7,3,0.0,0.42857142857142855,0.2857142857142857,Middle-age,Medium Spenders,0.0,0.0,2.33,0.375,1.0,1.0,0.09041591320072333,0.0,0.07766666666666668,0.06329113924050632,0.2,0.2857142857142857,0.35436666666666666,0.28579999999999994,score_free_meal
524637,2,0,6,3,0.0,0.5,0.25,Middle-age,Medium Spenders,0.0,1.0,2.67,0.375,1.0,1.0,0.1053740779768177,0.3333333333333333,0.089,0.0737618545837724,0.4666666666666667,0.25,0.36229999999999996,0.28919999999999996,score_free_checkedbag
524644,0,0,8,3,0.0,0.375,0.5,Middle-age,Champions,0.0,0.0,4.33,0.375,0.6666666666666666,0.6666666666666666,0.1111111111111111,0.0,0.14433333333333334,0.07777777777777777,0.13333333333333333,0.5,0.3010333333333333,0.30579999999999996,score_exclusive_discount
524650,1,0,8,2,0.0,0.25,0.375,Middle-age,Low Spenders,0.0,0.5,2.0,0.2222222222222222,1.0,1.0,0.1388888888888889,0.16666666666666666,0.06666666666666667,0.09722222222222222,0.33333333333333337,0.375,0.3466666666666667,0.17555555555555552,score_exclusive_discount
524663,3,0,5,1,0.0,0.2,0.4,Middle-age,Low Spenders,0.0,0.0,4.0,0.125,1.0,1.0,0.1582278481012658,0.0,0.13333333333333333,0.11075949367088606,0.2,0.4,0.3933333333333333,0.1275,score_exclusive_discount
524668,1,1,9,4,1.0,0.4444444444444444,0.7777777777777778,Middle-age,High Spenders,0.0,1.0,2.6,0.5,1.0,0.8,0.10319917440660475,0.3333333333333333,0.08666666666666667,0.07223942208462332,0.4266666666666667,0.7777777777777778,0.36066666666666664,0.376,score_exclusive_discount
524682,1,0,7,2,0.0,0.2857142857142857,0.35714285714285715,Middle-age,Medium Spenders,0.0,1.0,2.0,0.25,1.0,1.0,0.16260162601626016,0.3333333333333333,0.06666666666666667,0.11382113821138211,0.4666666666666667,0.35714285714285715,0.3466666666666667,0.19499999999999998,score_free_checkedbag
524722,4,2,4,1,0.5,0.25,0.625,Middle-age,Low Spenders,0.0,0.67,1.67,0.375,1.0,1.0,0.13262599469496023,0.22333333333333336,0.05566666666666666,0.09283819628647215,0.3786666666666667,0.625,0.33896666666666664,0.27919999999999995,score_exclusive_discount
524728,3,0,5,1,0.0,0.2,0.4,Middle-age,At Risk,0.0,1.0,0.0,0.125,0.0,1.0,0.1288659793814433,0.3333333333333333,0.0,0.09020618556701031,0.4666666666666667,0.4,0.0,0.0875,score_free_checkedbag
524739,7,1,2,0,0.14285714285714285,0.0,0.5714285714285714,Elderly,At Risk,0.0,1.0,3.0,0.1111111111111111,1.0,1.0,0.0946073793755913,0.3333333333333333,0.1,0.0662251655629139,0.4666666666666667,0.5714285714285714,0.37,0.10777777777777776,score_exclusive_discount
524766,4,2,5,0,0.5,0.0,0.75,Middle-age,High Spenders,0.0,0.62,1.5,0.2222222222222222,1.0,1.0,0.1336898395721925,0.20666666666666667,0.05,0.09358288770053474,0.36533333333333334,0.75,0.33499999999999996,0.17055555555555552,score_exclusive_discount
524797,2,0,7,0,0.0,0.0,0.5,0,0,0.0,0.0,0.0,0.0,0.0,0.0,0.0,0.0,0.0,0.0,0.0,0.5,0.0,0.0,score_exclusive_discount
524805,3,1,5,2,0.3333333333333333,0.4,0.4666666666666667,Middle-age,Low Spenders,0.0,0.5,1.33,0.375,1.0,0.6666666666666666,0.12360939431396786,0.16666666666666666,0.044333333333333336,0.08652657601977749,0.26666666666666666,0.4666666666666667,0.33103333333333335,0.27579999999999993,score_exclusive_discount
524807,2,1,6,2,0.5,0.3333333333333333,0.5833333333333334,Middle-age,Medium Spenders,0.0,0.33,1.33,0.375,1.0,1.0,0.10416666666666667,0.11,0.044333333333333336,0.07291666666666667,0.28800000000000003,0.5833333333333334,0.33103333333333335,0.27579999999999993,score_exclusive_discount
524821,3,1,5,2,0.3333333333333333,0.4,0.4666666666666667,Middle-age,At Risk,0.33,1.0,0.0,0.375,0.6666666666666666,1.0,0.13386880856760375,0.3333333333333333,0.0,0.09370816599732262,0.4666666666666667,0.4666666666666667,0.19999999999999998,0.26249999999999996,score_free_checkedbag
524834,4,1,4,1,0.25,0.25,0.5,Middle-age,Low Spenders,0.0,0.5,1.5,0.25,1.0,1.0,0.1006036217303823,0.16666666666666666,0.05,0.07042253521126761,0.33333333333333337,0.5,0.33499999999999996,0.19,score_exclusive_discount
524842,6,1,3,0,0.16666666666666666,0.0,0.5833333333333334,Middle-age,High Spenders,0.0,0.0,14.0,0.1111111111111111,1.0,0.0,1.0,0.0,0.4666666666666667,0.7,0.0,0.5833333333333334,0.6266666666666667,0.21777777777777774,score_free_cancellation
524849,5,2,3,1,0.4,0.3333333333333333,0.5333333333333333,Middle-age,High Spenders,0.0,0.5,6.0,0.375,1.0,0.6666666666666666,0.0946969696969697,0.16666666666666666,0.2,0.06628787878787878,0.26666666666666666,0.5333333333333333,0.43999999999999995,0.32249999999999995,score_exclusive_discount
524861,0,0,9,4,0.0,0.4444444444444444,0.5,Middle-age,Champions,0.0,0.33,4.5,0.4444444444444444,1.0,0.75,0.1314060446780552,0.11,0.15,0.09198423127463863,0.23800000000000004,0.5,0.40499999999999997,0.35611111111111104,score_exclusive_discount
524880,2,0,6,0,0.0,0.0,0.5,0,0,0.0,0.0,0.0,0.0,0.0,0.0,0.0,0.0,0.0,0.0,0.0,0.5,0.0,0.0,score_exclusive_discount
524885,4,0,4,0,0.0,0.0,0.5,0,0,0.0,0.0,0.0,0.0,0.0,0.0,0.0,0.0,0.0,0.0,0.0,0.5,0.0,0.0,score_exclusive_discount
524895,3,0,7,3,0.0,0.42857142857142855,0.2857142857142857,Middle-age,Medium Spenders,0.0,0.33,3.67,0.3,1.0,1.0,0.13020833333333334,0.11,0.12233333333333334,0.09114583333333333,0.28800000000000003,0.2857142857142857,0.38563333333333333,0.24669999999999997,score_free_meal
524909,1,0,7,3,0.0,0.42857142857142855,0.2857142857142857,Middle-age,Low Spenders,0.0,0.33,2.33,0.375,1.0,1.0,0.12690355329949238,0.11,0.07766666666666668,0.08883248730964466,0.28800000000000003,0.2857142857142857,0.35436666666666666,0.28579999999999994,score_free_meal
524913,4,0,5,1,0.0,0.2,0.4,Youth,Champions,0.0,0.0,8.0,0.1111111111111111,1.0,0.0,1.0,0.0,0.26666666666666666,0.7,0.0,0.4,0.48666666666666664,0.15777777777777777,score_free_cancellation
524923,2,0,6,3,0.0,0.5,0.25,Middle-age,High Spenders,0.0,0.33,0.33,0.375,0.3333333333333333,1.0,0.13245033112582782,0.11,0.011000000000000001,0.09271523178807947,0.28800000000000003,0.25,0.10769999999999999,0.2658,score_free_checkedbag
524926,3,2,5,2,0.6666666666666666,0.4,0.6333333333333333,Middle-age,Champions,0.0,0.25,2.5,0.5,0.75,1.0,0.10893246187363835,0.08333333333333333,0.08333333333333333,0.07625272331154684,0.26666666666666666,0.6333333333333333,0.2833333333333333,0.375,score_exclusive_discount
524929,3,2,6,2,0.6666666666666666,0.3333333333333333,0.6666666666666666,Middle-age,Champions,0.0,0.58,2.5,0.4444444444444444,1.0,1.0,0.1855287569573284,0.19333333333333333,0.08333333333333333,0.12987012987012989,0.3546666666666667,0.6666666666666666,0.35833333333333334,0.3361111111111111,score_exclusive_discount
524940,1,0,7,1,0.0,0.14285714285714285,0.4285714285714286,Youth,Medium Spenders,0.0,0.0,4.0,0.125,1.0,0.0,1.0,0.0,0.13333333333333333,0.7,0.0,0.4285714285714286,0.3933333333333333,0.1275,score_free_cancellation
524980,5,3,3,1,0.6,0.3333333333333333,0.6333333333333333,Middle-age,Low Spenders,0.25,0.5,1.5,0.5,1.0,1.0,0.1020408163265306,0.16666666666666666,0.05,0.07142857142857141,0.33333333333333337,0.6333333333333333,0.33499999999999996,0.365,score_exclusive_discount
525022,2,2,6,2,1.0,0.3333333333333333,0.8333333333333334,Middle-age,At Risk,0.25,1.0,2.0,0.5,0.75,0.75,0.10810810810810811,0.3333333333333333,0.06666666666666667,0.07567567567567568,0.4166666666666667,0.8333333333333334,0.2716666666666666,0.37,score_exclusive_discount
525034,3,1,5,1,0.3333333333333333,0.2,0.5666666666666667,Middle-age,Medium Spenders,0.0,1.0,5.0,0.25,1.0,0.5,0.1404494382022472,0.3333333333333333,0.16666666666666666,0.09831460674157304,0.3666666666666667,0.5666666666666667,0.41666666666666663,0.22499999999999998,score_exclusive_discount
525043,5,0,4,3,0.0,0.75,0.125,Middle-age,Low Spenders,0.0,0.0,1.33,0.3333333333333333,1.0,1.0,0.1347708894878706,0.0,0.044333333333333336,0.09433962264150943,0.2,0.125,0.33103333333333335,0.24663333333333332,score_free_meal
525053,4,2,4,1,0.5,0.25,0.625,Middle-age,Medium Spenders,0.0,0.33,1.33,0.375,1.0,1.0,0.13568521031207598,0.11,0.044333333333333336,0.09497964721845317,0.28800000000000003,0.625,0.33103333333333335,0.27579999999999993,score_exclusive_discount
525056,3,2,5,2,0.6666666666666666,0.4,0.6333333333333333,Middle-age,Champions,0.0,0.33,3.5,0.5,1.0,1.0,0.11976047904191617,0.11,0.11666666666666667,0.08383233532934131,0.28800000000000003,0.6333333333333333,0.38166666666666665,0.38499999999999995,score_exclusive_discount
525081,3,2,6,2,0.6666666666666666,0.3333333333333333,0.6666666666666666,Middle-age,Champions,0.0,0.0,8.75,0.4444444444444444,1.0,0.25,0.12376237623762376,0.0,0.2916666666666667,0.08663366336633663,0.05,0.6666666666666666,0.5041666666666667,0.3986111111111111,score_exclusive_discount
525089,2,1,7,3,0.5,0.42857142857142855,0.5357142857142857,Middle-age,Champions,0.0,0.12,2.75,0.4444444444444444,1.0,1.0,0.11415525114155252,0.04,0.09166666666666666,0.07990867579908675,0.232,0.5357142857142857,0.36416666666666664,0.3386111111111111,score_exclusive_discount
525102,3,2,5,3,0.6666666666666666,0.6,0.5333333333333333,Middle-age,Champions,0.0,0.5,9.8,0.625,1.0,0.8,0.1023541453428864,0.16666666666666666,0.3266666666666667,0.07164790174002048,0.29333333333333333,0.5333333333333333,0.5286666666666666,0.5355,score_free_night_flight
525106,3,0,5,1,0.0,0.2,0.4,Middle-age,At Risk,0.0,0.0,5.0,0.125,1.0,1.0,0.10515247108307045,0.0,0.16666666666666666,0.07360672975814932,0.2,0.4,0.41666666666666663,0.13749999999999998,score_free_meal
525168,1,0,8,2,0.0,0.25,0.375,Middle-age,Low Spenders,0.0,0.5,1.0,0.2222222222222222,1.0,1.0,0.1088139281828074,0.16666666666666666,0.03333333333333333,0.07616974972796517,0.33333333333333337,0.375,0.3233333333333333,0.16555555555555554,score_exclusive_discount
525175,3,0,5,1,0.0,0.2,0.4,Elderly,Low Spenders,0.0,0.0,3.0,0.125,1.0,0.0,1.0,0.0,0.1,0.7,0.0,0.4,0.37,0.1175,score_free_cancellation
525176,2,0,6,1,0.0,0.16666666666666666,0.4166666666666667,Elderly,At Risk,0.0,1.0,1.0,0.125,1.0,1.0,0.11778563015312131,0.3333333333333333,0.03333333333333333,0.08244994110718491,0.4666666666666667,0.4166666666666667,0.3233333333333333,0.09749999999999999,score_free_checkedbag
525201,0,0,8,6,0.0,0.75,0.5,Middle-age,Champions,0.0,0.83,3.17,0.75,0.8333333333333334,0.5,0.11976047904191617,0.27666666666666667,0.10566666666666666,0.08383233532934131,0.32133333333333336,0.5,0.3239666666666666,0.5566999999999999,score_free_night_flight
525212,3,1,5,2,0.3333333333333333,0.4,0.4666666666666667,Youth,Low Spenders,0.0,0.5,3.0,0.375,1.0,0.6666666666666666,0.12269938650306748,0.16666666666666666,0.1,0.08588957055214723,0.26666666666666666,0.4666666666666667,0.37,0.2925,score_exclusive_discount
525227,1,0,7,5,0.0,0.7142857142857143,0.14285714285714285,Middle-age,High Spenders,0.0,0.5,2.8,0.625,1.0,0.8,0.13812154696132597,0.16666666666666666,0.09333333333333332,0.09668508287292818,0.29333333333333333,0.14285714285714285,0.3653333333333333,0.4655,score_free_night_flight
525234,6,5,2,0,0.8333333333333334,0.0,0.9166666666666667,Middle-age,High Spenders,0.2,0.0,4.67,0.625,1.0,0.8,0.1358695652173913,0.0,0.15566666666666668,0.0951086956521739,0.16000000000000003,0.9166666666666667,0.40896666666666665,0.4842,score_exclusive_discount
525244,3,1,6,1,0.3333333333333333,0.16666666666666666,0.5833333333333334,Middle-age,Medium Spenders,0.0,0.0,2.5,0.2222222222222222,1.0,0.5,0.11750881316098707,0.0,0.08333333333333333,0.08225616921269095,0.1,0.5833333333333334,0.35833333333333334,0.18055555555555552,score_exclusive_discount
525265,4,2,5,1,0.5,0.2,0.65,Middle-age,Medium Spenders,0.0,1.17,1.67,0.3333333333333333,1.0,1.0,0.08445945945945946,0.38999999999999996,0.05566666666666666,0.059121621621621614,0.512,0.65,0.33896666666666664,0.25003333333333333,score_exclusive_discount
525281,2,2,6,3,1.0,0.5,0.75,Middle-age,Champions,0.0,0.3,3.8,0.625,1.0,1.0,0.14577259475218657,0.09999999999999999,0.12666666666666665,0.10204081632653059,0.28,0.75,0.3886666666666666,0.4755,score_exclusive_discount
525308,1,0,7,2,0.0,0.2857142857142857,0.35714285714285715,Middle-age,Low Spenders,0.0,0.0,1.5,0.25,0.5,0.5,0.16778523489932887,0.0,0.05,0.1174496644295302,0.1,0.35714285714285715,0.185,0.19,score_exclusive_discount
525323,1,0,7,2,0.0,0.2857142857142857,0.35714285714285715,Middle-age,High Spenders,0.0,1.0,5.0,0.25,1.0,1.0,0.14204545454545456,0.3333333333333333,0.16666666666666666,0.09943181818181819,0.4666666666666667,0.35714285714285715,0.41666666666666663,0.22499999999999998,score_free_checkedbag
525332,3,3,5,3,1.0,0.6,0.7,Middle-age,Champions,0.17,0.62,4.75,0.75,1.0,1.0,0.13175230566534915,0.20666666666666667,0.15833333333333333,0.0922266139657444,0.36533333333333334,0.7,0.41083333333333333,0.5724999999999999,score_exclusive_discount
525356,0,0,8,3,0.0,0.375,0.5,Middle-age,Champions,0.0,0.33,1.67,0.375,1.0,1.0,0.11286681715575622,0.11,0.05566666666666666,0.07900677200902935,0.28800000000000003,0.5,0.33896666666666664,0.27919999999999995,score_exclusive_discount
525377,0,0,9,0,0.0,0.0,0.5,0,0,0.0,0.0,0.0,0.0,0.0,0.0,0.0,0.0,0.0,0.0,0.0,0.5,0.0,0.0,score_exclusive_discount
525379,4,0,4,0,0.0,0.0,0.5,0,0,0.0,0.0,0.0,0.0,0.0,0.0,0.0,0.0,0.0,0.0,0.0,0.5,0.0,0.0,score_exclusive_discount
525389,1,1,8,1,1.0,0.125,0.9375,Middle-age,Medium Spenders,0.0,0.0,3.5,0.2222222222222222,1.0,1.0,0.11933174224343678,0.0,0.11666666666666667,0.08353221957040574,0.2,0.9375,0.38166666666666665,0.19055555555555553,score_exclusive_discount
525405,0,0,8,1,0.0,0.125,0.5,Youth,Low Spenders,0.0,1.0,2.0,0.125,1.0,1.0,0.11467889908256883,0.3333333333333333,0.06666666666666667,0.08027522935779817,0.4666666666666667,0.5,0.3466666666666667,0.1075,score_exclusive_discount
525410,1,0,7,4,0.0,0.5714285714285714,0.2142857142857143,Middle-age,Low Spenders,0.0,0.5,1.75,0.5,1.0,1.0,0.08920606601248884,0.16666666666666666,0.058333333333333334,0.062444246208742185,0.33333333333333337,0.2142857142857143,0.3408333333333333,0.3675,score_free_night_flight
525415,4,1,5,2,0.25,0.4,0.425,Middle-age,Medium Spenders,0.0,0.33,3.0,0.3333333333333333,1.0,1.0,0.08525149190110827,0.11,0.1,0.059676044330775786,0.28800000000000003,0.425,0.37,0.2633333333333333,score_exclusive_discount
525447,6,3,3,3,0.5,1.0,0.25,Middle-age,High Spenders,0.17,0.0,4.0,0.6666666666666666,1.0,0.6666666666666666,0.11001100110011001,0.0,0.13333333333333333,0.077007700770077,0.13333333333333333,0.25,0.3933333333333333,0.5066666666666666,score_free_night_flight
525488,2,1,8,2,0.5,0.25,0.625,Middle-age,High Spenders,0.33,0.0,4.0,0.3,0.6666666666666666,1.0,0.10405827263267431,0.0,0.13333333333333333,0.07284079084287201,0.2,0.625,0.29333333333333333,0.25,score_exclusive_discount
525515,2,1,6,3,0.5,0.5,0.5,Middle-age,High Spenders,0.0,0.5,3.75,0.5,1.0,1.0,0.1342281879194631,0.16666666666666666,0.125,0.09395973154362415,0.33333333333333337,0.5,0.38749999999999996,0.38749999999999996,score_exclusive_discount
525529,1,0,7,3,0.0,0.42857142857142855,0.2857142857142857,Middle-age,Champions,0.0,0.67,3.67,0.375,1.0,1.0,0.13175230566534915,0.22333333333333336,0.12233333333333334,0.0922266139657444,0.3786666666666667,0.2857142857142857,0.38563333333333333,0.29919999999999997,score_free_meal
525546,2,1,6,5,0.5,0.8333333333333334,0.3333333333333333,Middle-age,Champions,0.0,0.5,5.83,0.75,1.0,0.6666666666666666,0.11325028312570781,0.16666666666666666,0.19433333333333333,0.07927519818799546,0.26666666666666666,0.3333333333333333,0.4360333333333333,0.5832999999999999,score_free_night_flight
525555,3,1,6,3,0.3333333333333333,0.5,0.41666666666666663,Middle-age,Low Spenders,0.25,0.5,1.5,0.4444444444444444,0.75,1.0,0.10964912280701755,0.16666666666666666,0.05,0.07675438596491228,0.33333333333333337,0.41666666666666663,0.25999999999999995,0.3261111111111111,score_exclusive_discount
525591,3,2,5,2,0.6666666666666666,0.4,0.6333333333333333,Middle-age,Champions,0.0,0.5,12.0,0.5,0.75,0.5,0.12610340479192939,0.16666666666666666,0.4,0.08827238335435056,0.23333333333333334,0.6333333333333333,0.5049999999999999,0.47,score_exclusive_discount
525610,3,3,5,3,1.0,0.6,0.7,Middle-age,High Spenders,0.17,1.0,2.5,0.75,0.8333333333333334,1.0,0.1145475372279496,0.3333333333333333,0.08333333333333333,0.08018327605956471,0.4666666666666667,0.7,0.30833333333333335,0.5499999999999999,score_exclusive_discount
525611,0,0,8,5,0.0,0.625,0.5,Middle-age,High Spenders,0.0,1.0,5.4,0.625,1.0,0.8,0.11587485515643106,0.3333333333333333,0.18000000000000002,0.08111239860950174,0.4266666666666667,0.5,0.426,0.4915,score_exclusive_discount
525615,2,2,6,4,1.0,0.6666666666666666,0.6666666666666667,Middle-age,High Spenders,0.0,0.8,2.0,0.75,0.8333333333333334,0.8333333333333334,0.11918951132300357,0.26666666666666666,0.06666666666666667,0.0834326579261025,0.38,0.6666666666666667,0.29666666666666663,0.5449999999999999,score_exclusive_discount
525631,5,1,3,3,0.2,1.0,0.09999999999999998,Middle-age,High Spenders,0.25,0.5,6.0,0.5,0.75,0.75,0.10416666666666667,0.16666666666666666,0.2,0.07291666666666667,0.2833333333333333,0.09999999999999998,0.365,0.41,score_free_night_flight
525647,2,0,6,0,0.0,0.0,0.5,0,0,0.0,0.0,0.0,0.0,0.0,0.0,0.0,0.0,0.0,0.0,0.0,0.5,0.0,0.0,score_exclusive_discount
525671,4,1,4,3,0.25,0.75,0.25,Middle-age,High Spenders,0.0,0.5,1.5,0.5,0.75,1.0,0.10857763300760043,0.16666666666666666,0.05,0.0760043431053203,0.33333333333333337,0.25,0.25999999999999995,0.365,score_free_night_flight
525684,3,1,5,3,0.3333333333333333,0.6,0.3666666666666667,Middle-age,Champions,0.0,0.33,2.25,0.5,0.75,0.75,0.10030090270812436,0.11,0.075,0.07021063189568705,0.23800000000000004,0.3666666666666667,0.27749999999999997,0.3725,score_free_night_flight
525716,4,2,4,2,0.5,0.5,0.5,Middle-age,High Spenders,0.0,1.0,6.0,0.5,1.0,0.75,0.0998003992015968,0.3333333333333333,0.2,0.06986027944111776,0.4166666666666667,0.5,0.43999999999999995,0.41,score_exclusive_discount
525722,4,1,5,4,0.25,0.8,0.22499999999999998,Middle-age,High Spenders,0.0,0.2,1.0,0.5555555555555556,0.8,1.0,0.09267840593141799,0.06666666666666667,0.03333333333333333,0.06487488415199259,0.25333333333333335,0.22499999999999998,0.2633333333333333,0.3988888888888889,score_free_night_flight
525734,1,0,7,2,0.0,0.2857142857142857,0.35714285714285715,Middle-age,Low Spenders,0.0,1.0,4.5,0.25,1.0,0.5,0.12987012987012986,0.3333333333333333,0.15,0.0909090909090909,0.3666666666666667,0.35714285714285715,0.40499999999999997,0.21999999999999997,score_free_meal
525761,5,1,4,0,0.2,0.0,0.6,Youth,At Risk,0.0,0.0,5.0,0.1111111111111111,1.0,0.0,1.0,0.0,0.16666666666666666,0.7,0.0,0.6,0.41666666666666663,0.12777777777777777,score_free_cancellation
525769,1,0,7,6,0.0,0.8571428571428571,0.07142857142857145,Middle-age,Champions,0.0,0.6,4.33,0.75,0.8333333333333334,0.8333333333333334,0.1342281879194631,0.19999999999999998,0.14433333333333334,0.09395973154362415,0.32666666666666666,0.07142857142857145,0.3510333333333333,0.5682999999999999,score_free_night_flight
525789,3,2,6,2,0.6666666666666666,0.3333333333333333,0.6666666666666666,Middle-age,High Spenders,0.0,0.33,3.25,0.4444444444444444,1.0,0.75,0.11976047904191617,0.11,0.10833333333333334,0.08383233532934131,0.23800000000000004,0.6666666666666666,0.37583333333333335,0.3436111111111111,score_exclusive_discount
525804,2,2,8,2,1.0,0.25,0.875,Middle-age,High Spenders,0.0,0.5,2.25,0.4,1.0,0.5,0.11389521640091115,0.16666666666666666,0.075,0.0797266514806378,0.23333333333333334,0.875,0.3525,0.3025,score_exclusive_discount
525806,2,1,6,1,0.5,0.16666666666666666,0.6666666666666667,Middle-age,Medium Spenders,0.0,0.5,4.0,0.25,0.5,1.0,0.13020833333333334,0.16666666666666666,0.13333333333333333,0.09114583333333333,0.33333333333333337,0.6666666666666667,0.24333333333333332,0.215,score_exclusive_discount
525824,2,1,7,1,0.5,0.14285714285714285,0.6785714285714286,Middle-age,Champions,0.0,0.75,4.0,0.2222222222222222,0.5,1.0,0.13755158184319122,0.25,0.13333333333333333,0.09628610729023385,0.4,0.6785714285714286,0.24333333333333332,0.19555555555555554,score_exclusive_discount
525842,1,0,7,3,0.0,0.42857142857142855,0.2857142857142857,Middle-age,Medium Spenders,0.0,1.0,4.0,0.375,1.0,0.6666666666666666,0.15625,0.3333333333333333,0.13333333333333333,0.109375,0.4,0.2857142857142857,0.3933333333333333,0.30249999999999994,score_free_checkedbag
525844,4,2,4,3,0.5,0.75,0.375,Middle-age,Low Spenders,0.2,0.33,2.0,0.625,1.0,1.0,0.1267427122940431,0.11,0.06666666666666667,0.08871989860583017,0.28800000000000003,0.375,0.3466666666666667,0.4575,score_free_night_flight
525848,4,0,5,1,0.0,0.2,0.4,Middle-age,Low Spenders,0.0,0.0,9.0,0.1111111111111111,1.0,0.0,1.0,0.0,0.3,0.7,0.0,0.4,0.51,0.16777777777777775,score_free_cancellation
525864,2,0,7,2,0.0,0.2857142857142857,0.35714285714285715,Middle-age,Medium Spenders,0.0,0.25,1.0,0.2222222222222222,1.0,1.0,0.11025358324145534,0.08333333333333333,0.03333333333333333,0.07717750826901873,0.26666666666666666,0.35714285714285715,0.3233333333333333,0.16555555555555554,score_exclusive_discount
525879,1,0,7,4,0.0,0.5714285714285714,0.2142857142857143,Middle-age,High Spenders,0.0,1.0,3.5,0.5,1.0,1.0,0.10131712259371835,0.3333333333333333,0.11666666666666667,0.07092198581560284,0.4666666666666667,0.2142857142857143,0.38166666666666665,0.38499999999999995,score_free_checkedbag
525920,1,1,7,4,1.0,0.5714285714285714,0.7142857142857143,Middle-age,Champions,0.0,0.5,2.6,0.625,0.8,0.6,0.1150747986191024,0.16666666666666666,0.08666666666666667,0.08055235903337167,0.2533333333333333,0.7142857142857143,0.30066666666666664,0.4635,score_exclusive_discount
525975,2,2,6,2,1.0,0.3333333333333333,0.8333333333333334,Middle-age,Medium Spenders,0.0,0.75,1.25,0.5,1.0,1.0,0.10395010395010396,0.25,0.041666666666666664,0.07276507276507277,0.4,0.8333333333333334,0.32916666666666666,0.3625,score_exclusive_discount
525996,4,2,5,4,0.5,0.8,0.35,Middle-age,Champions,0.0,0.5,3.33,0.6666666666666666,1.0,0.6666666666666666,0.1023541453428864,0.16666666666666666,0.111,0.07164790174002048,0.26666666666666666,0.35,0.3777,0.4999666666666666,score_free_night_flight
526032,1,0,7,0,0.0,0.0,0.5,0,0,0.0,0.0,0.0,0.0,0.0,0.0,0.0,0.0,0.0,0.0,0.0,0.5,0.0,0.0,score_exclusive_discount
526036,3,0,5,0,0.0,0.0,0.5,0,0,0.0,0.0,0.0,0.0,0.0,0.0,0.0,0.0,0.0,0.0,0.0,0.5,0.0,0.0,score_exclusive_discount
526062,3,3,5,2,1.0,0.4,0.8,Middle-age,Champions,0.0,0.38,4.8,0.625,0.8,0.8,0.10141987829614606,0.12666666666666668,0.16,0.07099391480730223,0.26133333333333336,0.8,0.352,0.4855,score_exclusive_discount
526079,3,1,5,2,0.3333333333333333,0.4,0.4666666666666667,Middle-age,Low Spenders,0.0,1.0,1.33,0.375,0.3333333333333333,1.0,0.10341261633919338,0.3333333333333333,0.044333333333333336,0.07238883143743537,0.4666666666666667,0.4666666666666667,0.13103333333333333,0.27579999999999993,score_free_checkedbag
526084,2,0,6,3,0.0,0.5,0.25,Middle-age,High Spenders,0.0,0.17,1.33,0.375,1.0,1.0,0.10741138560687433,0.05666666666666667,0.044333333333333336,0.07518796992481203,0.24533333333333335,0.25,0.33103333333333335,0.27579999999999993,score_free_meal
526102,3,2,5,3,0.6666666666666666,0.6,0.5333333333333333,Middle-age,Champions,0.0,0.38,3.8,0.625,0.8,0.8,0.14430014430014432,0.12666666666666668,0.12666666666666665,0.10101010101010102,0.26133333333333336,0.5333333333333333,0.32866666666666666,0.4755,score_exclusive_discount
526144,3,2,5,3,0.6666666666666666,0.6,0.5333333333333333,Middle-age,Champions,0.0,0.5,2.8,0.625,0.8,1.0,0.11560693641618497,0.16666666666666666,0.09333333333333332,0.08092485549132947,0.33333333333333337,0.5333333333333333,0.30533333333333335,0.4655,score_exclusive_discount
526154,1,1,7,3,1.0,0.42857142857142855,0.7857142857142857,Middle-age,Low Spenders,0.0,0.0,2.25,0.5,0.75,0.75,0.13192612137203166,0.0,0.075,0.09234828496042216,0.15000000000000002,0.7857142857142857,0.27749999999999997,0.3725,score_exclusive_discount
526174,4,1,4,1,0.25,0.25,0.5,Middle-age,Low Spenders,0.0,0.0,3.5,0.25,1.0,0.5,0.09174311926605504,0.0,0.11666666666666667,0.06422018348623852,0.1,0.5,0.38166666666666665,0.21,score_exclusive_discount
526179,0,0,9,5,0.0,0.5555555555555556,0.5,Middle-age,High Spenders,0.0,0.8,3.0,0.5555555555555556,0.8,1.0,0.11976047904191617,0.26666666666666666,0.1,0.08383233532934131,0.41333333333333333,0.5,0.31,0.41888888888888887,score_exclusive_discount
526184,3,1,5,0,0.3333333333333333,0.0,0.6666666666666666,Youth,Medium Spenders,0.0,0.0,6.0,0.125,1.0,0.0,1.0,0.0,0.2,0.7,0.0,0.6666666666666666,0.43999999999999995,0.1475,score_free_cancellation
526203,5,2,4,3,0.4,0.75,0.325,Middle-age,Medium Spenders,0.2,0.67,5.67,0.5555555555555556,0.8,1.0,0.09523809523809523,0.22333333333333336,0.189,0.06666666666666665,0.3786666666666667,0.325,0.37229999999999996,0.4455888888888889,score_free_night_flight
526206,2,0,6,1,0.0,0.16666666666666666,0.4166666666666667,Youth,Low Spenders,0.0,0.0,2.0,0.125,1.0,1.0,0.07077140835102619,0.0,0.06666666666666667,0.04953998584571833,0.2,0.4166666666666667,0.3466666666666667,0.1075,score_exclusive_discount
526221,3,1,5,0,0.3333333333333333,0.0,0.6666666666666666,Elderly,Low Spenders,0.0,1.0,8.0,0.125,1.0,1.0,0.10683760683760685,0.3333333333333333,0.26666666666666666,0.07478632478632478,0.4666666666666667,0.6666666666666666,0.48666666666666664,0.16749999999999998,score_exclusive_discount
526235,1,0,7,2,0.0,0.2857142857142857,0.35714285714285715,Middle-age,Champions,0.0,0.5,2.0,0.25,1.0,1.0,0.10298661174047373,0.16666666666666666,0.06666666666666667,0.0720906282183316,0.33333333333333337,0.35714285714285715,0.3466666666666667,0.19499999999999998,score_exclusive_discount
526239,2,0,7,2,0.0,0.2857142857142857,0.35714285714285715,Middle-age,Medium Spenders,0.0,1.0,10.0,0.2222222222222222,1.0,0.5,0.1122334455667789,0.3333333333333333,0.3333333333333333,0.07856341189674523,0.3666666666666667,0.35714285714285715,0.5333333333333333,0.25555555555555554,score_free_meal
526256,1,1,7,5,1.0,0.7142857142857143,0.6428571428571428,Middle-age,Champions,0.0,0.67,1.5,0.75,1.0,1.0,0.1122334455667789,0.22333333333333336,0.05,0.07856341189674523,0.3786666666666667,0.6428571428571428,0.33499999999999996,0.5399999999999999,score_exclusive_discount
526258,1,0,8,3,0.0,0.375,0.3125,Middle-age,Medium Spenders,0.0,0.33,3.0,0.3333333333333333,1.0,1.0,0.0992063492063492,0.11,0.1,0.06944444444444443,0.28800000000000003,0.3125,0.37,0.2633333333333333,score_free_meal
526291,2,0,6,0,0.0,0.0,0.5,0,0,0.0,0.0,0.0,0.0,0.0,0.0,0.0,0.0,0.0,0.0,0.0,0.5,0.0,0.0,score_exclusive_discount
526297,1,1,7,4,1.0,0.5714285714285714,0.7142857142857143,Middle-age,Medium Spenders,0.0,0.4,1.6,0.625,0.8,1.0,0.09615384615384615,0.13333333333333333,0.05333333333333334,0.06730769230769229,0.3066666666666667,0.7142857142857143,0.2773333333333333,0.4535,score_exclusive_discount
526303,5,0,3,2,0.0,0.6666666666666666,0.16666666666666669,Youth,Medium Spenders,0.0,0.0,7.0,0.25,1.0,0.0,1.0,0.0,0.23333333333333334,0.7,0.0,0.16666666666666669,0.4633333333333333,0.245,score_free_cancellation
526308,4,2,4,4,0.5,1.0,0.25,Middle-age,Medium Spenders,0.17,0.5,3.25,0.75,0.8333333333333334,0.8333333333333334,0.10822510822510822,0.16666666666666666,0.10833333333333334,0.07575757575757575,0.30000000000000004,0.25,0.3258333333333333,0.5574999999999999,score_free_night_flight
526332,4,1,4,1,0.25,0.25,0.5,Middle-age,Champions,0.0,0.75,6.5,0.25,1.0,1.0,0.10362694300518134,0.25,0.21666666666666667,0.07253886010362694,0.4,0.5,0.45166666666666666,0.24,score_exclusive_discount
526354,2,1,7,3,0.5,0.42857142857142855,0.5357142857142857,Middle-age,Champions,0.0,0.12,5.0,0.4444444444444444,1.0,1.0,0.11135857461024498,0.04,0.16666666666666666,0.07795100222717148,0.232,0.5357142857142857,0.41666666666666663,0.36111111111111105,score_exclusive_discount
526365,1,1,7,2,1.0,0.2857142857142857,0.8571428571428572,Middle-age,Champions,0.0,0.61,3.33,0.375,1.0,1.0,0.11627906976744186,0.20333333333333334,0.111,0.0813953488372093,0.3626666666666667,0.8571428571428572,0.3777,0.29579999999999995,score_exclusive_discount
526367,1,0,7,3,0.0,0.42857142857142855,0.2857142857142857,Middle-age,Champions,0.0,1.0,11.33,0.375,1.0,0.6666666666666666,0.10362694300518134,0.3333333333333333,0.37766666666666665,0.07253886010362694,0.4,0.2857142857142857,0.5643666666666667,0.3757999999999999,score_free_meal
526372,1,0,7,2,0.0,0.2857142857142857,0.35714285714285715,Middle-age,Low Spenders,0.0,0.5,6.5,0.25,1.0,1.0,0.08084074373484236,0.16666666666666666,0.21666666666666667,0.05658852061438965,0.33333333333333337,0.35714285714285715,0.45166666666666666,0.24,score_free_meal
526378,2,1,6,4,0.5,0.6666666666666666,0.4166666666666667,Middle-age,Medium Spenders,0.0,0.75,2.6,0.625,0.8,0.8,0.11389521640091115,0.25,0.08666666666666667,0.0797266514806378,0.36000000000000004,0.4166666666666667,0.30066666666666664,0.4635,score_free_night_flight
526409,0,0,8,4,0.0,0.5,0.5,Middle-age,Medium Spenders,0.0,0.5,1.75,0.5,0.75,1.0,0.10416666666666667,0.16666666666666666,0.058333333333333334,0.07291666666666667,0.33333333333333337,0.5,0.2658333333333333,0.3675,score_exclusive_discount
526431,5,1,4,4,0.2,1.0,0.09999999999999998,Middle-age,Champions,0.0,0.33,6.0,0.5555555555555556,1.0,0.6,0.08976660682226212,0.11,0.2,0.06283662477558348,0.20800000000000002,0.09999999999999998,0.43999999999999995,0.4488888888888889,score_free_night_flight
526435,3,0,5,0,0.0,0.0,0.5,0,0,0.0,0.0,0.0,0.0,0.0,0.0,0.0,0.0,0.0,0.0,0.0,0.5,0.0,0.0,score_exclusive_discount
526443,3,1,5,0,0.3333333333333333,0.0,0.6666666666666666,Middle-age,At Risk,0.0,1.0,0.0,0.125,0.0,1.0,0.1404494382022472,0.3333333333333333,0.0,0.09831460674157304,0.4666666666666667,0.6666666666666666,0.0,0.0875,score_exclusive_discount
526445,3,0,6,3,0.0,0.5,0.25,Middle-age,Low Spenders,0.0,0.5,1.67,0.3333333333333333,1.0,0.6666666666666666,0.11918951132300357,0.16666666666666666,0.05566666666666666,0.0834326579261025,0.26666666666666666,0.25,0.33896666666666664,0.25003333333333333,score_free_meal
526471,2,2,6,4,1.0,0.6666666666666666,0.6666666666666667,Middle-age,Champions,0.0,0.67,2.67,0.75,0.6666666666666666,1.0,0.13717421124828533,0.22333333333333336,0.089,0.09602194787379972,0.3786666666666667,0.6666666666666667,0.2623,0.5516999999999999,score_exclusive_discount
526490,2,1,6,1,0.5,0.16666666666666666,0.6666666666666667,Middle-age,At Risk,0.0,0.5,1.0,0.25,1.0,1.0,0.11013215859030837,0.16666666666666666,0.03333333333333333,0.07709251101321585,0.33333333333333337,0.6666666666666667,0.3233333333333333,0.185,score_exclusive_discount
526492,5,3,4,2,0.6,0.5,0.55,Middle-age,Champions,0.0,0.33,6.6,0.5555555555555556,0.8,0.6,0.117096018735363,0.11,0.22,0.08196721311475409,0.20800000000000002,0.55,0.394,0.4548888888888889,score_exclusive_discount
526495,0,0,9,2,0.0,0.2222222222222222,0.5,Middle-age,Medium Spenders,0.0,0.25,1.0,0.2222222222222222,0.5,1.0,0.11547344110854503,0.08333333333333333,0.03333333333333333,0.08083140877598152,0.26666666666666666,0.5,0.17333333333333334,0.16555555555555554,score_exclusive_discount
526540,3,1,6,3,0.3333333333333333,0.5,0.41666666666666663,Middle-age,High Spenders,0.0,0.62,2.25,0.4444444444444444,1.0,1.0,0.13297872340425532,0.20666666666666667,0.075,0.09308510638297872,0.36533333333333334,0.41666666666666663,0.3525,0.3336111111111111,score_exclusive_discount
526565,3,2,6,1,0.6666666666666666,0.16666666666666666,0.75,Middle-age,Medium Spenders,0.0,0.75,2.33,0.3333333333333333,1.0,0.6666666666666666,0.1019367991845056,0.25,0.07766666666666668,0.07135575942915391,0.33333333333333337,0.75,0.35436666666666666,0.2566333333333333,score_exclusive_discount
526570,2,2,6,4,1.0,0.6666666666666666,0.6666666666666667,Middle-age,Champions,0.17,0.5,1.75,0.75,0.8333333333333334,1.0,0.11481056257175659,0.16666666666666666,0.058333333333333334,0.08036739380022961,0.33333333333333337,0.6666666666666667,0.29083333333333333,0.5424999999999999,score_exclusive_discount
526628,2,1,6,4,0.5,0.6666666666666666,0.4166666666666667,Middle-age,Champions,0.0,0.8,1.4,0.625,0.8,1.0,0.11467889908256883,0.26666666666666666,0.04666666666666666,0.08027522935779817,0.41333333333333333,0.4166666666666667,0.27266666666666667,0.4515,score_free_night_flight
526668,1,0,7,3,0.0,0.42857142857142855,0.2857142857142857,Middle-age,Medium Spenders,0.0,0.33,3.67,0.375,1.0,1.0,0.10384215991692626,0.11,0.12233333333333334,0.07268951194184838,0.28800000000000003,0.2857142857142857,0.38563333333333333,0.29919999999999997,score_free_meal
526676,4,3,4,1,0.75,0.25,0.75,Middle-age,Low Spenders,0.25,0.5,2.5,0.5,0.75,1.0,0.13812154696132597,0.16666666666666666,0.08333333333333333,0.09668508287292818,0.33333333333333337,0.75,0.2833333333333333,0.375,score_exclusive_discount
526683,1,0,7,3,0.0,0.42857142857142855,0.2857142857142857,Middle-age,High Spenders,0.0,0.67,4.67,0.375,0.6666666666666666,1.0,0.10683760683760685,0.22333333333333336,0.15566666666666668,0.07478632478632478,0.3786666666666667,0.2857142857142857,0.30896666666666667,0.3092,score_free_checkedbag
526690,2,0,6,2,0.0,0.3333333333333333,0.33333333333333337,Youth,Medium Spenders,0.0,1.0,4.0,0.25,1.0,1.0,0.11061946902654868,0.3333333333333333,0.13333333333333333,0.07743362831858407,0.4666666666666667,0.33333333333333337,0.3933333333333333,0.215,score_free_checkedbag
526711,4,1,4,1,0.25,0.25,0.5,Middle-age,Low Spenders,0.0,0.0,2.5,0.25,1.0,1.0,0.10427528675703858,0.0,0.08333333333333333,0.072992700729927,0.2,0.5,0.35833333333333334,0.19999999999999998,score_exclusive_discount
526727,3,2,6,1,0.6666666666666666,0.16666666666666666,0.75,Elderly,At Risk,0.33,1.0,2.0,0.3333333333333333,0.6666666666666666,1.0,0.0979431929480901,0.3333333333333333,0.06666666666666667,0.06856023506366307,0.4666666666666667,0.75,0.24666666666666665,0.2533333333333333,score_exclusive_discount
526729,1,1,7,3,1.0,0.42857142857142855,0.7857142857142857,Middle-age,Champions,0.0,0.33,4.5,0.5,1.0,0.75,0.10090817356205853,0.11,0.15,0.07063572149344097,0.23800000000000004,0.7857142857142857,0.40499999999999997,0.39499999999999996,score_exclusive_discount
526740,1,0,7,0,0.0,0.0,0.5,0,0,0.0,0.0,0.0,0.0,0.0,0.0,0.0,0.0,0.0,0.0,0.0,0.5,0.0,0.0,score_exclusive_discount
526759,1,1,7,0,1.0,0.0,1.0,Middle-age,Low Spenders,0.0,0.5,3.0,0.125,1.0,1.0,0.1152073732718894,0.16666666666666666,0.1,0.08064516129032258,0.33333333333333337,1.0,0.37,0.1175,score_exclusive_discount
526782,2,0,6,2,0.0,0.3333333333333333,0.33333333333333337,Middle-age,Medium Spenders,0.0,0.25,2.5,0.25,1.0,1.0,0.10810810810810811,0.08333333333333333,0.08333333333333333,0.07567567567567568,0.26666666666666666,0.33333333333333337,0.35833333333333334,0.19999999999999998,score_free_meal
526789,2,2,6,2,1.0,0.3333333333333333,0.8333333333333334,Middle-age,Medium Spenders,0.0,0.17,1.5,0.5,0.5,0.75,0.09505703422053233,0.05666666666666667,0.05,0.06653992395437262,0.19533333333333336,0.8333333333333334,0.185,0.365,score_exclusive_discount
526837,2,2,6,2,1.0,0.3333333333333333,0.8333333333333334,Middle-age,Medium Spenders,0.25,0.5,2.0,0.5,1.0,1.0,0.0970873786407767,0.16666666666666666,0.06666666666666667,0.06796116504854369,0.33333333333333337,0.8333333333333334,0.3466666666666667,0.37,score_exclusive_discount
526855,2,1,8,3,0.5,0.375,0.5625,Middle-age,High Spenders,0.0,0.25,1.5,0.4,0.5,1.0,0.08658008658008658,0.08333333333333333,0.05,0.0606060606060606,0.26666666666666666,0.5625,0.185,0.295,score_exclusive_discount
526858,1,0,7,0,0.0,0.0,0.5,0,0,0.0,0.0,0.0,0.0,0.0,0.0,0.0,0.0,0.0,0.0,0.0,0.5,0.0,0.0,score_exclusive_discount
526867,3,2,5,2,0.6666666666666666,0.4,0.6333333333333333,Middle-age,Medium Spenders,0.0,0.25,2.5,0.5,1.0,1.0,0.11600928074245938,0.08333333333333333,0.08333333333333333,0.08120649651972156,0.26666666666666666,0.6333333333333333,0.35833333333333334,0.375,score_exclusive_discount
526872,2,0,6,1,0.0,0.16666666666666666,0.4166666666666667,Elderly,Low Spenders,0.0,0.0,8.0,0.125,1.0,0.0,1.0,0.0,0.26666666666666666,0.7,0.0,0.4166666666666667,0.48666666666666664,0.16749999999999998,score_free_cancellation
526873,5,2,3,1,0.4,0.3333333333333333,0.5333333333333333,Middle-age,High Spenders,0.0,1.0,4.33,0.375,1.0,0.6666666666666666,0.08149959250203749,0.3333333333333333,0.14433333333333334,0.05704971475142624,0.4,0.5333333333333333,0.40103333333333335,0.30579999999999996,score_exclusive_discount
526900,2,2,6,1,1.0,0.16666666666666666,0.9166666666666667,Middle-age,Low Spenders,0.0,0.67,1.0,0.375,0.6666666666666666,1.0,0.15220700152207,0.22333333333333336,0.03333333333333333,0.106544901065449,0.3786666666666667,0.9166666666666667,0.22333333333333333,0.27249999999999996,score_exclusive_discount
526901,4,2,5,2,0.5,0.4,0.55,Middle-age,High Spenders,0.0,0.5,3.25,0.4444444444444444,1.0,1.0,0.11261261261261263,0.16666666666666666,0.10833333333333334,0.07882882882882883,0.33333333333333337,0.55,0.37583333333333335,0.3436111111111111,score_exclusive_discount
526905,2,1,6,4,0.5,0.6666666666666666,0.4166666666666667,Middle-age,High Spenders,0.0,0.75,3.4,0.625,0.8,0.8,0.14556040756914118,0.25,0.11333333333333333,0.10189228529839882,0.36000000000000004,0.4166666666666667,0.3193333333333333,0.4715,score_free_night_flight
526913,3,1,5,4,0.3333333333333333,0.8,0.2666666666666666,Middle-age,High Spenders,0.0,0.5,2.0,0.625,0.8,0.8,0.11286681715575622,0.16666666666666666,0.06666666666666667,0.07900677200902935,0.29333333333333333,0.2666666666666666,0.2866666666666666,0.4575,score_free_night_flight
526916,1,0,7,0,0.0,0.0,0.5,0,0,0.0,0.0,0.0,0.0,0.0,0.0,0.0,0.0,0.0,0.0,0.0,0.5,0.0,0.0,score_exclusive_discount
526925,1,0,7,3,0.0,0.42857142857142855,0.2857142857142857,Youth,Champions,0.0,0.0,8.67,0.375,1.0,0.0,1.0,0.0,0.289,0.7,0.0,0.2857142857142857,0.5023,0.34919999999999995,score_free_cancellation
526950,2,0,6,3,0.0,0.5,0.25,Middle-age,Champions,0.0,0.5,9.67,0.375,1.0,0.6666666666666666,0.12165450121654503,0.16666666666666666,0.3223333333333333,0.08515815085158152,0.26666666666666666,0.25,0.5256333333333333,0.35919999999999996,score_free_meal
526959,0,0,8,3,0.0,0.375,0.5,Middle-age,High Spenders,0.0,0.5,3.0,0.375,1.0,1.0,0.10741138560687433,0.16666666666666666,0.1,0.07518796992481203,0.33333333333333337,0.5,0.37,0.2925,score_exclusive_discount
526970,0,0,8,4,0.0,0.5,0.5,Middle-age,High Spenders,0.0,0.25,3.0,0.5,1.0,0.5,0.12594458438287154,0.08333333333333333,0.1,0.08816120906801007,0.16666666666666669,0.5,0.37,0.38,score_exclusive_discount
527001,1,0,7,1,0.0,0.14285714285714285,0.4285714285714286,Elderly,Low Spenders,0.0,0.0,16.0,0.125,1.0,0.0,1.0,0.0,0.5333333333333333,0.7,0.0,0.4285714285714286,0.6733333333333333,0.2475,score_free_cancellation
527004,4,1,4,1,0.25,0.25,0.5,Middle-age,High Spenders,0.0,0.0,2.5,0.25,1.0,1.0,0.11467889908256883,0.0,0.08333333333333333,0.08027522935779817,0.2,0.5,0.35833333333333334,0.19999999999999998,score_exclusive_discount
527019,2,2,6,0,1.0,0.0,1.0,Youth,High Spenders,0.0,1.0,4.0,0.25,1.0,0.5,0.09233610341643582,0.3333333333333333,0.13333333333333333,0.06463527239150507,0.3666666666666667,1.0,0.3933333333333333,0.215,score_exclusive_discount
527038,2,2,6,2,1.0,0.3333333333333333,0.8333333333333334,Middle-age,Champions,0.0,0.62,2.5,0.5,0.5,1.0,0.09442870632672333,0.20666666666666667,0.08333333333333333,0.06610009442870633,0.36533333333333334,0.8333333333333334,0.20833333333333331,0.375,score_exclusive_discount
527046,2,1,7,2,0.5,0.2857142857142857,0.6071428571428572,Middle-age,High Spenders,0.0,0.33,3.0,0.3333333333333333,1.0,1.0,0.15408320493066255,0.11,0.1,0.10785824345146378,0.28800000000000003,0.6071428571428572,0.37,0.2633333333333333,score_exclusive_discount
527075,1,0,7,3,0.0,0.42857142857142855,0.2857142857142857,Middle-age,Champions,0.0,1.0,4.0,0.375,1.0,1.0,0.10010010010010009,0.3333333333333333,0.13333333333333333,0.07007007007007006,0.4666666666666667,0.2857142857142857,0.3933333333333333,0.30249999999999994,score_free_checkedbag
527081,1,1,7,1,1.0,0.14285714285714285,0.9285714285714286,Middle-age,Low Spenders,0.0,0.0,2.0,0.25,1.0,1.0,0.0946073793755913,0.0,0.06666666666666667,0.0662251655629139,0.2,0.9285714285714286,0.3466666666666667,0.19499999999999998,score_exclusive_discount
527082,3,1,5,2,0.3333333333333333,0.4,0.4666666666666667,Middle-age,Medium Spenders,0.0,1.0,3.67,0.375,1.0,0.6666666666666666,0.13003901170351104,0.3333333333333333,0.12233333333333334,0.09102730819245772,0.4,0.4666666666666667,0.38563333333333333,0.29919999999999997,score_exclusive_discount
527109,3,0,5,4,0.0,0.8,0.09999999999999998,Middle-age,High Spenders,0.0,0.5,3.75,0.5,0.75,1.0,0.1053740779768177,0.16666666666666666,0.125,0.0737618545837724,0.33333333333333337,0.09999999999999998,0.3125,0.38749999999999996,score_free_night_flight
527130,1,1,7,1,1.0,0.14285714285714285,0.9285714285714286,Elderly,Champions,0.0,0.0,18.0,0.25,1.0,0.5,0.13315579227696406,0.0,0.6,0.09320905459387484,0.1,0.9285714285714286,0.72,0.355,score_exclusive_discount
527132,5,1,3,1,0.2,0.3333333333333333,0.43333333333333335,Middle-age,Low Spenders,0.0,0.0,3.0,0.25,1.0,1.0,0.1145475372279496,0.0,0.1,0.08018327605956471,0.2,0.43333333333333335,0.37,0.205,score_exclusive_discount
527133,4,3,5,3,0.75,0.6,0.575,Middle-age,Medium Spenders,0.17,1.0,3.75,0.6666666666666666,1.0,0.8333333333333334,0.12468827930174564,0.3333333333333333,0.125,0.08728179551122195,0.43333333333333335,0.575,0.38749999999999996,0.5041666666666667,score_exclusive_discount
527141,0,0,8,5,0.0,0.625,0.5,Middle-age,High Spenders,0.0,0.12,0.8,0.625,0.6,0.8,0.11273957158962794,0.04,0.02666666666666667,0.07891770011273955,0.19200000000000003,0.5,0.19866666666666666,0.4455,score_exclusive_discount
527142,1,1,7,5,1.0,0.7142857142857143,0.6428571428571428,Middle-age,Champions,0.0,0.5,2.83,0.75,1.0,1.0,0.11363636363636363,0.16666666666666666,0.09433333333333334,0.07954545454545454,0.33333333333333337,0.6428571428571428,0.3660333333333333,0.5532999999999999,score_exclusive_discount
527150,1,0,7,3,0.0,0.42857142857142855,0.2857142857142857,Middle-age,Medium Spenders,0.0,0.33,3.33,0.375,1.0,1.0,0.12224938875305624,0.11,0.111,0.08557457212713937,0.28800000000000003,0.2857142857142857,0.3777,0.29579999999999995,score_free_meal
527154,3,1,5,1,0.3333333333333333,0.2,0.5666666666666667,Middle-age,High Spenders,0.0,1.0,3.5,0.25,1.0,1.0,0.1203369434416366,0.3333333333333333,0.11666666666666667,0.08423586040914562,0.4666666666666667,0.5666666666666667,0.38166666666666665,0.21,score_exclusive_discount
527158,2,1,6,3,0.5,0.5,0.5,Middle-age,High Spenders,0.25,0.67,1.5,0.5,1.0,1.0,0.09775171065493646,0.22333333333333336,0.05,0.06842619745845552,0.3786666666666667,0.5,0.33499999999999996,0.365,score_exclusive_discount
527187,3,1,6,2,0.3333333333333333,0.3333333333333333,0.5,Middle-age,Medium Spenders,0.0,0.67,3.33,0.3333333333333333,1.0,1.0,0.11210762331838565,0.22333333333333336,0.111,0.07847533632286996,0.3786666666666667,0.5,0.3777,0.2666333333333333,score_exclusive_discount
527197,2,1,6,2,0.5,0.3333333333333333,0.5833333333333334,Youth,Champions,0.0,0.5,8.0,0.375,1.0,0.6666666666666666,0.08110300081103,0.16666666666666666,0.26666666666666666,0.056772100567720994,0.26666666666666666,0.5833333333333334,0.48666666666666664,0.34249999999999997,score_exclusive_discount
527219,2,0,6,1,0.0,0.16666666666666666,0.4166666666666667,Youth,Low Spenders,0.0,1.0,3.0,0.125,1.0,1.0,0.11428571428571428,0.3333333333333333,0.1,0.07999999999999999,0.4666666666666667,0.4166666666666667,0.37,0.1175,score_free_checkedbag
527232,2,0,6,2,0.0,0.3333333333333333,0.33333333333333337,Middle-age,At Risk,0.0,0.0,2.5,0.25,1.0,1.0,0.07352941176470588,0.0,0.08333333333333333,0.051470588235294115,0.2,0.33333333333333337,0.35833333333333334,0.19999999999999998,score_free_meal
527253,1,1,7,5,1.0,0.7142857142857143,0.6428571428571428,Middle-age,Champions,0.0,0.6,4.83,0.75,0.8333333333333334,0.8333333333333334,0.10775862068965518,0.19999999999999998,0.161,0.07543103448275862,0.32666666666666666,0.6428571428571428,0.3627,0.5732999999999999,score_exclusive_discount
527280,4,0,5,2,0.0,0.4,0.3,Middle-age,Low Spenders,0.0,1.0,2.0,0.2222222222222222,0.5,0.5,0.12453300124533,0.3333333333333333,0.06666666666666667,0.087173100871731,0.3666666666666667,0.3,0.19666666666666666,0.17555555555555552,score_free_checkedbag
527321,3,0,5,1,0.0,0.2,0.4,Youth,At Risk,0.0,0.0,5.0,0.125,1.0,0.0,1.0,0.0,0.16666666666666666,0.7,0.0,0.4,0.41666666666666663,0.13749999999999998,score_free_cancellation
527326,5,1,4,2,0.2,0.5,0.35,Middle-age,High Spenders,0.0,0.33,0.67,0.3333333333333333,0.6666666666666666,0.6666666666666666,0.14084507042253522,0.11,0.022333333333333334,0.09859154929577464,0.22133333333333333,0.35,0.21563333333333332,0.24003333333333332,score_exclusive_discount
527344,4,0,6,2,0.0,0.3333333333333333,0.33333333333333337,Middle-age,Medium Spenders,0.0,0.0,2.5,0.2,1.0,0.5,0.12165450121654503,0.0,0.08333333333333333,0.08515815085158152,0.1,0.33333333333333337,0.35833333333333334,0.16499999999999998,score_free_meal
527346,1,0,7,3,0.0,0.42857142857142855,0.2857142857142857,Middle-age,Champions,0.0,0.11,1.33,0.375,0.6666666666666666,1.0,0.12285012285012284,0.03666666666666667,0.044333333333333336,0.08599508599508598,0.22933333333333333,0.2857142857142857,0.2310333333333333,0.27579999999999993,score_exclusive_discount
527354,3,0,5,3,0.0,0.6,0.2,Middle-age,Champions,0.0,0.75,4.67,0.375,1.0,0.6666666666666666,0.11534025374855825,0.25,0.15566666666666668,0.08073817762399077,0.33333333333333337,0.2,0.40896666666666665,0.3092,score_free_meal
527359,3,0,5,1,0.0,0.2,0.4,Middle-age,Low Spenders,0.0,1.0,3.0,0.125,1.0,1.0,0.11210762331838565,0.3333333333333333,0.1,0.07847533632286996,0.4666666666666667,0.4,0.37,0.1175,score_free_checkedbag
527365,2,0,7,1,0.0,0.14285714285714285,0.4285714285714286,Youth,At Risk,0.0,1.0,3.0,0.1111111111111111,1.0,1.0,0.13812154696132597,0.3333333333333333,0.1,0.09668508287292818,0.4666666666666667,0.4285714285714286,0.37,0.10777777777777776,score_free_checkedbag
527389,2,0,6,2,0.0,0.3333333333333333,0.33333333333333337,Middle-age,At Risk,0.0,0.0,3.0,0.25,1.0,0.0,1.0,0.0,0.1,0.7,0.0,0.33333333333333337,0.37,0.205,score_free_cancellation
527393,3,0,5,2,0.0,0.4,0.3,Middle-age,Low Spenders,0.0,0.5,2.5,0.25,1.0,1.0,0.11185682326621922,0.16666666666666666,0.08333333333333333,0.07829977628635346,0.33333333333333337,0.3,0.35833333333333334,0.19999999999999998,score_free_meal
527396,4,2,5,1,0.5,0.2,0.65,Middle-age,High Spenders,0.0,1.0,12.67,0.3333333333333333,1.0,0.6666666666666666,0.1017293997965412,0.3333333333333333,0.42233333333333334,0.07121057985757884,0.4,0.65,0.5956333333333332,0.3600333333333333,score_exclusive_discount
527401,2,2,6,4,1.0,0.6666666666666666,0.6666666666666667,Middle-age,High Spenders,0.17,0.75,2.5,0.75,1.0,1.0,0.1272264631043257,0.25,0.08333333333333333,0.08905852417302798,0.4,0.6666666666666667,0.35833333333333334,0.5499999999999999,score_exclusive_discount
527406,1,1,7,2,1.0,0.2857142857142857,0.8571428571428572,Middle-age,High Spenders,0.0,0.33,6.33,0.375,0.6666666666666666,1.0,0.12239902080783353,0.11,0.211,0.08567931456548347,0.28800000000000003,0.8571428571428572,0.3477,0.3258,score_exclusive_discount
527445,2,0,6,0,0.0,0.0,0.5,0,0,0.0,0.0,0.0,0.0,0.0,0.0,0.0,0.0,0.0,0.0,0.0,0.5,0.0,0.0,score_exclusive_discount
527451,3,1,5,2,0.3333333333333333,0.4,0.4666666666666667,Middle-age,Low Spenders,0.0,0.67,1.67,0.375,1.0,1.0,0.1310615989515072,0.22333333333333336,0.05566666666666666,0.09174311926605504,0.3786666666666667,0.4666666666666667,0.33896666666666664,0.27919999999999995,score_exclusive_discount
527452,4,1,4,1,0.25,0.25,0.5,Middle-age,High Spenders,0.0,0.0,4.5,0.25,1.0,1.0,0.09302325581395349,0.0,0.15,0.06511627906976744,0.2,0.5,0.40499999999999997,0.21999999999999997,score_exclusive_discount
527455,4,2,4,1,0.5,0.25,0.625,Middle-age,Low Spenders,0.33,1.0,6.0,0.375,0.6666666666666666,1.0,0.1510574018126888,0.3333333333333333,0.2,0.10574018126888217,0.4666666666666667,0.625,0.33999999999999997,0.32249999999999995,score_exclusive_discount
527464,0,0,9,6,0.0,0.6666666666666666,0.5,Middle-age,Champions,0.0,1.2,3.83,0.6666666666666666,1.0,0.8333333333333334,0.12853470437017994,0.39999999999999997,0.12766666666666668,0.08997429305912595,0.4866666666666667,0.5,0.38936666666666664,0.5049666666666666,score_free_night_flight
527467,3,0,5,2,0.0,0.4,0.3,Middle-age,Low Spenders,0.0,0.0,1.0,0.25,0.5,1.0,0.1440922190201729,0.0,0.03333333333333333,0.10086455331412103,0.2,0.3,0.17333333333333334,0.185,score_exclusive_discount
527470,0,0,8,2,0.0,0.25,0.5,Middle-age,Medium Spenders,0.0,1.0,9.5,0.25,1.0,0.5,0.22573363431151244,0.3333333333333333,0.31666666666666665,0.1580135440180587,0.3666666666666667,0.5,0.5216666666666666,0.26999999999999996,score_free_meal
527490,2,1,6,2,0.5,0.3333333333333333,0.5833333333333334,Middle-age,High Spenders,0.0,0.67,2.67,0.375,1.0,1.0,0.13568521031207598,0.22333333333333336,0.089,0.09497964721845317,0.3786666666666667,0.5833333333333334,0.36229999999999996,0.28919999999999996,score_exclusive_discount
527507,5,2,3,2,0.4,0.6666666666666666,0.3666666666666667,Middle-age,Champions,0.0,0.67,5.75,0.5,0.75,0.75,0.10695187165775401,0.22333333333333336,0.19166666666666668,0.0748663101604278,0.3286666666666667,0.3666666666666667,0.35916666666666663,0.4075,score_free_night_flight
527508,2,0,6,3,0.0,0.5,0.25,Middle-age,Medium Spenders,0.0,1.0,2.67,0.375,0.6666666666666666,1.0,0.10893246187363835,0.3333333333333333,0.089,0.07625272331154684,0.4666666666666667,0.25,0.2623,0.28919999999999996,score_free_checkedbag
527518,0,0,8,1,0.0,0.125,0.5,Middle-age,Low Spenders,0.0,0.0,2.0,0.125,1.0,1.0,0.12804097311139565,0.0,0.06666666666666667,0.08962868117797694,0.2,0.5,0.3466666666666667,0.1075,score_exclusive_discount
527524,3,0,5,1,0.0,0.2,0.4,Youth,High Spenders,0.0,0.0,8.0,0.125,1.0,0.0,1.0,0.0,0.26666666666666666,0.7,0.0,0.4,0.48666666666666664,0.16749999999999998,score_free_cancellation
527536,3,1,5,0,0.3333333333333333,0.0,0.6666666666666666,Elderly,At Risk,0.0,0.5,0.0,0.125,0.0,1.0,0.0032320620555914676,0.16666666666666666,0.0,0.0022624434389140274,0.33333333333333337,0.6666666666666666,0.0,0.0875,score_exclusive_discount
527541,2,0,7,1,0.0,0.14285714285714285,0.4285714285714286,Middle-age,At Risk,0.0,0.0,11.0,0.1111111111111111,1.0,0.0,1.0,0.0,0.36666666666666664,0.7,0.0,0.4285714285714286,0.5566666666666666,0.18777777777777777,score_free_cancellation
527552,3,1,6,0,0.3333333333333333,0.0,0.6666666666666666,Middle-age,At Risk,0.0,0.0,7.0,0.1111111111111111,1.0,0.0,1.0,0.0,0.23333333333333334,0.7,0.0,0.6666666666666666,0.4633333333333333,0.14777777777777776,score_free_cancellation
527560,4,1,4,1,0.25,0.25,0.5,Middle-age,Low Spenders,0.0,0.0,5.5,0.25,1.0,0.0,1.0,0.0,0.18333333333333332,0.7,0.0,0.5,0.42833333333333334,0.22999999999999998,score_free_cancellation
527564,0,0,8,4,0.0,0.5,0.5,Middle-age,Champions,0.0,0.67,5.0,0.5,0.75,0.75,0.11001100110011001,0.22333333333333336,0.16666666666666666,0.077007700770077,0.3286666666666667,0.5,0.3416666666666666,0.39999999999999997,score_exclusive_discount
527585,3,1,5,3,0.3333333333333333,0.6,0.3666666666666667,Middle-age,Champions,0.0,0.25,2.5,0.5,1.0,1.0,0.1111111111111111,0.08333333333333333,0.08333333333333333,0.07777777777777777,0.26666666666666666,0.3666666666666667,0.35833333333333334,0.375,score_free_night_flight
527605,1,1,7,2,1.0,0.2857142857142857,0.8571428571428572,Middle-age,Medium Spenders,0.0,0.33,2.33,0.375,0.6666666666666666,1.0,0.16750418760469013,0.11,0.07766666666666668,0.11725293132328309,0.28800000000000003,0.8571428571428572,0.25436666666666663,0.28579999999999994,score_exclusive_discount
527689,2,1,6,0,0.5,0.0,0.75,Youth,Medium Spenders,0.0,0.0,13.0,0.125,1.0,0.0,1.0,0.0,0.43333333333333335,0.7,0.0,0.75,0.6033333333333333,0.2175,score_exclusive_discount
527690,1,0,7,4,0.0,0.5714285714285714,0.2142857142857143,Middle-age,High Spenders,0.0,0.67,2.0,0.5,0.75,0.75,0.07716049382716049,0.22333333333333336,0.06666666666666667,0.05401234567901234,0.3286666666666667,0.2142857142857143,0.2716666666666666,0.37,score_free_night_flight
527726,5,1,3,1,0.2,0.3333333333333333,0.43333333333333335,Middle-age,Low Spenders,0.0,0.5,0.0,0.25,0.0,1.0,0.09727626459143969,0.16666666666666666,0.0,0.06809338521400778,0.33333333333333337,0.43333333333333335,0.0,0.175,score_exclusive_discount
527735,1,1,7,0,1.0,0.0,1.0,Youth,Low Spenders,0.0,1.0,2.0,0.125,1.0,1.0,0.11587485515643106,0.3333333333333333,0.06666666666666667,0.08111239860950174,0.4666666666666667,1.0,0.3466666666666667,0.1075,score_exclusive_discount
527750,2,1,6,1,0.5,0.16666666666666666,0.6666666666666667,Middle-age,Champions,0.0,0.0,7.0,0.25,1.0,0.0,1.0,0.0,0.23333333333333334,0.7,0.0,0.6666666666666667,0.4633333333333333,0.245,score_free_cancellation
527782,3,1,5,4,0.3333333333333333,0.8,0.2666666666666666,Middle-age,Medium Spenders,0.2,0.5,2.67,0.625,0.8,0.8,0.13661202185792348,0.16666666666666666,0.089,0.09562841530054643,0.29333333333333333,0.2666666666666666,0.3023,0.4642,score_free_night_flight
527783,4,0,4,2,0.0,0.5,0.25,Middle-age,Medium Spenders,0.0,0.5,7.0,0.25,1.0,1.0,0.117096018735363,0.16666666666666666,0.23333333333333334,0.08196721311475409,0.33333333333333337,0.25,0.4633333333333333,0.245,score_free_meal
527801,3,0,6,0,0.0,0.0,0.5,0,0,0.0,0.0,0.0,0.0,0.0,0.0,0.0,0.0,0.0,0.0,0.0,0.5,0.0,0.0,score_exclusive_discount
527824,0,0,8,5,0.0,0.625,0.5,Middle-age,Medium Spenders,0.0,0.8,1.4,0.625,1.0,1.0,0.10660980810234541,0.26666666666666666,0.04666666666666666,0.07462686567164178,0.41333333333333333,0.5,0.33266666666666667,0.4515,score_exclusive_discount
527850,4,3,4,2,0.75,0.5,0.625,Middle-age,Champions,0.0,0.67,4.6,0.625,1.0,0.6,0.1402524544179523,0.22333333333333336,0.15333333333333332,0.09817671809256662,0.2986666666666667,0.625,0.4073333333333333,0.4835,score_exclusive_discount
527857,2,0,6,1,0.0,0.16666666666666666,0.4166666666666667,Middle-age,Champions,0.0,0.0,14.0,0.125,1.0,0.0,1.0,0.0,0.4666666666666667,0.7,0.0,0.4166666666666667,0.6266666666666667,0.22749999999999998,score_free_cancellation
527886,2,1,8,2,0.5,0.25,0.625,Middle-age,High Spenders,0.0,1.0,11.67,0.3,1.0,0.3333333333333333,0.10660980810234541,0.3333333333333333,0.389,0.07462686567164178,0.3333333333333333,0.625,0.5723,0.3267,score_exclusive_discount
527928,1,0,7,2,0.0,0.2857142857142857,0.35714285714285715,Middle-age,Medium Spenders,0.0,0.25,2.5,0.25,1.0,1.0,0.11481056257175659,0.08333333333333333,0.08333333333333333,0.08036739380022961,0.26666666666666666,0.35714285714285715,0.35833333333333334,0.19999999999999998,score_free_meal
527944,3,1,5,3,0.3333333333333333,0.6,0.3666666666666667,Middle-age,High Spenders,0.0,0.75,3.25,0.5,1.0,1.0,0.09569377990430622,0.25,0.10833333333333334,0.06698564593301434,0.4,0.3666666666666667,0.37583333333333335,0.38249999999999995,score_free_checkedbag
527945,0,0,8,0,0.0,0.0,0.5,0,0,0.0,0.0,0.0,0.0,0.0,0.0,0.0,0.0,0.0,0.0,0.0,0.5,0.0,0.0,score_exclusive_discount
527984,2,1,6,3,0.5,0.5,0.5,Middle-age,High Spenders,0.0,0.67,3.5,0.5,1.0,0.75,0.1002004008016032,0.22333333333333336,0.11666666666666667,0.07014028056112223,0.3286666666666667,0.5,0.38166666666666665,0.38499999999999995,score_exclusive_discount
527987,1,0,8,4,0.0,0.5,0.25,Middle-age,Low Spenders,0.0,0.75,1.75,0.4444444444444444,0.75,1.0,0.10427528675703858,0.25,0.058333333333333334,0.072992700729927,0.4,0.25,0.2658333333333333,0.3286111111111111,score_free_checkedbag
527995,3,2,5,1,0.6666666666666666,0.2,0.7333333333333333,Middle-age,Low Spenders,0.0,1.0,1.67,0.375,0.6666666666666666,0.6666666666666666,0.17301038062283736,0.3333333333333333,0.05566666666666666,0.12110726643598614,0.4,0.7333333333333333,0.23896666666666666,0.27919999999999995,score_exclusive_discount
528020,0,0,8,4,0.0,0.5,0.5,Middle-age,High Spenders,0.0,0.5,5.25,0.5,1.0,1.0,0.09380863039399624,0.16666666666666666,0.175,0.06566604127579737,0.33333333333333337,0.5,0.4225,0.40249999999999997,score_exclusive_discount
528028,1,1,7,3,1.0,0.42857142857142855,0.7857142857142857,Middle-age,Champions,0.0,0.38,2.25,0.5,0.5,1.0,0.10638297872340426,0.12666666666666668,0.075,0.07446808510638298,0.30133333333333334,0.7857142857142857,0.20249999999999999,0.3725,score_exclusive_discount
528046,1,1,7,1,1.0,0.14285714285714285,0.9285714285714286,Middle-age,Medium Spenders,0.0,0.0,2.0,0.25,0.5,1.0,0.16420361247947454,0.0,0.06666666666666667,0.11494252873563217,0.2,0.9285714285714286,0.19666666666666666,0.19499999999999998,score_exclusive_discount
528061,2,1,6,2,0.5,0.3333333333333333,0.5833333333333334,Middle-age,Champions,0.0,0.33,3.67,0.375,1.0,1.0,0.1079913606911447,0.11,0.12233333333333334,0.07559395248380128,0.28800000000000003,0.5833333333333334,0.38563333333333333,0.29919999999999997,score_exclusive_discount
528098,3,0,6,0,0.0,0.0,0.5,0,0,0.0,0.0,0.0,0.0,0.0,0.0,0.0,0.0,0.0,0.0,0.0,0.5,0.0,0.0,score_exclusive_discount
528105,2,0,6,4,0.0,0.6666666666666666,0.16666666666666669,Middle-age,High Spenders,0.0,0.67,3.75,0.5,1.0,0.75,0.1020408163265306,0.22333333333333336,0.125,0.07142857142857141,0.3286666666666667,0.16666666666666669,0.38749999999999996,0.38749999999999996,score_free_meal
528122,3,2,5,3,0.6666666666666666,0.6,0.5333333333333333,Middle-age,Champions,0.0,0.5,3.0,0.625,1.0,1.0,0.1267427122940431,0.16666666666666666,0.1,0.08871989860583017,0.33333333333333337,0.5333333333333333,0.37,0.4675,score_exclusive_discount
528137,4,0,4,0,0.0,0.0,0.5,0,0,0.0,0.0,0.0,0.0,0.0,0.0,0.0,0.0,0.0,0.0,0.0,0.5,0.0,0.0,score_exclusive_discount
528139,2,0,6,1,0.0,0.16666666666666666,0.4166666666666667,Youth,Medium Spenders,0.0,0.0,9.0,0.125,1.0,0.0,1.0,0.0,0.3,0.7,0.0,0.4166666666666667,0.51,0.1775,score_free_cancellation
528158,3,1,5,2,0.3333333333333333,0.4,0.4666666666666667,Middle-age,Low Spenders,0.0,0.33,1.0,0.375,0.3333333333333333,1.0,0.11627906976744186,0.11,0.03333333333333333,0.0813953488372093,0.28800000000000003,0.4666666666666667,0.12333333333333332,0.27249999999999996,score_exclusive_discount
528164,3,2,5,4,0.6666666666666666,0.8,0.4333333333333333,Middle-age,High Spenders,0.0,0.7,2.0,0.75,0.5,0.8333333333333334,0.015401201293700907,0.2333333333333333,0.06666666666666667,0.010780840905590634,0.35333333333333333,0.4333333333333333,0.19666666666666666,0.5449999999999999,score_free_night_flight
528179,2,0,6,2,0.0,0.3333333333333333,0.33333333333333337,Middle-age,High Spenders,0.0,0.0,10.5,0.25,1.0,0.0,1.0,0.0,0.35,0.7,0.0,0.33333333333333337,0.5449999999999999,0.27999999999999997,score_free_cancellation
528186,1,1,7,3,1.0,0.42857142857142855,0.7857142857142857,Middle-age,Medium Spenders,0.0,0.0,2.0,0.5,1.0,1.0,0.14749262536873156,0.0,0.06666666666666667,0.10324483775811209,0.2,0.7857142857142857,0.3466666666666667,0.37,score_exclusive_discount
528193,3,1,5,2,0.3333333333333333,0.4,0.4666666666666667,Middle-age,High Spenders,0.0,0.33,3.33,0.375,1.0,1.0,0.11655011655011654,0.11,0.111,0.08158508158508157,0.28800000000000003,0.4666666666666667,0.3777,0.29579999999999995,score_exclusive_discount
528216,2,1,6,2,0.5,0.3333333333333333,0.5833333333333334,Middle-age,Low Spenders,0.0,0.67,2.0,0.375,1.0,1.0,0.09487666034155598,0.22333333333333336,0.06666666666666667,0.06641366223908918,0.3786666666666667,0.5833333333333334,0.3466666666666667,0.2825,score_exclusive_discount
528242,2,0,7,3,0.0,0.42857142857142855,0.2857142857142857,Middle-age,Low Spenders,0.0,0.67,1.0,0.3333333333333333,0.6666666666666666,1.0,0.13315579227696406,0.22333333333333336,0.03333333333333333,0.09320905459387484,0.3786666666666667,0.2857142857142857,0.22333333333333333,0.24333333333333332,score_free_checkedbag
528244,1,0,7,2,0.0,0.2857142857142857,0.35714285714285715,Middle-age,Low Spenders,0.0,0.5,3.0,0.25,1.0,1.0,0.09881422924901187,0.16666666666666666,0.1,0.0691699604743083,0.33333333333333337,0.35714285714285715,0.37,0.205,score_free_meal
528248,1,1,7,2,1.0,0.2857142857142857,0.8571428571428572,Middle-age,Medium Spenders,0.0,1.0,2.33,0.375,1.0,0.6666666666666666,0.1107419712070875,0.3333333333333333,0.07766666666666668,0.07751937984496124,0.4,0.8571428571428572,0.35436666666666666,0.28579999999999994,score_exclusive_discount
528281,2,2,6,3,1.0,0.5,0.75,Middle-age,Champions,0.0,0.11,4.0,0.625,1.0,0.6,0.1402524544179523,0.03666666666666667,0.13333333333333333,0.09817671809256662,0.14933333333333332,0.75,0.3933333333333333,0.4775,score_exclusive_discount
528322,1,0,7,4,0.0,0.5714285714285714,0.2142857142857143,Middle-age,High Spenders,0.0,0.25,3.0,0.5,0.75,1.0,0.12180267965895249,0.08333333333333333,0.1,0.08526187576126673,0.26666666666666666,0.2142857142857143,0.295,0.38,score_free_night_flight
528330,3,0,5,1,0.0,0.2,0.4,Middle-age,Low Spenders,0.0,1.0,2.0,0.125,1.0,1.0,0.13245033112582782,0.3333333333333333,0.06666666666666667,0.09271523178807947,0.4666666666666667,0.4,0.3466666666666667,0.1075,score_free_checkedbag
528354,3,1,5,2,0.3333333333333333,0.4,0.4666666666666667,Middle-age,Medium Spenders,0.0,0.67,3.0,0.375,1.0,1.0,0.11013215859030837,0.22333333333333336,0.1,0.07709251101321585,0.3786666666666667,0.4666666666666667,0.37,0.2925,score_exclusive_discount
528372,2,1,6,0,0.5,0.0,0.75,Youth,Medium Spenders,0.0,0.0,11.0,0.125,1.0,0.0,1.0,0.0,0.36666666666666664,0.7,0.0,0.75,0.5566666666666666,0.19749999999999998,score_exclusive_discount
528378,4,0,4,1,0.0,0.25,0.375,Middle-age,At Risk,0.0,1.0,4.0,0.125,1.0,1.0,0.09643201542912247,0.3333333333333333,0.13333333333333333,0.06750241080038573,0.4666666666666667,0.375,0.3933333333333333,0.1275,score_free_checkedbag
528379,3,1,5,1,0.3333333333333333,0.2,0.5666666666666667,Middle-age,Low Spenders,0.0,1.0,1.0,0.25,1.0,1.0,0.14903129657228018,0.3333333333333333,0.03333333333333333,0.10432190760059612,0.4666666666666667,0.5666666666666667,0.3233333333333333,0.185,score_exclusive_discount
528411,4,1,4,3,0.25,0.75,0.25,Middle-age,Medium Spenders,0.0,1.0,1.0,0.5,0.75,1.0,0.11210762331838565,0.3333333333333333,0.03333333333333333,0.07847533632286996,0.4666666666666667,0.25,0.2483333333333333,0.36,score_free_checkedbag
528413,2,0,6,0,0.0,0.0,0.5,0,0,0.0,0.0,0.0,0.0,0.0,0.0,0.0,0.0,0.0,0.0,0.0,0.5,0.0,0.0,score_exclusive_discount
528417,3,1,5,1,0.3333333333333333,0.2,0.5666666666666667,Middle-age,Low Spenders,0.0,0.5,2.0,0.25,1.0,1.0,0.1152073732718894,0.16666666666666666,0.06666666666666667,0.08064516129032258,0.33333333333333337,0.5666666666666667,0.3466666666666667,0.19499999999999998,score_exclusive_discount
528421,3,3,5,4,1.0,0.8,0.6,Middle-age,Champions,0.0,0.42,3.71,0.875,0.7142857142857143,0.8571428571428571,0.12484394506866417,0.13999999999999999,0.12366666666666666,0.08739076154806491,0.2834285714285714,0.6,0.3008523809523809,0.6496,score_free_night_flight
528455,3,1,6,2,0.3333333333333333,0.3333333333333333,0.5,Middle-age,Champions,0.0,0.67,6.33,0.3333333333333333,1.0,1.0,0.11049723756906077,0.22333333333333336,0.211,0.07734806629834254,0.3786666666666667,0.5,0.4477,0.2966333333333333,score_exclusive_discount
528461,2,0,6,0,0.0,0.0,0.5,0,0,0.0,0.0,0.0,0.0,0.0,0.0,0.0,0.0,0.0,0.0,0.0,0.5,0.0,0.0,score_exclusive_discount
528490,4,2,5,2,0.5,0.4,0.55,Middle-age,Champions,0.0,0.25,2.25,0.4444444444444444,1.0,1.0,0.12376237623762376,0.08333333333333333,0.075,0.08663366336633663,0.26666666666666666,0.55,0.3525,0.3336111111111111,score_exclusive_discount
528500,3,1,5,1,0.3333333333333333,0.2,0.5666666666666667,0,0,0.0,0.0,0.0,0.0,0.0,0.0,0.0,0.0,0.0,0.0,0.0,0.5666666666666667,0.0,0.0,score_exclusive_discount
528522,1,0,7,2,0.0,0.2857142857142857,0.35714285714285715,Middle-age,Medium Spenders,0.0,2.0,7.5,0.25,1.0,0.5,0.18281535648994515,0.6666666666666666,0.25,0.1279707495429616,0.6333333333333333,0.35714285714285715,0.475,0.25,score_free_checkedbag
528528,3,0,5,1,0.0,0.2,0.4,Youth,At Risk,0.0,0.0,4.0,0.125,1.0,1.0,0.1763668430335097,0.0,0.13333333333333333,0.12345679012345677,0.2,0.4,0.3933333333333333,0.1275,score_exclusive_discount
528542,2,0,6,3,0.0,0.5,0.25,Middle-age,Champions,0.0,0.78,4.0,0.375,1.0,1.0,0.12004801920768307,0.26,0.13333333333333333,0.08403361344537814,0.40800000000000003,0.25,0.3933333333333333,0.30249999999999994,score_free_checkedbag
528567,1,0,7,6,0.0,0.8571428571428571,0.07142857142857145,Middle-age,Champions,0.0,0.6,3.33,0.75,1.0,0.8333333333333334,0.14814814814814814,0.19999999999999998,0.111,0.10370370370370369,0.32666666666666666,0.07142857142857145,0.3777,0.5582999999999999,score_free_night_flight
528580,2,1,7,2,0.5,0.2857142857142857,0.6071428571428572,Middle-age,Champions,0.0,0.75,4.0,0.3333333333333333,0.6666666666666666,0.6666666666666666,0.10706638115631692,0.25,0.13333333333333333,0.07494646680942184,0.33333333333333337,0.6071428571428572,0.29333333333333333,0.2733333333333333,score_exclusive_discount
528612,3,1,5,1,0.3333333333333333,0.2,0.5666666666666667,Middle-age,Low Spenders,0.0,0.5,1.0,0.25,1.0,1.0,0.10683760683760685,0.16666666666666666,0.03333333333333333,0.07478632478632478,0.33333333333333337,0.5666666666666667,0.3233333333333333,0.185,score_exclusive_discount
528657,1,0,7,4,0.0,0.5714285714285714,0.2142857142857143,Middle-age,Champions,0.0,0.75,3.75,0.5,1.0,1.0,0.08116883116883117,0.25,0.125,0.056818181818181816,0.4,0.2142857142857143,0.38749999999999996,0.38749999999999996,score_free_checkedbag
528661,1,0,7,2,0.0,0.2857142857142857,0.35714285714285715,Middle-age,Low Spenders,0.0,0.5,2.5,0.25,1.0,1.0,0.07304601899196494,0.16666666666666666,0.08333333333333333,0.05113221329437546,0.33333333333333337,0.35714285714285715,0.35833333333333334,0.19999999999999998,score_free_meal
528683,3,1,6,1,0.3333333333333333,0.16666666666666666,0.5833333333333334,Middle-age,High Spenders,0.0,0.0,8.0,0.2222222222222222,1.0,0.5,0.1388888888888889,0.0,0.26666666666666666,0.09722222222222222,0.1,0.5833333333333334,0.48666666666666664,0.23555555555555552,score_exclusive_discount
528688,2,0,6,1,0.0,0.16666666666666666,0.4166666666666667,Middle-age,Medium Spenders,0.0,0.0,10.0,0.125,1.0,0.0,1.0,0.0,0.3333333333333333,0.7,0.0,0.4166666666666667,0.5333333333333333,0.1875,score_free_cancellation
528690,0,0,9,3,0.0,0.3333333333333333,0.5,Middle-age,Medium Spenders,0.0,0.44,2.33,0.3333333333333333,1.0,1.0,0.09970089730807578,0.14666666666666667,0.07766666666666668,0.06979062811565305,0.31733333333333336,0.5,0.35436666666666666,0.2566333333333333,score_exclusive_discount
528706,3,1,5,1,0.3333333333333333,0.2,0.5666666666666667,Middle-age,Low Spenders,0.0,1.0,1.0,0.25,1.0,1.0,0.13755158184319122,0.3333333333333333,0.03333333333333333,0.09628610729023385,0.4666666666666667,0.5666666666666667,0.3233333333333333,0.185,score_exclusive_discount
528723,1,0,7,4,0.0,0.5714285714285714,0.2142857142857143,Middle-age,Champions,0.0,0.56,7.0,0.5,1.0,0.75,0.1149425287356322,0.18666666666666668,0.23333333333333334,0.08045977011494253,0.29933333333333334,0.2142857142857143,0.4633333333333333,0.42,score_free_meal
528735,3,0,6,2,0.0,0.3333333333333333,0.33333333333333337,Middle-age,Medium Spenders,0.0,0.0,3.0,0.2222222222222222,1.0,1.0,0.1194743130227001,0.0,0.1,0.08363201911589006,0.2,0.33333333333333337,0.37,0.18555555555555553,score_free_meal
528743,2,1,6,3,0.5,0.5,0.5,Middle-age,Medium Spenders,0.25,0.5,1.5,0.5,0.75,1.0,0.13661202185792348,0.16666666666666666,0.05,0.09562841530054643,0.33333333333333337,0.5,0.25999999999999995,0.365,score_exclusive_discount
528744,1,1,7,3,1.0,0.42857142857142855,0.7857142857142857,Middle-age,High Spenders,0.0,0.67,2.75,0.5,1.0,0.75,0.10626992561105207,0.22333333333333336,0.09166666666666666,0.07438894792773644,0.3286666666666667,0.7857142857142857,0.36416666666666664,0.37749999999999995,score_exclusive_discount
528777,1,1,7,3,1.0,0.42857142857142855,0.7857142857142857,Middle-age,Champions,0.0,0.67,3.5,0.5,1.0,0.75,0.1724137931034483,0.22333333333333336,0.11666666666666667,0.1206896551724138,0.3286666666666667,0.7857142857142857,0.38166666666666665,0.38499999999999995,score_exclusive_discount
528816,2,0,6,5,0.0,0.8333333333333334,0.08333333333333331,Middle-age,Champions,0.0,0.7,6.0,0.625,1.0,1.0,0.11025358324145534,0.2333333333333333,0.2,0.07717750826901873,0.38666666666666666,0.08333333333333331,0.43999999999999995,0.4975,score_free_night_flight
528826,1,0,7,2,0.0,0.2857142857142857,0.35714285714285715,Middle-age,Low Spenders,0.0,0.5,1.5,0.25,1.0,1.0,0.09182736455463728,0.16666666666666666,0.05,0.06427915518824609,0.33333333333333337,0.35714285714285715,0.33499999999999996,0.19,score_exclusive_discount
528827,4,3,4,1,0.75,0.25,0.75,Middle-age,Medium Spenders,0.0,0.33,3.5,0.5,1.0,0.75,0.13054830287206265,0.11,0.11666666666666667,0.09138381201044385,0.23800000000000004,0.75,0.38166666666666665,0.38499999999999995,score_exclusive_discount
528828,1,1,7,4,1.0,0.5714285714285714,0.7142857142857143,Middle-age,High Spenders,0.0,0.75,1.8,0.625,0.6,0.8,0.13736263736263735,0.25,0.060000000000000005,0.09615384615384613,0.36000000000000004,0.7142857142857143,0.222,0.4555,score_exclusive_discount
528829,1,0,7,4,0.0,0.5714285714285714,0.2142857142857143,Middle-age,Champions,0.0,0.5,7.0,0.5,1.0,0.5,0.12330456226880396,0.16666666666666666,0.23333333333333334,0.08631319358816276,0.23333333333333334,0.2142857142857143,0.4633333333333333,0.42,score_free_meal
528839,4,2,4,1,0.5,0.25,0.625,Middle-age,At Risk,0.33,0.0,0.0,0.375,0.6666666666666666,1.0,0.075642965204236,0.0,0.0,0.052950075642965194,0.2,0.625,0.19999999999999998,0.26249999999999996,score_exclusive_discount
528842,3,1,5,1,0.3333333333333333,0.2,0.5666666666666667,Elderly,Medium Spenders,0.0,0.0,0.5,0.25,0.5,1.0,0.10526315789473684,0.0,0.016666666666666666,0.07368421052631578,0.2,0.5666666666666667,0.16166666666666665,0.18,score_exclusive_discount
528844,2,1,7,1,0.5,0.14285714285714285,0.6785714285714286,Middle-age,High Spenders,0.0,0.75,2.0,0.2222222222222222,1.0,1.0,0.10893246187363835,0.25,0.06666666666666667,0.07625272331154684,0.4,0.6785714285714286,0.3466666666666667,0.17555555555555552,score_exclusive_discount
528906,1,0,7,1,0.0,0.14285714285714285,0.4285714285714286,Middle-age,At Risk,0.0,0.0,4.0,0.125,1.0,1.0,0.12903225806451613,0.0,0.13333333333333333,0.09032258064516129,0.2,0.4285714285714286,0.3933333333333333,0.1275,score_exclusive_discount
528909,1,0,7,2,0.0,0.2857142857142857,0.35714285714285715,Youth,Champions,0.0,0.0,11.5,0.25,1.0,0.0,1.0,0.0,0.38333333333333336,0.7,0.0,0.35714285714285715,0.5683333333333334,0.29,score_free_cancellation
528929,2,1,6,1,0.5,0.16666666666666666,0.6666666666666667,Middle-age,Medium Spenders,0.0,0.5,1.0,0.25,0.5,1.0,0.10764262648008613,0.16666666666666666,0.03333333333333333,0.07534983853606028,0.33333333333333337,0.6666666666666667,0.17333333333333334,0.185,score_exclusive_discount
528930,3,1,5,1,0.3333333333333333,0.2,0.5666666666666667,Middle-age,Low Spenders,0.0,0.5,2.0,0.25,1.0,1.0,0.1447178002894356,0.16666666666666666,0.06666666666666667,0.10130246020260492,0.33333333333333337,0.5666666666666667,0.3466666666666667,0.19499999999999998,score_exclusive_discount
528936,0,0,8,0,0.0,0.0,0.5,0,0,0.0,0.0,0.0,0.0,0.0,0.0,0.0,0.0,0.0,0.0,0.0,0.5,0.0,0.0,score_exclusive_discount
528942,1,0,7,6,0.0,0.8571428571428571,0.07142857142857145,Middle-age,Medium Spenders,0.0,0.5,1.67,0.75,1.0,1.0,0.13333333333333333,0.16666666666666666,0.05566666666666666,0.09333333333333332,0.33333333333333337,0.07142857142857145,0.33896666666666664,0.5417,score_free_night_flight
528953,5,4,3,1,0.8,0.3333333333333333,0.7333333333333334,Middle-age,Champions,0.2,0.0,10.0,0.625,1.0,0.8,0.1145475372279496,0.0,0.3333333333333333,0.08018327605956471,0.16000000000000003,0.7333333333333334,0.5333333333333333,0.5375,score_exclusive_discount
528965,1,0,7,2,0.0,0.2857142857142857,0.35714285714285715,Middle-age,High Spenders,0.0,0.0,13.5,0.25,1.0,0.5,0.1026694045174538,0.0,0.45,0.07186858316221766,0.1,0.35714285714285715,0.615,0.31,score_free_meal
528967,5,1,3,2,0.2,0.6666666666666666,0.2666666666666667,Youth,High Spenders,0.0,1.0,2.33,0.375,1.0,0.6666666666666666,0.11210762331838565,0.3333333333333333,0.07766666666666668,0.07847533632286996,0.4,0.2666666666666667,0.35436666666666666,0.28579999999999994,score_free_checkedbag
528995,1,0,7,3,0.0,0.42857142857142855,0.2857142857142857,Middle-age,High Spenders,0.0,0.33,3.67,0.375,1.0,1.0,0.13315579227696406,0.11,0.12233333333333334,0.09320905459387484,0.28800000000000003,0.2857142857142857,0.38563333333333333,0.29919999999999997,score_free_meal
528999,2,1,6,2,0.5,0.3333333333333333,0.5833333333333334,Middle-age,High Spenders,0.0,0.67,2.33,0.375,0.6666666666666666,1.0,0.11976047904191617,0.22333333333333336,0.07766666666666668,0.08383233532934131,0.3786666666666667,0.5833333333333334,0.25436666666666663,0.28579999999999994,score_exclusive_discount
529019,4,1,4,4,0.25,1.0,0.125,Middle-age,Champions,0.0,0.9,3.4,0.625,0.6,1.0,0.014384349827387804,0.3,0.11333333333333333,0.010069044879171462,0.44,0.125,0.2593333333333333,0.4715,score_free_night_flight
529023,3,0,6,2,0.0,0.3333333333333333,0.33333333333333337,Middle-age,High Spenders,0.0,0.5,2.5,0.2222222222222222,1.0,1.0,0.14577259475218657,0.16666666666666666,0.08333333333333333,0.10204081632653059,0.33333333333333337,0.33333333333333337,0.35833333333333334,0.18055555555555552,score_free_meal
529048,1,0,8,1,0.0,0.125,0.4375,Elderly,Low Spenders,0.0,0.0,2.0,0.1111111111111111,1.0,1.0,0.10559662090813093,0.0,0.06666666666666667,0.07391763463569165,0.2,0.4375,0.3466666666666667,0.09777777777777777,score_exclusive_discount
529050,2,0,6,2,0.0,0.3333333333333333,0.33333333333333337,Middle-age,Medium Spenders,0.0,1.0,4.0,0.25,1.0,1.0,0.10298661174047373,0.3333333333333333,0.13333333333333333,0.0720906282183316,0.4666666666666667,0.33333333333333337,0.3933333333333333,0.215,score_free_checkedbag
529082,3,0,5,1,0.0,0.2,0.4,Middle-age,Low Spenders,0.0,0.0,3.0,0.125,1.0,1.0,0.15360983102918588,0.0,0.1,0.10752688172043011,0.2,0.4,0.37,0.1175,score_exclusive_discount
529205,3,2,5,4,0.6666666666666666,0.8,0.4333333333333333,Middle-age,Medium Spenders,0.17,1.0,2.25,0.75,1.0,1.0,0.11013215859030837,0.3333333333333333,0.075,0.07709251101321585,0.4666666666666667,0.4333333333333333,0.3525,0.5474999999999999,score_free_night_flight
529214,2,0,6,2,0.0,0.3333333333333333,0.33333333333333337,Elderly,Low Spenders,0.0,1.0,1.5,0.25,1.0,1.0,0.1145475372279496,0.3333333333333333,0.05,0.08018327605956471,0.4666666666666667,0.33333333333333337,0.33499999999999996,0.19,score_free_checkedbag
529216,3,0,5,1,0.0,0.2,0.4,Youth,Low Spenders,0.0,0.0,12.0,0.125,1.0,0.0,1.0,0.0,0.4,0.7,0.0,0.4,0.58,0.2075,score_free_cancellation
529224,0,0,8,7,0.0,0.875,0.5,Middle-age,Champions,0.0,0.83,2.14,0.875,0.7142857142857143,0.8571428571428571,0.1278772378516624,0.27666666666666667,0.07133333333333333,0.08951406649616368,0.39276190476190476,0.5,0.2642190476190476,0.6338999999999999,score_free_night_flight
529229,1,0,8,2,0.0,0.25,0.375,Middle-age,Champions,0.0,0.0,5.0,0.2222222222222222,1.0,1.0,0.11337868480725623,0.0,0.16666666666666666,0.07936507936507936,0.2,0.375,0.41666666666666663,0.20555555555555552,score_free_meal
529231,1,1,8,1,1.0,0.125,0.9375,Youth,High Spenders,0.0,1.0,17.0,0.2222222222222222,1.0,0.5,0.11441647597254004,0.3333333333333333,0.5666666666666667,0.08009153318077802,0.3666666666666667,0.9375,0.6966666666666665,0.3255555555555555,score_exclusive_discount
529237,1,0,7,2,0.0,0.2857142857142857,0.35714285714285715,Middle-age,Medium Spenders,0.0,1.0,5.5,0.25,1.0,0.5,0.17699115044247787,0.3333333333333333,0.18333333333333332,0.1238938053097345,0.3666666666666667,0.35714285714285715,0.42833333333333334,0.22999999999999998,score_free_meal
529249,2,1,6,2,0.5,0.3333333333333333,0.5833333333333334,Middle-age,Medium Spenders,0.0,0.33,1.33,0.375,0.6666666666666666,1.0,0.13280212483399734,0.11,0.044333333333333336,0.09296148738379813,0.28800000000000003,0.5833333333333334,0.2310333333333333,0.27579999999999993,score_exclusive_discount
529284,0,0,8,0,0.0,0.0,0.5,0,0,0.0,0.0,0.0,0.0,0.0,0.0,0.0,0.0,0.0,0.0,0.0,0.5,0.0,0.0,score_exclusive_discount
529309,2,1,6,4,0.5,0.6666666666666666,0.4166666666666667,Middle-age,Champions,0.0,0.5,3.2,0.625,1.0,0.8,0.1016260162601626,0.16666666666666666,0.10666666666666667,0.07113821138211382,0.29333333333333333,0.4166666666666667,0.37466666666666665,0.46950000000000003,score_free_night_flight
529332,2,0,7,3,0.0,0.42857142857142855,0.2857142857142857,Middle-age,High Spenders,0.0,0.33,3.33,0.3333333333333333,1.0,1.0,0.11123470522803114,0.11,0.111,0.07786429365962179,0.28800000000000003,0.2857142857142857,0.3777,0.2666333333333333,score_free_meal
529338,1,1,7,4,1.0,0.5714285714285714,0.7142857142857143,Middle-age,Champions,0.0,0.4,1.4,0.625,1.0,1.0,0.10741138560687433,0.13333333333333333,0.04666666666666666,0.07518796992481203,0.3066666666666667,0.7142857142857143,0.33266666666666667,0.4515,score_exclusive_discount
529362,2,2,7,4,1.0,0.5714285714285714,0.7142857142857143,Middle-age,Medium Spenders,0.17,0.0,1.75,0.6666666666666666,0.8333333333333334,1.0,0.14285714285714285,0.0,0.058333333333333334,0.09999999999999999,0.2,0.7142857142857143,0.29083333333333333,0.48416666666666663,score_exclusive_discount
529406,4,0,5,4,0.0,0.8,0.09999999999999998,Middle-age,Medium Spenders,0.0,0.75,2.75,0.4444444444444444,1.0,1.0,0.11961722488038279,0.25,0.09166666666666666,0.08373205741626795,0.4,0.09999999999999998,0.36416666666666664,0.3386111111111111,score_free_checkedbag
529420,1,0,8,0,0.0,0.0,0.5,0,0,0.0,0.0,0.0,0.0,0.0,0.0,0.0,0.0,0.0,0.0,0.0,0.5,0.0,0.0,score_exclusive_discount
529421,1,0,7,5,0.0,0.7142857142857143,0.14285714285714285,Middle-age,Champions,0.0,0.0,3.0,0.625,1.0,0.8,0.10298661174047373,0.0,0.1,0.0720906282183316,0.16000000000000003,0.14285714285714285,0.37,0.4675,score_free_night_flight
529422,2,0,6,2,0.0,0.3333333333333333,0.33333333333333337,Middle-age,Medium Spenders,0.0,0.67,1.5,0.25,0.5,1.0,0.08460236886632826,0.22333333333333336,0.05,0.05922165820642977,0.3786666666666667,0.33333333333333337,0.185,0.19,score_free_checkedbag
529424,2,2,7,1,1.0,0.14285714285714285,0.9285714285714286,Middle-age,Medium Spenders,0.0,0.33,3.0,0.3333333333333333,0.6666666666666666,1.0,0.11273957158962794,0.11,0.1,0.07891770011273955,0.28800000000000003,0.9285714285714286,0.26999999999999996,0.2633333333333333,score_exclusive_discount
529428,3,1,5,1,0.3333333333333333,0.2,0.5666666666666667,Middle-age,At Risk,0.0,1.0,4.0,0.25,1.0,0.5,0.15503875968992248,0.3333333333333333,0.13333333333333333,0.10852713178294573,0.3666666666666667,0.5666666666666667,0.3933333333333333,0.215,score_exclusive_discount
529436,2,1,6,5,0.5,0.8333333333333334,0.3333333333333333,Middle-age,Champions,0.0,0.1,1.33,0.75,0.6666666666666666,0.8333333333333334,0.020968756552736424,0.03333333333333333,0.044333333333333336,0.014678129586915495,0.19333333333333336,0.3333333333333333,0.2310333333333333,0.5382999999999999,score_free_night_flight
529488,3,1,6,1,0.3333333333333333,0.16666666666666666,0.5833333333333334,Middle-age,Champions,0.0,0.25,1.0,0.2222222222222222,0.5,1.0,0.006261348694508797,0.08333333333333333,0.03333333333333333,0.0043829440861561575,0.26666666666666666,0.5833333333333334,0.17333333333333334,0.16555555555555554,score_exclusive_discount
529501,4,2,4,2,0.5,0.5,0.5,Middle-age,Medium Spenders,0.0,0.75,2.75,0.5,1.0,1.0,0.11467889908256883,0.25,0.09166666666666666,0.08027522935779817,0.4,0.5,0.36416666666666664,0.37749999999999995,score_exclusive_discount
529502,4,2,4,1,0.5,0.25,0.625,Middle-age,High Spenders,0.0,0.33,2.0,0.375,1.0,1.0,0.10905125408942203,0.11,0.06666666666666667,0.07633587786259541,0.28800000000000003,0.625,0.3466666666666667,0.2825,score_exclusive_discount
529510,2,0,6,2,0.0,0.3333333333333333,0.33333333333333337,Middle-age,Low Spenders,0.0,0.5,1.0,0.25,0.5,1.0,0.11441647597254004,0.16666666666666666,0.03333333333333333,0.08009153318077802,0.33333333333333337,0.33333333333333337,0.17333333333333334,0.185,score_free_checkedbag
529513,2,1,6,4,0.5,0.6666666666666666,0.4166666666666667,Middle-age,Champions,0.0,0.33,4.0,0.625,0.8,0.6,0.09727626459143969,0.11,0.13333333333333333,0.06809338521400778,0.20800000000000002,0.4166666666666667,0.3333333333333333,0.4775,score_free_night_flight
529520,1,1,7,0,1.0,0.0,1.0,Youth,Medium Spenders,0.0,0.0,1.0,0.125,1.0,1.0,0.09578544061302682,0.0,0.03333333333333333,0.06704980842911877,0.2,1.0,0.3233333333333333,0.09749999999999999,score_exclusive_discount
529566,3,1,6,0,0.3333333333333333,0.0,0.6666666666666666,Middle-age,Medium Spenders,0.0,0.0,4.0,0.1111111111111111,1.0,1.0,0.11481056257175659,0.0,0.13333333333333333,0.08036739380022961,0.2,0.6666666666666666,0.3933333333333333,0.11777777777777776,score_exclusive_discount
529602,2,1,6,3,0.5,0.5,0.5,Middle-age,High Spenders,0.25,0.0,6.5,0.5,0.75,1.0,0.08976660682226212,0.0,0.21666666666666667,0.06283662477558348,0.2,0.5,0.37666666666666665,0.415,score_exclusive_discount
529677,4,0,4,1,0.0,0.25,0.375,Youth,Low Spenders,0.0,0.0,10.0,0.125,1.0,0.0,1.0,0.0,0.3333333333333333,0.7,0.0,0.375,0.5333333333333333,0.1875,score_free_cancellation
529678,3,2,6,1,0.6666666666666666,0.16666666666666666,0.75,Middle-age,Champions,0.0,0.67,2.0,0.3333333333333333,1.0,1.0,0.1342281879194631,0.22333333333333336,0.06666666666666667,0.09395973154362415,0.3786666666666667,0.75,0.3466666666666667,0.2533333333333333,score_exclusive_discount
529689,4,2,5,2,0.5,0.4,0.55,Middle-age,Champions,0.0,0.33,9.25,0.4444444444444444,0.75,0.75,0.12738853503184713,0.11,0.30833333333333335,0.08917197452229299,0.23800000000000004,0.55,0.4408333333333333,0.40361111111111103,score_exclusive_discount
529695,0,0,9,5,0.0,0.5555555555555556,0.5,Middle-age,Champions,0.0,0.4,2.2,0.5555555555555556,0.8,1.0,0.11737089201877934,0.13333333333333333,0.07333333333333333,0.08215962441314553,0.3066666666666667,0.5,0.29133333333333333,0.4108888888888889,score_exclusive_discount
529704,3,2,6,1,0.6666666666666666,0.16666666666666666,0.75,Elderly,Low Spenders,0.33,0.0,6.0,0.3333333333333333,0.6666666666666666,0.6666666666666666,1.0,0.0,0.2,0.7,0.13333333333333333,0.75,0.33999999999999997,0.29333333333333333,score_exclusive_discount
529734,2,1,6,4,0.5,0.6666666666666666,0.4166666666666667,Middle-age,Champions,0.0,0.88,2.4,0.625,1.0,0.8,0.12121212121212122,0.29333333333333333,0.08,0.08484848484848484,0.3946666666666667,0.4166666666666667,0.356,0.4615,score_free_night_flight
529737,0,0,8,0,0.0,0.0,0.5,0,0,0.0,0.0,0.0,0.0,0.0,0.0,0.0,0.0,0.0,0.0,0.0,0.5,0.0,0.0,score_exclusive_discount
529768,2,1,6,3,0.5,0.5,0.5,Middle-age,Medium Spenders,0.0,0.25,1.75,0.5,0.75,1.0,0.12180267965895249,0.08333333333333333,0.058333333333333334,0.08526187576126673,0.26666666666666666,0.5,0.2658333333333333,0.3675,score_exclusive_discount
529781,2,1,6,2,0.5,0.3333333333333333,0.5833333333333334,Middle-age,Low Spenders,0.0,1.0,3.67,0.375,1.0,0.3333333333333333,0.08532423208191126,0.3333333333333333,0.12233333333333334,0.05972696245733788,0.3333333333333333,0.5833333333333334,0.38563333333333333,0.29919999999999997,score_exclusive_discount
529783,3,1,6,1,0.3333333333333333,0.16666666666666666,0.5833333333333334,Youth,Champions,0.0,0.0,4.5,0.2222222222222222,1.0,0.0,1.0,0.0,0.15,0.7,0.0,0.5833333333333334,0.40499999999999997,0.20055555555555554,score_free_cancellation
529787,1,1,7,3,1.0,0.42857142857142855,0.7857142857142857,Middle-age,Low Spenders,0.0,0.75,1.5,0.5,0.75,1.0,0.1358695652173913,0.25,0.05,0.0951086956521739,0.4,0.7857142857142857,0.25999999999999995,0.365,score_exclusive_discount
529801,2,0,6,5,0.0,0.8333333333333334,0.08333333333333331,Middle-age,High Spenders,0.0,0.75,4.4,0.625,0.8,0.8,0.075642965204236,0.25,0.14666666666666667,0.052950075642965194,0.36000000000000004,0.08333333333333331,0.3426666666666667,0.4815,score_free_night_flight
529831,1,0,7,5,0.0,0.7142857142857143,0.14285714285714285,Middle-age,Champions,0.0,0.5,4.8,0.625,0.8,0.8,0.12391573729863692,0.16666666666666666,0.16,0.08674101610904583,0.29333333333333333,0.14285714285714285,0.352,0.4855,score_free_night_flight
529840,1,0,7,1,0.0,0.14285714285714285,0.4285714285714286,Middle-age,At Risk,0.0,1.0,0.0,0.125,0.0,1.0,0.09259259259259259,0.3333333333333333,0.0,0.06481481481481481,0.4666666666666667,0.4285714285714286,0.0,0.0875,score_free_checkedbag
529845,3,0,7,2,0.0,0.2857142857142857,0.35714285714285715,Middle-age,Low Spenders,0.0,0.0,4.0,0.2,1.0,1.0,0.1392757660167131,0.0,0.13333333333333333,0.09749303621169916,0.2,0.35714285714285715,0.3933333333333333,0.18,score_free_meal
529857,3,1,6,0,0.3333333333333333,0.0,0.6666666666666666,Elderly,Champions,0.0,0.0,24.0,0.1111111111111111,1.0,0.0,1.0,0.0,0.8,0.7,0.0,0.6666666666666666,0.8599999999999999,0.31777777777777777,score_free_meal
529879,0,0,8,4,0.0,0.5,0.5,Middle-age,Medium Spenders,0.0,0.75,2.75,0.5,1.0,1.0,0.09416195856873824,0.25,0.09166666666666666,0.06591337099811677,0.4,0.5,0.36416666666666664,0.37749999999999995,score_exclusive_discount
529887,4,0,4,1,0.0,0.25,0.375,Middle-age,At Risk,0.0,1.0,1.0,0.125,1.0,1.0,0.1349527665317139,0.3333333333333333,0.03333333333333333,0.09446693657219972,0.4666666666666667,0.375,0.3233333333333333,0.09749999999999999,score_free_checkedbag
529913,1,0,7,0,0.0,0.0,0.5,0,0,0.0,0.0,0.0,0.0,0.0,0.0,0.0,0.0,0.0,0.0,0.0,0.5,0.0,0.0,score_exclusive_discount
529940,3,0,6,3,0.0,0.5,0.25,Elderly,Low Spenders,0.0,1.0,1.67,0.3333333333333333,0.6666666666666666,0.6666666666666666,0.11806375442739081,0.3333333333333333,0.05566666666666666,0.08264462809917356,0.4,0.25,0.23896666666666666,0.25003333333333333,score_free_checkedbag
529972,4,2,4,1,0.5,0.25,0.625,Middle-age,Champions,0.0,0.67,11.67,0.375,1.0,0.6666666666666666,0.1592356687898089,0.22333333333333336,0.389,0.11146496815286623,0.31200000000000006,0.625,0.5723,0.3792,score_exclusive_discount
530004,2,1,6,1,0.5,0.16666666666666666,0.6666666666666667,Middle-age,Medium Spenders,0.0,0.5,3.0,0.25,0.5,1.0,0.13245033112582782,0.16666666666666666,0.1,0.09271523178807947,0.33333333333333337,0.6666666666666667,0.21999999999999997,0.205,score_exclusive_discount
530039,2,0,6,4,0.0,0.6666666666666666,0.16666666666666669,Middle-age,Champions,0.0,0.5,2.0,0.5,0.75,1.0,0.11655011655011654,0.16666666666666666,0.06666666666666667,0.08158508158508157,0.33333333333333337,0.16666666666666669,0.2716666666666666,0.37,score_free_night_flight
530090,3,1,6,2,0.3333333333333333,0.3333333333333333,0.5,Middle-age,Medium Spenders,0.0,0.67,1.67,0.3333333333333333,1.0,1.0,0.11098779134295228,0.22333333333333336,0.05566666666666666,0.07769145394006659,0.3786666666666667,0.5,0.33896666666666664,0.25003333333333333,score_exclusive_discount
530118,1,1,7,4,1.0,0.5714285714285714,0.7142857142857143,Middle-age,Medium Spenders,0.0,1.0,1.4,0.625,1.0,1.0,0.1092896174863388,0.3333333333333333,0.04666666666666666,0.07650273224043715,0.4666666666666667,0.7142857142857143,0.33266666666666667,0.4515,score_exclusive_discount
530188,1,0,8,4,0.0,0.5,0.25,Middle-age,Champions,0.0,0.75,3.75,0.4444444444444444,1.0,1.0,0.12690355329949238,0.25,0.125,0.08883248730964466,0.4,0.25,0.38749999999999996,0.34861111111111104,score_free_checkedbag
530196,3,2,5,2,0.6666666666666666,0.4,0.6333333333333333,Youth,High Spenders,0.25,0.0,3.5,0.5,1.0,0.5,1.0,0.0,0.11666666666666667,0.7,0.1,0.6333333333333333,0.38166666666666665,0.38499999999999995,score_free_cancellation
530199,3,1,5,3,0.3333333333333333,0.6,0.3666666666666667,Middle-age,High Spenders,0.25,0.5,8.5,0.5,1.0,0.5,0.12903225806451613,0.16666666666666666,0.2833333333333333,0.09032258064516129,0.23333333333333334,0.3666666666666667,0.4983333333333333,0.43499999999999994,score_free_meal
530213,1,0,8,3,0.0,0.375,0.3125,Middle-age,Low Spenders,0.0,0.67,2.33,0.3333333333333333,1.0,1.0,0.10152284263959391,0.22333333333333336,0.07766666666666668,0.07106598984771573,0.3786666666666667,0.3125,0.35436666666666666,0.2566333333333333,score_free_checkedbag
530223,1,1,7,2,1.0,0.2857142857142857,0.8571428571428572,Middle-age,Medium Spenders,0.0,0.5,2.0,0.375,1.0,0.6666666666666666,0.11248593925759279,0.16666666666666666,0.06666666666666667,0.07874015748031495,0.26666666666666666,0.8571428571428572,0.3466666666666667,0.2825,score_exclusive_discount
530240,1,1,7,1,1.0,0.14285714285714285,0.9285714285714286,Middle-age,High Spenders,0.0,0.75,3.5,0.25,1.0,1.0,0.1278772378516624,0.25,0.11666666666666667,0.08951406649616368,0.4,0.9285714285714286,0.38166666666666665,0.21,score_exclusive_discount
530277,1,0,7,5,0.0,0.7142857142857143,0.14285714285714285,Middle-age,Champions,0.0,0.6,4.0,0.625,1.0,1.0,0.1383125864453665,0.19999999999999998,0.13333333333333333,0.09681881051175655,0.36,0.14285714285714285,0.3933333333333333,0.4775,score_free_night_flight
530278,4,1,4,3,0.25,0.75,0.25,Middle-age,High Spenders,0.0,0.25,0.75,0.5,0.75,1.0,0.1402524544179523,0.08333333333333333,0.025,0.09817671809256662,0.26666666666666666,0.25,0.24249999999999997,0.3575,score_free_night_flight
530282,2,0,6,5,0.0,0.8333333333333334,0.08333333333333331,Middle-age,Medium Spenders,0.0,0.25,3.0,0.625,0.8,0.8,0.1072961373390558,0.08333333333333333,0.1,0.07510729613733905,0.22666666666666668,0.08333333333333331,0.31,0.4675,score_free_night_flight
530298,5,2,4,1,0.4,0.25,0.575,Middle-age,Medium Spenders,0.0,0.0,3.0,0.3333333333333333,1.0,0.6666666666666666,0.13297872340425532,0.0,0.1,0.09308510638297872,0.13333333333333333,0.575,0.37,0.2633333333333333,score_exclusive_discount
530315,3,1,6,1,0.3333333333333333,0.16666666666666666,0.5833333333333334,Middle-age,Low Spenders,0.0,0.5,2.5,0.2222222222222222,1.0,1.0,0.08802816901408451,0.16666666666666666,0.08333333333333333,0.061619718309859156,0.33333333333333337,0.5833333333333334,0.35833333333333334,0.18055555555555552,score_exclusive_discount
530322,0,0,8,2,0.0,0.25,0.5,Middle-age,Medium Spenders,0.0,1.5,2.0,0.25,1.0,1.0,0.1360544217687075,0.5,0.06666666666666667,0.09523809523809525,0.6000000000000001,0.5,0.3466666666666667,0.19499999999999998,score_free_checkedbag
530329,4,1,6,0,0.25,0.0,0.625,Middle-age,At Risk,0.0,1.0,0.0,0.1,0.0,1.0,0.11641443538998836,0.3333333333333333,0.0,0.08149010477299184,0.4666666666666667,0.625,0.0,0.06999999999999999,score_exclusive_discount
530365,3,1,5,1,0.3333333333333333,0.2,0.5666666666666667,Middle-age,Low Spenders,0.0,0.5,3.0,0.25,1.0,1.0,0.1610305958132045,0.16666666666666666,0.1,0.11272141706924314,0.33333333333333337,0.5666666666666667,0.37,0.205,score_exclusive_discount
530371,2,0,6,3,0.0,0.5,0.25,Middle-age,Medium Spenders,0.0,0.0,2.0,0.375,1.0,0.3333333333333333,0.13262599469496023,0.0,0.06666666666666667,0.09283819628647215,0.06666666666666667,0.25,0.3466666666666667,0.2825,score_free_meal
530374,4,1,5,1,0.25,0.2,0.525,Middle-age,Low Spenders,0.0,0.5,3.5,0.2222222222222222,1.0,1.0,0.09569377990430622,0.16666666666666666,0.11666666666666667,0.06698564593301434,0.33333333333333337,0.525,0.38166666666666665,0.19055555555555553,score_exclusive_discount
530379,1,0,9,1,0.0,0.1111111111111111,0.4444444444444444,Middle-age,At Risk,0.0,0.0,1.0,0.1,1.0,1.0,0.08658008658008658,0.0,0.03333333333333333,0.0606060606060606,0.2,0.4444444444444444,0.3233333333333333,0.07999999999999999,score_exclusive_discount
530383,2,0,6,3,0.0,0.5,0.25,Middle-age,Low Spenders,0.0,0.67,1.67,0.375,0.6666666666666666,1.0,0.1447178002894356,0.22333333333333336,0.05566666666666666,0.10130246020260492,0.3786666666666667,0.25,0.23896666666666666,0.27919999999999995,score_free_checkedbag
530385,3,1,5,2,0.3333333333333333,0.4,0.4666666666666667,Middle-age,Low Spenders,0.0,0.33,2.0,0.375,1.0,1.0,0.10010010010010009,0.11,0.06666666666666667,0.07007007007007006,0.28800000000000003,0.4666666666666667,0.3466666666666667,0.2825,score_exclusive_discount
530421,2,1,7,3,0.5,0.42857142857142855,0.5357142857142857,Middle-age,High Spenders,0.0,0.12,3.5,0.4444444444444444,1.0,1.0,0.10593220338983052,0.04,0.11666666666666667,0.07415254237288135,0.232,0.5357142857142857,0.38166666666666665,0.34611111111111104,score_exclusive_discount
530427,2,2,6,1,1.0,0.16666666666666666,0.9166666666666667,Middle-age,Medium Spenders,0.0,1.0,3.0,0.375,1.0,0.6666666666666666,0.13175230566534915,0.3333333333333333,0.1,0.0922266139657444,0.4,0.9166666666666667,0.37,0.2925,score_exclusive_discount
530453,3,0,6,0,0.0,0.0,0.5,0,0,0.0,0.0,0.0,0.0,0.0,0.0,0.0,0.0,0.0,0.0,0.0,0.5,0.0,0.0,score_exclusive_discount
530463,4,3,4,3,0.75,0.75,0.5,Middle-age,Champions,0.0,0.17,1.67,0.75,0.8333333333333334,1.0,0.11428571428571428,0.05666666666666667,0.05566666666666666,0.07999999999999999,0.24533333333333335,0.5,0.28896666666666665,0.5417,score_free_night_flight
530468,1,0,7,4,0.0,0.5714285714285714,0.2142857142857143,Middle-age,Champions,0.0,0.25,1.75,0.5,1.0,1.0,0.13513513513513511,0.08333333333333333,0.058333333333333334,0.09459459459459457,0.26666666666666666,0.2142857142857143,0.3408333333333333,0.3675,score_free_night_flight
530514,6,4,3,1,0.6666666666666666,0.3333333333333333,0.6666666666666666,Middle-age,Low Spenders,0.2,1.0,1.67,0.5555555555555556,1.0,0.6,0.1838235294117647,0.3333333333333333,0.05566666666666666,0.12867647058823528,0.38666666666666666,0.6666666666666666,0.33896666666666664,0.4055888888888889,score_exclusive_discount
530543,2,2,6,3,1.0,0.5,0.75,Middle-age,Champions,0.0,0.8,2.2,0.625,0.8,1.0,0.11061946902654868,0.26666666666666666,0.07333333333333333,0.07743362831858407,0.41333333333333333,0.75,0.29133333333333333,0.4595,score_exclusive_discount
530563,4,2,4,2,0.5,0.5,0.5,Middle-age,Champions,0.0,0.62,3.0,0.5,1.0,1.0,0.0949667616334283,0.20666666666666667,0.1,0.06647673314339982,0.36533333333333334,0.5,0.37,0.38,score_exclusive_discount
530579,3,1,6,3,0.3333333333333333,0.5,0.41666666666666663,Middle-age,Champions,0.0,0.12,1.75,0.4444444444444444,1.0,1.0,0.14326647564469913,0.04,0.058333333333333334,0.10028653295128939,0.232,0.41666666666666663,0.3408333333333333,0.3286111111111111,score_exclusive_discount
530581,2,0,6,1,0.0,0.16666666666666666,0.4166666666666667,Youth,Low Spenders,0.0,0.0,10.0,0.125,1.0,0.0,1.0,0.0,0.3333333333333333,0.7,0.0,0.4166666666666667,0.5333333333333333,0.1875,score_free_cancellation
530585,2,0,6,4,0.0,0.6666666666666666,0.16666666666666669,Middle-age,Low Spenders,0.0,0.67,2.5,0.5,1.0,0.75,0.07974481658692185,0.22333333333333336,0.08333333333333333,0.05582137161084529,0.3286666666666667,0.16666666666666669,0.35833333333333334,0.375,score_free_night_flight
530592,1,1,7,3,1.0,0.42857142857142855,0.7857142857142857,Youth,Champions,0.0,0.75,4.25,0.5,1.0,0.5,0.1203369434416366,0.25,0.14166666666666666,0.08423586040914562,0.30000000000000004,0.7857142857142857,0.39916666666666667,0.39249999999999996,score_exclusive_discount
530599,2,0,6,1,0.0,0.16666666666666666,0.4166666666666667,Youth,Low Spenders,0.0,0.0,8.0,0.125,1.0,0.0,1.0,0.0,0.26666666666666666,0.7,0.0,0.4166666666666667,0.48666666666666664,0.16749999999999998,score_free_cancellation
530607,0,0,8,2,0.0,0.25,0.5,Middle-age,Low Spenders,0.0,0.5,2.5,0.25,1.0,1.0,0.11904761904761904,0.16666666666666666,0.08333333333333333,0.08333333333333333,0.33333333333333337,0.5,0.35833333333333334,0.19999999999999998,score_exclusive_discount
530625,3,0,5,2,0.0,0.4,0.3,Middle-age,Medium Spenders,0.0,0.5,4.5,0.25,1.0,1.0,0.12106537530266344,0.16666666666666666,0.15,0.0847457627118644,0.33333333333333337,0.3,0.40499999999999997,0.21999999999999997,score_free_meal
530627,4,1,4,2,0.25,0.5,0.375,Middle-age,Medium Spenders,0.0,0.67,1.67,0.375,0.6666666666666666,1.0,0.11286681715575622,0.22333333333333336,0.05566666666666666,0.07900677200902935,0.3786666666666667,0.375,0.23896666666666666,0.27919999999999995,score_free_checkedbag
530633,3,0,5,0,0.0,0.0,0.5,0,0,0.0,0.0,0.0,0.0,0.0,0.0,0.0,0.0,0.0,0.0,0.0,0.5,0.0,0.0,score_exclusive_discount
530645,1,1,7,5,1.0,0.7142857142857143,0.6428571428571428,Middle-age,High Spenders,0.0,0.11,1.33,0.75,1.0,1.0,0.1149425287356322,0.03666666666666667,0.044333333333333336,0.08045977011494253,0.22933333333333333,0.6428571428571428,0.33103333333333335,0.5382999999999999,score_exclusive_discount
530649,4,2,5,2,0.5,0.4,0.55,Middle-age,Champions,0.0,0.67,4.0,0.4444444444444444,1.0,0.75,0.10416666666666667,0.22333333333333336,0.13333333333333333,0.07291666666666667,0.3286666666666667,0.55,0.3933333333333333,0.35111111111111104,score_exclusive_discount
530656,3,0,5,2,0.0,0.4,0.3,Middle-age,Low Spenders,0.0,0.0,2.0,0.25,1.0,1.0,0.13245033112582782,0.0,0.06666666666666667,0.09271523178807947,0.2,0.3,0.3466666666666667,0.19499999999999998,score_free_meal
530665,1,0,7,3,0.0,0.42857142857142855,0.2857142857142857,Middle-age,Medium Spenders,0.0,0.67,4.0,0.375,1.0,1.0,0.11614401858304298,0.22333333333333336,0.13333333333333333,0.08130081300813008,0.3786666666666667,0.2857142857142857,0.3933333333333333,0.30249999999999994,score_free_meal
530666,2,0,6,2,0.0,0.3333333333333333,0.33333333333333337,Middle-age,Low Spenders,0.0,1.0,0.5,0.25,0.5,1.0,0.11778563015312131,0.3333333333333333,0.016666666666666666,0.08244994110718491,0.4666666666666667,0.33333333333333337,0.16166666666666665,0.18,score_free_checkedbag
530667,6,3,3,3,0.5,1.0,0.25,Middle-age,Champions,0.17,0.5,6.0,0.6666666666666666,0.8333333333333334,0.6666666666666666,0.0970873786407767,0.16666666666666666,0.2,0.06796116504854369,0.26666666666666666,0.25,0.39,0.5266666666666666,score_free_night_flight
530672,2,0,6,0,0.0,0.0,0.5,0,0,0.0,0.0,0.0,0.0,0.0,0.0,0.0,0.0,0.0,0.0,0.0,0.5,0.0,0.0,score_exclusive_discount
530673,3,0,5,0,0.0,0.0,0.5,0,0,0.0,0.0,0.0,0.0,0.0,0.0,0.0,0.0,0.0,0.0,0.0,0.5,0.0,0.0,score_exclusive_discount
530687,3,2,5,2,0.6666666666666666,0.4,0.6333333333333333,Middle-age,Champions,0.0,0.38,2.25,0.5,1.0,1.0,0.11668611435239207,0.12666666666666668,0.075,0.08168028004667444,0.30133333333333334,0.6333333333333333,0.3525,0.3725,score_exclusive_discount
530719,3,2,6,2,0.6666666666666666,0.3333333333333333,0.6666666666666666,Middle-age,Low Spenders,0.0,0.75,2.0,0.4444444444444444,1.0,1.0,0.12004801920768307,0.25,0.06666666666666667,0.08403361344537814,0.4,0.6666666666666666,0.3466666666666667,0.3311111111111111,score_exclusive_discount
530720,3,2,5,3,0.6666666666666666,0.6,0.5333333333333333,Middle-age,Medium Spenders,0.2,0.67,1.33,0.625,0.6,1.0,0.0975609756097561,0.22333333333333336,0.044333333333333336,0.06829268292682926,0.3786666666666667,0.5333333333333333,0.21103333333333332,0.4508,score_exclusive_discount
530724,2,2,8,5,1.0,0.625,0.6875,Middle-age,High Spenders,0.0,0.43,2.29,0.7,0.8571428571428571,1.0,0.1072961373390558,0.14333333333333334,0.07633333333333334,0.07510729613733905,0.3146666666666667,0.6875,0.31057619047619045,0.5128999999999999,score_exclusive_discount
530739,2,0,7,1,0.0,0.14285714285714285,0.4285714285714286,Youth,Low Spenders,0.0,1.0,7.0,0.1111111111111111,1.0,1.0,0.15037593984962405,0.3333333333333333,0.23333333333333334,0.10526315789473684,0.4666666666666667,0.4285714285714286,0.4633333333333333,0.14777777777777776,score_free_checkedbag
530743,2,1,6,2,0.5,0.3333333333333333,0.5833333333333334,Middle-age,Medium Spenders,0.0,0.83,1.0,0.375,0.6666666666666666,1.0,0.10604453870625663,0.27666666666666667,0.03333333333333333,0.07423117709437964,0.42133333333333334,0.5833333333333334,0.22333333333333333,0.27249999999999996,score_exclusive_discount
530754,2,1,7,4,0.5,0.5714285714285714,0.4642857142857143,Middle-age,Champions,0.0,0.75,3.6,0.5555555555555556,0.8,0.8,0.10857763300760043,0.25,0.12000000000000001,0.0760043431053203,0.36000000000000004,0.4642857142857143,0.324,0.42488888888888887,score_exclusive_discount
530773,3,1,5,2,0.3333333333333333,0.4,0.4666666666666667,Middle-age,Champions,0.0,0.67,4.33,0.375,0.6666666666666666,1.0,0.15015015015015015,0.22333333333333336,0.14433333333333334,0.1051051051051051,0.3786666666666667,0.4666666666666667,0.3010333333333333,0.30579999999999996,score_exclusive_discount
530775,2,1,6,2,0.5,0.3333333333333333,0.5833333333333334,Middle-age,Medium Spenders,0.0,1.0,2.0,0.375,0.6666666666666666,1.0,0.11299435028248588,0.3333333333333333,0.06666666666666667,0.0790960451977401,0.4666666666666667,0.5833333333333334,0.24666666666666665,0.2825,score_exclusive_discount
530797,3,0,5,2,0.0,0.4,0.3,Youth,Low Spenders,0.0,0.0,1.5,0.25,1.0,1.0,0.09165902841429881,0.0,0.05,0.06416131989000916,0.2,0.3,0.33499999999999996,0.19,score_free_meal
530801,1,1,7,2,1.0,0.2857142857142857,0.8571428571428572,Middle-age,Medium Spenders,0.0,1.0,2.0,0.375,1.0,0.6666666666666666,0.13661202185792348,0.3333333333333333,0.06666666666666667,0.09562841530054643,0.4,0.8571428571428572,0.3466666666666667,0.2825,score_exclusive_discount
530810,3,0,5,3,0.0,0.6,0.2,Middle-age,Medium Spenders,0.0,0.33,2.33,0.375,1.0,1.0,0.0999000999000999,0.11,0.07766666666666668,0.06993006993006992,0.28800000000000003,0.2,0.35436666666666666,0.28579999999999994,score_free_meal
530811,3,1,5,2,0.3333333333333333,0.4,0.4666666666666667,Youth,Champions,0.0,0.5,3.0,0.375,0.6666666666666666,0.3333333333333333,0.004430856484558465,0.16666666666666666,0.1,0.0031015995391909254,0.2,0.4666666666666667,0.26999999999999996,0.2925,score_exclusive_discount
530833,2,1,7,1,0.5,0.14285714285714285,0.6785714285714286,Middle-age,Low Spenders,0.0,1.0,6.0,0.2222222222222222,1.0,0.5,0.11820330969267138,0.3333333333333333,0.2,0.08274231678486997,0.3666666666666667,0.6785714285714286,0.43999999999999995,0.21555555555555553,score_exclusive_discount
530869,2,0,6,1,0.0,0.16666666666666666,0.4166666666666667,Middle-age,At Risk,0.0,0.0,3.0,0.125,1.0,0.0,1.0,0.0,0.1,0.7,0.0,0.4166666666666667,0.37,0.1175,score_free_cancellation
530873,1,0,7,0,0.0,0.0,0.5,0,0,0.0,0.0,0.0,0.0,0.0,0.0,0.0,0.0,0.0,0.0,0.0,0.5,0.0,0.0,score_exclusive_discount
530881,0,0,8,4,0.0,0.5,0.5,Middle-age,Medium Spenders,0.0,0.25,3.0,0.5,1.0,1.0,0.13333333333333333,0.08333333333333333,0.1,0.09333333333333332,0.26666666666666666,0.5,0.37,0.38,score_exclusive_discount
530906,3,1,5,0,0.3333333333333333,0.0,0.6666666666666666,Middle-age,Low Spenders,0.0,1.0,2.0,0.125,1.0,1.0,0.0946969696969697,0.3333333333333333,0.06666666666666667,0.06628787878787878,0.4666666666666667,0.6666666666666666,0.3466666666666667,0.1075,score_exclusive_discount
530949,2,0,6,2,0.0,0.3333333333333333,0.33333333333333337,Middle-age,Champions,0.0,0.5,7.0,0.25,1.0,1.0,0.11061946902654868,0.16666666666666666,0.23333333333333334,0.07743362831858407,0.33333333333333337,0.33333333333333337,0.4633333333333333,0.245,score_free_meal
530950,3,1,5,3,0.3333333333333333,0.6,0.3666666666666667,Middle-age,Champions,0.0,0.67,4.25,0.5,0.75,0.75,0.14556040756914118,0.22333333333333336,0.14166666666666666,0.10189228529839882,0.3286666666666667,0.3666666666666667,0.3241666666666666,0.39249999999999996,score_free_night_flight
530978,2,2,7,4,1.0,0.5714285714285714,0.7142857142857143,Middle-age,Champions,0.0,0.8,2.17,0.6666666666666666,1.0,0.8333333333333334,0.14245014245014245,0.26666666666666666,0.07233333333333333,0.09971509971509972,0.38,0.7142857142857143,0.3506333333333333,0.4883666666666666,score_exclusive_discount
531006,3,1,6,1,0.3333333333333333,0.16666666666666666,0.5833333333333334,Middle-age,Medium Spenders,0.0,0.0,5.5,0.2222222222222222,1.0,1.0,0.10121457489878542,0.0,0.18333333333333332,0.07085020242914979,0.2,0.5833333333333334,0.42833333333333334,0.21055555555555552,score_exclusive_discount
531009,0,0,8,5,0.0,0.625,0.5,Middle-age,Champions,0.0,0.5,5.6,0.625,1.0,0.8,0.13020833333333334,0.16666666666666666,0.18666666666666665,0.09114583333333333,0.29333333333333333,0.5,0.43066666666666664,0.4935,score_exclusive_discount
531016,2,2,6,4,1.0,0.6666666666666666,0.6666666666666667,Middle-age,Champions,0.0,0.5,4.5,0.75,1.0,0.6666666666666666,0.13054830287206265,0.16666666666666666,0.15,0.09138381201044385,0.26666666666666666,0.6666666666666667,0.40499999999999997,0.57,score_exclusive_discount
531020,2,1,6,4,0.5,0.6666666666666666,0.4166666666666667,Middle-age,High Spenders,0.0,0.6,1.2,0.625,1.0,1.0,0.09671179883945842,0.19999999999999998,0.04,0.06769825918762089,0.36,0.4166666666666667,0.32799999999999996,0.4495,score_free_night_flight
531027,2,0,7,3,0.0,0.42857142857142855,0.2857142857142857,Middle-age,Medium Spenders,0.0,1.0,1.33,0.3333333333333333,0.6666666666666666,1.0,0.1358695652173913,0.3333333333333333,0.044333333333333336,0.0951086956521739,0.4666666666666667,0.2857142857142857,0.2310333333333333,0.24663333333333332,score_free_checkedbag
531031,2,0,6,2,0.0,0.3333333333333333,0.33333333333333337,Elderly,Champions,0.0,0.5,6.0,0.25,1.0,0.5,0.003548112404200965,0.16666666666666666,0.2,0.0024836786829406754,0.23333333333333334,0.33333333333333337,0.43999999999999995,0.235,score_free_meal
531054,4,2,4,2,0.5,0.5,0.5,Middle-age,High Spenders,0.0,0.12,1.75,0.5,0.75,1.0,0.10810810810810811,0.04,0.058333333333333334,0.07567567567567568,0.232,0.5,0.2658333333333333,0.3675,score_exclusive_discount
531073,2,0,7,4,0.0,0.5714285714285714,0.2142857142857143,Middle-age,Medium Spenders,0.0,0.33,2.5,0.4444444444444444,0.75,0.75,0.1322751322751323,0.11,0.08333333333333333,0.0925925925925926,0.23800000000000004,0.2142857142857143,0.2833333333333333,0.3361111111111111,score_free_night_flight
531094,4,2,4,1,0.5,0.25,0.625,Middle-age,High Spenders,0.0,0.75,2.67,0.375,1.0,1.0,0.11737089201877934,0.25,0.089,0.08215962441314553,0.4,0.625,0.36229999999999996,0.28919999999999996,score_exclusive_discount
531109,4,2,4,2,0.5,0.5,0.5,Middle-age,Low Spenders,0.0,1.0,1.25,0.5,1.0,1.0,0.12004801920768307,0.3333333333333333,0.041666666666666664,0.08403361344537814,0.4666666666666667,0.5,0.32916666666666666,0.3625,score_exclusive_discount
531143,2,1,6,3,0.5,0.5,0.5,Middle-age,Champions,0.0,0.38,2.75,0.5,1.0,1.0,0.11049723756906077,0.12666666666666668,0.09166666666666666,0.07734806629834254,0.30133333333333334,0.5,0.36416666666666664,0.37749999999999995,score_exclusive_discount
531144,4,2,4,1,0.5,0.25,0.625,Middle-age,High Spenders,0.0,0.33,1.33,0.375,1.0,1.0,0.1364256480218281,0.11,0.044333333333333336,0.09549795361527967,0.28800000000000003,0.625,0.33103333333333335,0.27579999999999993,score_exclusive_discount
531158,2,1,6,4,0.5,0.6666666666666666,0.4166666666666667,Middle-age,Champions,0.0,0.7,1.6,0.625,1.0,1.0,0.10706638115631692,0.2333333333333333,0.05333333333333334,0.07494646680942184,0.38666666666666666,0.4166666666666667,0.3373333333333333,0.4535,score_free_night_flight
531198,3,0,6,2,0.0,0.3333333333333333,0.33333333333333337,Youth,Medium Spenders,0.0,0.0,6.0,0.2222222222222222,1.0,0.5,0.08703220191470844,0.0,0.2,0.0609225413402959,0.1,0.33333333333333337,0.43999999999999995,0.21555555555555553,score_free_meal
531204,2,1,6,2,0.5,0.3333333333333333,0.5833333333333334,Middle-age,High Spenders,0.0,0.5,5.0,0.375,1.0,0.6666666666666666,0.1278772378516624,0.16666666666666666,0.16666666666666666,0.08951406649616368,0.26666666666666666,0.5833333333333334,0.41666666666666663,0.31249999999999994,score_exclusive_discount
531217,5,1,3,3,0.2,1.0,0.09999999999999998,Middle-age,Medium Spenders,0.0,0.0,0.75,0.5,0.75,1.0,0.10010010010010009,0.0,0.025,0.07007007007007006,0.2,0.09999999999999998,0.24249999999999997,0.3575,score_free_night_flight
531253,1,1,7,4,1.0,0.5714285714285714,0.7142857142857143,Middle-age,Champions,0.0,0.81,3.6,0.625,1.0,0.8,0.13123359580052493,0.27,0.12000000000000001,0.09186351706036745,0.37600000000000006,0.7142857142857143,0.384,0.47350000000000003,score_exclusive_discount
531255,5,0,3,0,0.0,0.0,0.5,0,0,0.0,0.0,0.0,0.0,0.0,0.0,0.0,0.0,0.0,0.0,0.0,0.5,0.0,0.0,score_exclusive_discount
531322,2,2,7,2,1.0,0.2857142857142857,0.8571428571428572,Middle-age,High Spenders,0.0,0.33,2.0,0.4444444444444444,1.0,0.75,0.09250693802035152,0.11,0.06666666666666667,0.06475485661424606,0.23800000000000004,0.8571428571428572,0.3466666666666667,0.3311111111111111,score_exclusive_discount
531339,3,1,6,2,0.3333333333333333,0.3333333333333333,0.5,Middle-age,At Risk,0.33,1.0,0.0,0.3333333333333333,0.3333333333333333,1.0,0.09433962264150944,0.3333333333333333,0.0,0.0660377358490566,0.4666666666666667,0.5,0.09999999999999999,0.2333333333333333,score_exclusive_discount
531344,2,0,6,2,0.0,0.3333333333333333,0.33333333333333337,Middle-age,High Spenders,0.0,0.5,6.0,0.25,1.0,1.0,0.09803921568627452,0.16666666666666666,0.2,0.06862745098039216,0.33333333333333337,0.33333333333333337,0.43999999999999995,0.235,score_free_meal
531361,0,0,8,2,0.0,0.25,0.5,Middle-age,Champions,0.0,0.25,2.0,0.25,0.5,1.0,0.007645844483523206,0.08333333333333333,0.06666666666666667,0.0053520911384662435,0.26666666666666666,0.5,0.19666666666666666,0.19499999999999998,score_exclusive_discount
531373,0,0,9,3,0.0,0.3333333333333333,0.5,Middle-age,Medium Spenders,0.0,0.5,5.0,0.3333333333333333,1.0,0.6666666666666666,0.10905125408942203,0.16666666666666666,0.16666666666666666,0.07633587786259541,0.26666666666666666,0.5,0.41666666666666663,0.2833333333333333,score_exclusive_discount
531386,0,0,8,6,0.0,0.75,0.5,Middle-age,Champions,0.0,0.4,4.0,0.75,1.0,0.8333333333333334,0.1075268817204301,0.13333333333333333,0.13333333333333333,0.07526881720430106,0.2733333333333334,0.5,0.3933333333333333,0.565,score_free_night_flight
531427,2,1,6,4,0.5,0.6666666666666666,0.4166666666666667,Middle-age,Medium Spenders,0.2,0.33,2.0,0.625,1.0,1.0,0.12360939431396786,0.11,0.06666666666666667,0.08652657601977749,0.28800000000000003,0.4166666666666667,0.3466666666666667,0.4575,score_free_night_flight
531431,3,2,5,4,0.6666666666666666,0.8,0.4333333333333333,Middle-age,Champions,0.0,0.28,2.5,0.75,0.8333333333333334,1.0,0.09960159362549802,0.09333333333333334,0.08333333333333333,0.06972111553784861,0.27466666666666667,0.4333333333333333,0.30833333333333335,0.5499999999999999,score_free_night_flight
531447,2,1,6,4,0.5,0.6666666666666666,0.4166666666666667,Middle-age,Champions,0.0,0.2,2.0,0.625,0.8,1.0,0.10504201680672269,0.06666666666666667,0.06666666666666667,0.07352941176470588,0.25333333333333335,0.4166666666666667,0.2866666666666666,0.4575,score_free_night_flight
531456,3,1,5,1,0.3333333333333333,0.2,0.5666666666666667,Youth,Low Spenders,0.0,0.0,2.5,0.25,1.0,0.0,1.0,0.0,0.08333333333333333,0.7,0.0,0.5666666666666667,0.35833333333333334,0.19999999999999998,score_free_cancellation
531467,2,1,6,4,0.5,0.6666666666666666,0.4166666666666667,Middle-age,Champions,0.0,0.1,3.4,0.625,0.8,1.0,0.11001100110011001,0.03333333333333333,0.11333333333333333,0.077007700770077,0.22666666666666668,0.4166666666666667,0.3193333333333333,0.4715,score_free_night_flight
531471,2,0,7,4,0.0,0.5714285714285714,0.2142857142857143,Middle-age,High Spenders,0.0,1.08,2.0,0.4444444444444444,0.75,1.0,0.13020833333333334,0.36000000000000004,0.06666666666666667,0.09114583333333333,0.48800000000000004,0.2142857142857143,0.2716666666666666,0.3311111111111111,score_free_checkedbag
531475,4,0,5,0,0.0,0.0,0.5,0,0,0.0,0.0,0.0,0.0,0.0,0.0,0.0,0.0,0.0,0.0,0.0,0.5,0.0,0.0,score_exclusive_discount
531499,2,0,6,3,0.0,0.5,0.25,Middle-age,Champions,0.0,0.67,4.0,0.375,1.0,1.0,0.1314060446780552,0.22333333333333336,0.13333333333333333,0.09198423127463863,0.3786666666666667,0.25,0.3933333333333333,0.30249999999999994,score_free_meal
531500,0,0,8,1,0.0,0.125,0.5,Elderly,At Risk,0.0,0.0,9.0,0.125,1.0,0.0,1.0,0.0,0.3,0.7,0.0,0.5,0.51,0.1775,score_free_cancellation
531511,1,0,8,3,0.0,0.375,0.3125,Middle-age,Medium Spenders,0.0,0.67,3.0,0.3333333333333333,1.0,1.0,0.11325028312570781,0.22333333333333336,0.1,0.07927519818799546,0.3786666666666667,0.3125,0.37,0.2633333333333333,score_free_checkedbag
531512,4,0,4,1,0.0,0.25,0.375,Middle-age,Low Spenders,0.0,0.0,4.0,0.125,1.0,1.0,0.1152073732718894,0.0,0.13333333333333333,0.08064516129032258,0.2,0.375,0.3933333333333333,0.1275,score_free_meal
531557,3,3,5,3,1.0,0.6,0.7,Middle-age,Champions,0.0,0.67,3.17,0.75,1.0,1.0,0.1251564455569462,0.22333333333333336,0.10566666666666666,0.08760951188986232,0.3786666666666667,0.7,0.37396666666666667,0.5566999999999999,score_exclusive_discount
531562,1,0,7,2,0.0,0.2857142857142857,0.35714285714285715,Youth,Low Spenders,0.0,0.0,2.5,0.25,1.0,0.0,1.0,0.0,0.08333333333333333,0.7,0.0,0.35714285714285715,0.35833333333333334,0.19999999999999998,score_free_cancellation
531568,1,1,7,4,1.0,0.5714285714285714,0.7142857142857143,Middle-age,Champions,0.0,0.25,2.0,0.625,1.0,0.8,0.14347202295552366,0.08333333333333333,0.06666666666666667,0.10043041606886656,0.22666666666666668,0.7142857142857143,0.3466666666666667,0.4575,score_exclusive_discount
531615,1,0,7,1,0.0,0.14285714285714285,0.4285714285714286,Youth,At Risk,0.0,0.0,0.0,0.125,0.0,1.0,0.002732688418866481,0.0,0.0,0.0019128818932065367,0.2,0.4285714285714286,0.0,0.0875,score_exclusive_discount
531620,2,0,6,0,0.0,0.0,0.5,0,0,0.0,0.0,0.0,0.0,0.0,0.0,0.0,0.0,0.0,0.0,0.0,0.5,0.0,0.0,score_exclusive_discount
531625,2,1,6,1,0.5,0.16666666666666666,0.6666666666666667,Middle-age,Low Spenders,0.0,0.0,4.0,0.25,1.0,0.5,0.08517887563884156,0.0,0.13333333333333333,0.05962521294718909,0.1,0.6666666666666667,0.3933333333333333,0.215,score_exclusive_discount
531650,1,0,7,3,0.0,0.42857142857142855,0.2857142857142857,Middle-age,Low Spenders,0.0,0.5,1.33,0.375,0.6666666666666666,0.6666666666666666,0.10298661174047373,0.16666666666666666,0.044333333333333336,0.0720906282183316,0.26666666666666666,0.2857142857142857,0.2310333333333333,0.27579999999999993,score_exclusive_discount
531654,3,2,5,2,0.6666666666666666,0.4,0.6333333333333333,Middle-age,High Spenders,0.25,1.0,3.0,0.5,0.75,1.0,0.12180267965895249,0.3333333333333333,0.1,0.08526187576126673,0.4666666666666667,0.6333333333333333,0.295,0.38,score_exclusive_discount
531663,3,1,6,1,0.3333333333333333,0.16666666666666666,0.5833333333333334,Middle-age,At Risk,0.0,0.5,1.5,0.2222222222222222,1.0,1.0,0.08718395815170009,0.16666666666666666,0.05,0.06102877070619006,0.33333333333333337,0.5833333333333334,0.33499999999999996,0.17055555555555552,score_exclusive_discount
531670,2,1,6,2,0.5,0.3333333333333333,0.5833333333333334,Middle-age,High Spenders,0.0,0.0,6.67,0.375,1.0,0.6666666666666666,0.1349527665317139,0.0,0.22233333333333333,0.09446693657219972,0.13333333333333333,0.5833333333333334,0.45563333333333333,0.32919999999999994,score_exclusive_discount
531682,3,0,5,0,0.0,0.0,0.5,0,0,0.0,0.0,0.0,0.0,0.0,0.0,0.0,0.0,0.0,0.0,0.0,0.5,0.0,0.0,score_exclusive_discount
531735,1,0,7,0,0.0,0.0,0.5,0,0,0.0,0.0,0.0,0.0,0.0,0.0,0.0,0.0,0.0,0.0,0.0,0.5,0.0,0.0,score_exclusive_discount
531739,4,2,4,2,0.5,0.5,0.5,Middle-age,High Spenders,0.0,0.38,1.75,0.5,1.0,1.0,0.10319917440660475,0.12666666666666668,0.058333333333333334,0.07223942208462332,0.30133333333333334,0.5,0.3408333333333333,0.3675,score_exclusive_discount
531744,0,0,8,5,0.0,0.625,0.5,Middle-age,Medium Spenders,0.0,0.5,2.6,0.625,1.0,0.8,0.11918951132300357,0.16666666666666666,0.08666666666666667,0.0834326579261025,0.29333333333333333,0.5,0.36066666666666664,0.4635,score_exclusive_discount
531745,2,1,6,1,0.5,0.16666666666666666,0.6666666666666667,0,0,0.0,0.0,0.0,0.0,0.0,0.0,0.0,0.0,0.0,0.0,0.0,0.6666666666666667,0.0,0.0,score_exclusive_discount
531771,3,3,5,0,1.0,0.0,1.0,Middle-age,Champions,0.0,0.33,1.0,0.375,1.0,1.0,0.15698587127158556,0.11,0.03333333333333333,0.10989010989010989,0.28800000000000003,1.0,0.3233333333333333,0.27249999999999996,score_exclusive_discount
531777,4,0,4,1,0.0,0.25,0.375,Middle-age,At Risk,0.0,0.0,2.0,0.125,1.0,1.0,0.10672358591248667,0.0,0.06666666666666667,0.07470651013874066,0.2,0.375,0.3466666666666667,0.1075,score_exclusive_discount
531789,2,1,6,2,0.5,0.3333333333333333,0.5833333333333334,Middle-age,High Spenders,0.0,0.67,2.67,0.375,0.6666666666666666,1.0,0.10183299389002036,0.22333333333333336,0.089,0.07128309572301425,0.3786666666666667,0.5833333333333334,0.2623,0.28919999999999996,score_exclusive_discount
531795,2,0,6,1,0.0,0.16666666666666666,0.4166666666666667,Elderly,Low Spenders,0.0,1.0,12.0,0.125,1.0,1.0,0.13089005235602094,0.3333333333333333,0.4,0.09162303664921466,0.4666666666666667,0.4166666666666667,0.58,0.2075,score_free_meal
531803,2,0,6,0,0.0,0.0,0.5,0,0,0.0,0.0,0.0,0.0,0.0,0.0,0.0,0.0,0.0,0.0,0.0,0.5,0.0,0.0,score_exclusive_discount
531807,2,0,7,3,0.0,0.42857142857142855,0.2857142857142857,Middle-age,Medium Spenders,0.0,0.33,2.67,0.3333333333333333,1.0,1.0,0.09689922480620154,0.11,0.089,0.06782945736434108,0.28800000000000003,0.2857142857142857,0.36229999999999996,0.2600333333333333,score_free_meal
531824,3,0,6,4,0.0,0.6666666666666666,0.16666666666666669,Middle-age,High Spenders,0.0,0.5,1.25,0.4444444444444444,1.0,1.0,0.10288065843621398,0.16666666666666666,0.041666666666666664,0.07201646090534979,0.33333333333333337,0.16666666666666669,0.32916666666666666,0.32361111111111107,score_free_checkedbag
531834,1,0,7,1,0.0,0.14285714285714285,0.4285714285714286,Youth,At Risk,0.0,1.0,1.0,0.125,1.0,1.0,0.14534883720930233,0.3333333333333333,0.03333333333333333,0.10174418604651163,0.4666666666666667,0.4285714285714286,0.3233333333333333,0.09749999999999999,score_free_checkedbag
531844,3,0,5,1,0.0,0.2,0.4,Youth,Medium Spenders,0.0,0.0,3.0,0.125,1.0,1.0,0.15267175572519084,0.0,0.1,0.10687022900763359,0.2,0.4,0.37,0.1175,score_exclusive_discount
531847,0,0,8,2,0.0,0.25,0.5,Elderly,Medium Spenders,0.0,1.0,3.5,0.25,1.0,1.0,0.09541984732824427,0.3333333333333333,0.11666666666666667,0.06679389312977098,0.4666666666666667,0.5,0.38166666666666665,0.21,score_exclusive_discount
531857,3,0,6,2,0.0,0.3333333333333333,0.33333333333333337,Youth,Low Spenders,0.0,0.5,5.0,0.2222222222222222,1.0,1.0,0.08488964346349746,0.16666666666666666,0.16666666666666666,0.05942275042444822,0.33333333333333337,0.33333333333333337,0.41666666666666663,0.20555555555555552,score_free_meal
531868,3,1,5,2,0.3333333333333333,0.4,0.4666666666666667,Middle-age,High Spenders,0.0,0.33,1.33,0.375,1.0,1.0,0.08841732979664013,0.11,0.044333333333333336,0.06189213085764809,0.28800000000000003,0.4666666666666667,0.33103333333333335,0.27579999999999993,score_exclusive_discount
531884,3,1,5,3,0.3333333333333333,0.6,0.3666666666666667,Middle-age,Champions,0.0,0.33,8.5,0.5,1.0,0.75,0.11547344110854503,0.11,0.2833333333333333,0.08083140877598152,0.23800000000000004,0.3666666666666667,0.4983333333333333,0.43499999999999994,score_free_meal
531921,1,0,8,2,0.0,0.25,0.375,Middle-age,Low Spenders,0.0,1.0,4.5,0.2222222222222222,1.0,0.5,0.12594458438287154,0.3333333333333333,0.15,0.08816120906801007,0.3666666666666667,0.375,0.40499999999999997,0.20055555555555554,score_free_meal
531926,3,1,5,1,0.3333333333333333,0.2,0.5666666666666667,Middle-age,Champions,0.0,0.17,0.0,0.25,0.0,1.0,0.1277139208173691,0.05666666666666667,0.0,0.08939974457215837,0.24533333333333335,0.5666666666666667,0.0,0.175,score_exclusive_discount
531931,2,0,6,2,0.0,0.3333333333333333,0.33333333333333337,Middle-age,High Spenders,0.0,0.25,2.5,0.25,1.0,1.0,0.11198208286674133,0.08333333333333333,0.08333333333333333,0.07838745800671892,0.26666666666666666,0.33333333333333337,0.35833333333333334,0.19999999999999998,score_free_meal
531959,3,0,5,4,0.0,0.8,0.09999999999999998,Middle-age,Champions,0.0,0.25,7.5,0.5,0.75,0.5,0.009799118079372856,0.08333333333333333,0.25,0.0068593826555609985,0.16666666666666669,0.09999999999999998,0.39999999999999997,0.425,score_free_night_flight
531967,1,0,7,0,0.0,0.0,0.5,0,0,0.0,0.0,0.0,0.0,0.0,0.0,0.0,0.0,0.0,0.0,0.0,0.5,0.0,0.0,score_exclusive_discount
531971,0,0,8,2,0.0,0.25,0.5,Middle-age,Low Spenders,0.0,1.0,3.0,0.25,1.0,1.0,0.1234567901234568,0.3333333333333333,0.1,0.08641975308641975,0.4666666666666667,0.5,0.37,0.205,score_exclusive_discount
531987,1,1,8,1,1.0,0.125,0.9375,Middle-age,Low Spenders,0.0,0.5,1.5,0.2222222222222222,0.5,1.0,0.12484394506866417,0.16666666666666666,0.05,0.08739076154806491,0.33333333333333337,0.9375,0.185,0.17055555555555552,score_exclusive_discount
531989,2,1,6,2,0.5,0.3333333333333333,0.5833333333333334,Middle-age,Champions,0.0,0.25,5.0,0.375,1.0,0.6666666666666666,0.14124293785310735,0.08333333333333333,0.16666666666666666,0.09887005649717513,0.2,0.5833333333333334,0.41666666666666663,0.31249999999999994,score_exclusive_discount
531994,3,0,5,2,0.0,0.4,0.3,Middle-age,Low Spenders,0.0,0.5,2.0,0.25,1.0,1.0,0.10460251046025104,0.16666666666666666,0.06666666666666667,0.07322175732217573,0.33333333333333337,0.3,0.3466666666666667,0.19499999999999998,score_free_meal
532063,1,1,8,5,1.0,0.625,0.6875,Middle-age,High Spenders,0.0,0.25,1.17,0.6666666666666666,1.0,1.0,0.11600928074245938,0.08333333333333333,0.039,0.08120649651972156,0.26666666666666666,0.6875,0.3273,0.4783666666666666,score_exclusive_discount
532064,2,1,6,1,0.5,0.16666666666666666,0.6666666666666667,0,0,0.0,0.0,0.0,0.0,0.0,0.0,0.0,0.0,0.0,0.0,0.0,0.6666666666666667,0.0,0.0,score_exclusive_discount
532073,2,1,7,4,0.5,0.5714285714285714,0.4642857142857143,Middle-age,Medium Spenders,0.0,0.6,1.8,0.5555555555555556,0.6,1.0,0.16260162601626016,0.19999999999999998,0.060000000000000005,0.11382113821138211,0.36,0.4642857142857143,0.222,0.4068888888888889,score_exclusive_discount
532101,2,0,6,1,0.0,0.16666666666666666,0.4166666666666667,Youth,High Spenders,0.0,0.0,23.0,0.125,1.0,0.0,1.0,0.0,0.7666666666666667,0.7,0.0,0.4166666666666667,0.8366666666666667,0.3175,score_free_meal
532106,0,0,8,4,0.0,0.5,0.5,Middle-age,High Spenders,0.0,0.67,2.5,0.5,1.0,0.75,0.12903225806451613,0.22333333333333336,0.08333333333333333,0.09032258064516129,0.3286666666666667,0.5,0.35833333333333334,0.375,score_exclusive_discount
532119,0,0,8,6,0.0,0.75,0.5,Middle-age,Champions,0.0,0.17,3.17,0.75,0.8333333333333334,1.0,0.1231527093596059,0.05666666666666667,0.10566666666666666,0.08620689655172413,0.24533333333333335,0.5,0.3239666666666666,0.5566999999999999,score_free_night_flight
532159,3,1,5,1,0.3333333333333333,0.2,0.5666666666666667,Youth,Medium Spenders,0.0,0.0,3.0,0.25,1.0,0.5,0.12360939431396786,0.0,0.1,0.08652657601977749,0.1,0.5666666666666667,0.37,0.205,score_exclusive_discount
532215,3,1,6,5,0.3333333333333333,0.8333333333333334,0.25,Middle-age,Champions,0.0,0.6,4.0,0.6666666666666666,1.0,0.8333333333333334,0.11750881316098707,0.19999999999999998,0.13333333333333333,0.08225616921269095,0.32666666666666666,0.25,0.3933333333333333,0.5066666666666666,score_free_night_flight
532225,2,0,6,3,0.0,0.5,0.25,Middle-age,Low Spenders,0.0,1.0,1.33,0.375,1.0,1.0,0.12804097311139565,0.3333333333333333,0.044333333333333336,0.08962868117797694,0.4666666666666667,0.25,0.33103333333333335,0.27579999999999993,score_free_checkedbag
532233,1,0,8,4,0.0,0.5,0.25,Middle-age,Champions,0.0,0.42,1.5,0.4444444444444444,0.5,0.75,0.12578616352201258,0.13999999999999999,0.05,0.0880503144654088,0.262,0.25,0.185,0.3261111111111111,score_free_night_flight
532258,1,0,7,2,0.0,0.2857142857142857,0.35714285714285715,Middle-age,Champions,0.0,0.17,2.0,0.25,1.0,1.0,0.08688097306689835,0.05666666666666667,0.06666666666666667,0.06081668114682884,0.24533333333333335,0.35714285714285715,0.3466666666666667,0.19499999999999998,score_exclusive_discount
532259,3,2,5,4,0.6666666666666666,0.8,0.4333333333333333,Middle-age,Champions,0.0,0.5,3.5,0.75,1.0,0.8333333333333334,0.15503875968992248,0.16666666666666666,0.11666666666666667,0.10852713178294573,0.30000000000000004,0.4333333333333333,0.38166666666666665,0.5599999999999999,score_free_night_flight
532279,2,1,6,0,0.5,0.0,0.75,Youth,Champions,0.0,0.0,12.0,0.125,1.0,0.0,1.0,0.0,0.4,0.7,0.0,0.75,0.58,0.2075,score_exclusive_discount
532312,4,2,4,1,0.5,0.25,0.625,Middle-age,Low Spenders,0.0,1.0,1.33,0.375,1.0,1.0,0.11918951132300357,0.3333333333333333,0.044333333333333336,0.0834326579261025,0.4666666666666667,0.625,0.33103333333333335,0.27579999999999993,score_exclusive_discount
532329,2,0,6,2,0.0,0.3333333333333333,0.33333333333333337,Youth,Champions,0.0,0.0,15.5,0.25,1.0,0.5,0.0029626118385969067,0.0,0.5166666666666667,0.0020738282870178346,0.1,0.33333333333333337,0.6616666666666666,0.32999999999999996,score_free_meal
532347,1,0,7,3,0.0,0.42857142857142855,0.2857142857142857,Middle-age,Low Spenders,0.0,1.0,1.33,0.375,1.0,1.0,0.088261253309797,0.3333333333333333,0.044333333333333336,0.0617828773168579,0.4666666666666667,0.2857142857142857,0.33103333333333335,0.27579999999999993,score_free_checkedbag
532361,1,1,7,3,1.0,0.42857142857142855,0.7857142857142857,Middle-age,Low Spenders,0.0,0.67,2.0,0.5,0.75,0.75,0.1145475372279496,0.22333333333333336,0.06666666666666667,0.08018327605956471,0.3286666666666667,0.7857142857142857,0.2716666666666666,0.37,score_exclusive_discount
532365,3,0,5,1,0.0,0.2,0.4,Middle-age,High Spenders,0.0,0.33,5.0,0.125,1.0,1.0,0.11337868480725623,0.11,0.16666666666666666,0.07936507936507936,0.28800000000000003,0.4,0.41666666666666663,0.13749999999999998,score_free_meal
532381,4,3,5,2,0.75,0.4,0.675,Middle-age,Low Spenders,0.2,0.83,1.33,0.5555555555555556,1.0,0.8,0.1079913606911447,0.27666666666666667,0.044333333333333336,0.07559395248380128,0.3813333333333334,0.675,0.33103333333333335,0.4021888888888889,score_exclusive_discount
532387,3,0,5,3,0.0,0.6,0.2,Middle-age,High Spenders,0.0,0.67,5.33,0.375,1.0,1.0,0.12422360248447203,0.22333333333333336,0.17766666666666667,0.08695652173913042,0.3786666666666667,0.2,0.42436666666666667,0.31579999999999997,score_free_meal
532388,4,2,4,0,0.5,0.0,0.75,Middle-age,Medium Spenders,0.0,0.0,4.5,0.25,1.0,0.5,0.16611295681063123,0.0,0.15,0.11627906976744186,0.1,0.75,0.40499999999999997,0.21999999999999997,score_exclusive_discount
532390,1,0,7,4,0.0,0.5714285714285714,0.2142857142857143,Middle-age,Medium Spenders,0.0,0.5,2.25,0.5,0.75,1.0,0.10030090270812436,0.16666666666666666,0.075,0.07021063189568705,0.33333333333333337,0.2142857142857143,0.27749999999999997,0.3725,score_free_night_flight
532410,5,2,3,3,0.4,1.0,0.2,Middle-age,High Spenders,0.2,0.0,7.33,0.625,0.8,0.6,0.14224751066856328,0.0,0.24433333333333335,0.0995732574679943,0.12,0.2,0.41103333333333336,0.5108,score_free_night_flight
532426,3,0,7,1,0.0,0.14285714285714285,0.4285714285714286,Middle-age,Champions,0.0,0.0,15.0,0.1,1.0,1.0,0.0044216483905199855,0.0,0.5,0.00309515387336399,0.2,0.4285714285714286,0.6499999999999999,0.21999999999999997,score_free_meal
532432,0,0,8,1,0.0,0.125,0.5,Elderly,Medium Spenders,0.0,0.0,13.0,0.125,1.0,0.0,1.0,0.0,0.43333333333333335,0.7,0.0,0.5,0.6033333333333333,0.2175,score_free_cancellation
532433,3,1,5,2,0.3333333333333333,0.4,0.4666666666666667,Middle-age,High Spenders,0.0,0.5,3.33,0.375,1.0,0.6666666666666666,0.1297016861219196,0.16666666666666666,0.111,0.0907911802853437,0.26666666666666666,0.4666666666666667,0.3777,0.29579999999999995,score_exclusive_discount
532500,1,1,7,3,1.0,0.42857142857142855,0.7857142857142857,Middle-age,Champions,0.0,0.38,2.25,0.5,0.75,1.0,0.01620482903905364,0.12666666666666668,0.075,0.011343380327337546,0.30133333333333334,0.7857142857142857,0.27749999999999997,0.3725,score_exclusive_discount
532519,4,0,4,3,0.0,0.75,0.125,Middle-age,Medium Spenders,0.0,1.5,4.67,0.375,1.0,0.6666666666666666,0.10893246187363835,0.5,0.15566666666666668,0.07625272331154684,0.5333333333333333,0.125,0.40896666666666665,0.3092,score_free_checkedbag
532535,1,1,7,2,1.0,0.2857142857142857,0.8571428571428572,Middle-age,Champions,0.0,0.5,5.67,0.375,1.0,0.6666666666666666,0.14970059880239522,0.16666666666666666,0.189,0.10479041916167665,0.26666666666666666,0.8571428571428572,0.4323,0.31919999999999993,score_exclusive_discount
532544,3,1,5,1,0.3333333333333333,0.2,0.5666666666666667,0,0,0.0,0.0,0.0,0.0,0.0,0.0,0.0,0.0,0.0,0.0,0.0,0.5666666666666667,0.0,0.0,score_exclusive_discount
532568,3,1,5,2,0.3333333333333333,0.4,0.4666666666666667,Middle-age,Low Spenders,0.0,0.0,3.0,0.375,1.0,0.3333333333333333,0.06305170239596469,0.0,0.1,0.04413619167717528,0.06666666666666667,0.4666666666666667,0.37,0.2925,score_exclusive_discount
532607,4,1,5,3,0.25,0.6,0.325,Middle-age,Medium Spenders,0.0,0.88,1.5,0.4444444444444444,0.75,1.0,0.11148272017837237,0.29333333333333333,0.05,0.07803790412486065,0.4346666666666667,0.325,0.25999999999999995,0.3261111111111111,score_free_checkedbag
532622,2,1,6,2,0.5,0.3333333333333333,0.5833333333333334,Middle-age,Low Spenders,0.0,0.33,1.33,0.375,1.0,1.0,0.13089005235602094,0.11,0.044333333333333336,0.09162303664921466,0.28800000000000003,0.5833333333333334,0.33103333333333335,0.27579999999999993,score_exclusive_discount
532623,3,0,5,2,0.0,0.4,0.3,Middle-age,At Risk,0.0,0.5,1.0,0.25,1.0,1.0,0.10893246187363835,0.16666666666666666,0.03333333333333333,0.07625272331154684,0.33333333333333337,0.3,0.3233333333333333,0.185,score_free_checkedbag
532627,2,0,6,0,0.0,0.0,0.5,0,0,0.0,0.0,0.0,0.0,0.0,0.0,0.0,0.0,0.0,0.0,0.0,0.5,0.0,0.0,score_exclusive_discount
532637,1,1,7,1,1.0,0.14285714285714285,0.9285714285714286,Youth,Medium Spenders,0.0,0.0,7.0,0.25,1.0,0.0,1.0,0.0,0.23333333333333334,0.7,0.0,0.9285714285714286,0.4633333333333333,0.245,score_exclusive_discount
532650,2,1,6,4,0.5,0.6666666666666666,0.4166666666666667,Middle-age,High Spenders,0.0,0.5,3.4,0.625,0.8,0.8,0.14430014430014432,0.16666666666666666,0.11333333333333333,0.10101010101010102,0.29333333333333333,0.4166666666666667,0.3193333333333333,0.4715,score_free_night_flight
532651,2,0,6,2,0.0,0.3333333333333333,0.33333333333333337,Middle-age,Medium Spenders,0.0,0.0,3.5,0.25,1.0,0.5,0.0927643784786642,0.0,0.11666666666666667,0.06493506493506494,0.1,0.33333333333333337,0.38166666666666665,0.21,score_free_meal
532653,3,2,5,2,0.6666666666666666,0.4,0.6333333333333333,Middle-age,Champions,0.0,0.0,5.5,0.5,1.0,1.0,0.11389521640091115,0.0,0.18333333333333332,0.0797266514806378,0.2,0.6333333333333333,0.42833333333333334,0.40499999999999997,score_exclusive_discount
532656,2,1,6,1,0.5,0.16666666666666666,0.6666666666666667,Middle-age,Low Spenders,0.0,1.0,1.0,0.25,1.0,1.0,0.12391573729863692,0.3333333333333333,0.03333333333333333,0.08674101610904583,0.4666666666666667,0.6666666666666667,0.3233333333333333,0.185,score_exclusive_discount
532705,2,0,6,2,0.0,0.3333333333333333,0.33333333333333337,Middle-age,Low Spenders,0.0,0.0,4.0,0.25,1.0,0.5,0.1545595054095827,0.0,0.13333333333333333,0.10819165378670788,0.1,0.33333333333333337,0.3933333333333333,0.215,score_free_meal
532710,3,0,5,1,0.0,0.2,0.4,Youth,At Risk,0.0,1.0,1.0,0.125,1.0,1.0,0.08403361344537814,0.3333333333333333,0.03333333333333333,0.0588235294117647,0.4666666666666667,0.4,0.3233333333333333,0.09749999999999999,score_free_checkedbag
532711,2,0,7,2,0.0,0.2857142857142857,0.35714285714285715,Youth,High Spenders,0.0,1.0,9.5,0.2222222222222222,1.0,0.5,0.14326647564469913,0.3333333333333333,0.31666666666666665,0.10028653295128939,0.3666666666666667,0.35714285714285715,0.5216666666666666,0.25055555555555553,score_free_meal
532721,1,0,7,3,0.0,0.42857142857142855,0.2857142857142857,Middle-age,Low Spenders,0.0,0.5,3.0,0.375,1.0,0.6666666666666666,0.11778563015312131,0.16666666666666666,0.1,0.08244994110718491,0.26666666666666666,0.2857142857142857,0.37,0.2925,score_free_meal
532725,3,1,5,1,0.3333333333333333,0.2,0.5666666666666667,0,0,0.0,0.0,0.0,0.0,0.0,0.0,0.0,0.0,0.0,0.0,0.0,0.5666666666666667,0.0,0.0,score_exclusive_discount
532730,1,1,7,1,1.0,0.14285714285714285,0.9285714285714286,Youth,High Spenders,0.0,1.0,8.0,0.25,1.0,0.5,0.11376564277588169,0.3333333333333333,0.26666666666666666,0.07963594994311718,0.3666666666666667,0.9285714285714286,0.48666666666666664,0.255,score_exclusive_discount
532742,2,1,6,2,0.5,0.3333333333333333,0.5833333333333334,Middle-age,Medium Spenders,0.0,0.33,2.33,0.375,1.0,1.0,0.1394700139470014,0.11,0.07766666666666668,0.09762900976290097,0.28800000000000003,0.5833333333333334,0.35436666666666666,0.28579999999999994,score_exclusive_discount
532748,3,1,5,4,0.3333333333333333,0.8,0.2666666666666666,Middle-age,Medium Spenders,0.0,1.0,1.4,0.625,1.0,0.8,0.125,0.3333333333333333,0.04666666666666666,0.0875,0.4266666666666667,0.2666666666666666,0.33266666666666667,0.4515,score_free_night_flight
532750,2,1,6,1,0.5,0.16666666666666666,0.6666666666666667,Middle-age,Medium Spenders,0.0,0.25,1.0,0.25,0.5,1.0,0.009666505558240696,0.08333333333333333,0.03333333333333333,0.0067665538907684866,0.26666666666666666,0.6666666666666667,0.17333333333333334,0.185,score_exclusive_discount
532774,1,0,7,0,0.0,0.0,0.5,0,0,0.0,0.0,0.0,0.0,0.0,0.0,0.0,0.0,0.0,0.0,0.0,0.5,0.0,0.0,score_exclusive_discount
532810,1,0,7,3,0.0,0.42857142857142855,0.2857142857142857,Middle-age,Champions,0.0,0.5,4.0,0.375,1.0,1.0,0.11627906976744186,0.16666666666666666,0.13333333333333333,0.0813953488372093,0.33333333333333337,0.2857142857142857,0.3933333333333333,0.30249999999999994,score_free_meal
532823,1,1,8,3,1.0,0.375,0.8125,Middle-age,Medium Spenders,0.0,0.67,2.25,0.4444444444444444,0.75,0.75,0.12484394506866417,0.22333333333333336,0.075,0.08739076154806491,0.3286666666666667,0.8125,0.27749999999999997,0.3336111111111111,score_exclusive_discount
532835,2,0,6,2,0.0,0.3333333333333333,0.33333333333333337,Middle-age,Low Spenders,0.0,1.0,1.5,0.25,0.5,0.5,0.20876826722338204,0.3333333333333333,0.05,0.14613778705636743,0.3666666666666667,0.33333333333333337,0.185,0.19,score_free_checkedbag
532843,1,1,7,2,1.0,0.2857142857142857,0.8571428571428572,Middle-age,Medium Spenders,0.0,0.0,3.0,0.375,1.0,0.6666666666666666,0.12077294685990336,0.0,0.1,0.08454106280193235,0.13333333333333333,0.8571428571428572,0.37,0.2925,score_exclusive_discount
532863,4,3,4,1,0.75,0.25,0.75,Middle-age,High Spenders,0.0,0.0,5.5,0.5,1.0,0.75,0.12269938650306748,0.0,0.18333333333333332,0.08588957055214723,0.15000000000000002,0.75,0.42833333333333334,0.40499999999999997,score_exclusive_discount
532866,3,2,5,2,0.6666666666666666,0.4,0.6333333333333333,Middle-age,Champions,0.0,1.12,2.25,0.5,1.0,1.0,0.10905125408942203,0.37333333333333335,0.075,0.07633587786259541,0.4986666666666667,0.6333333333333333,0.3525,0.3725,score_exclusive_discount
532901,1,0,7,1,0.0,0.14285714285714285,0.4285714285714286,Youth,At Risk,0.0,1.0,1.0,0.125,1.0,1.0,0.08517887563884156,0.3333333333333333,0.03333333333333333,0.05962521294718909,0.4666666666666667,0.4285714285714286,0.3233333333333333,0.09749999999999999,score_free_checkedbag
532905,2,0,6,0,0.0,0.0,0.5,0,0,0.0,0.0,0.0,0.0,0.0,0.0,0.0,0.0,0.0,0.0,0.0,0.5,0.0,0.0,score_exclusive_discount
532912,4,3,4,1,0.75,0.25,0.75,Middle-age,Champions,0.0,0.83,3.75,0.5,0.75,1.0,0.09871668311944717,0.27666666666666667,0.125,0.06910167818361301,0.42133333333333334,0.75,0.3125,0.38749999999999996,score_exclusive_discount
532941,2,1,6,4,0.5,0.6666666666666666,0.4166666666666667,Middle-age,High Spenders,0.2,0.5,4.67,0.625,0.8,0.8,0.14224751066856328,0.16666666666666666,0.15566666666666668,0.0995732574679943,0.29333333333333333,0.4166666666666667,0.34896666666666665,0.4842,score_free_night_flight
532989,2,0,7,5,0.0,0.7142857142857143,0.14285714285714285,Middle-age,Champions,0.0,0.5,2.8,0.5555555555555556,1.0,0.8,0.10718113612004287,0.16666666666666666,0.09333333333333332,0.07502679528403,0.29333333333333333,0.14285714285714285,0.3653333333333333,0.41688888888888886,score_free_night_flight
533048,4,1,4,0,0.25,0.0,0.625,Middle-age,At Risk,0.0,0.0,2.0,0.125,1.0,0.0,1.0,0.0,0.06666666666666667,0.7,0.0,0.625,0.3466666666666667,0.1075,score_free_cancellation
533093,2,0,7,2,0.0,0.2857142857142857,0.35714285714285715,Youth,Low Spenders,0.0,1.0,3.0,0.2222222222222222,1.0,0.5,0.29850746268656714,0.3333333333333333,0.1,0.20895522388059698,0.3666666666666667,0.35714285714285715,0.37,0.18555555555555553,score_free_meal
533117,1,0,7,2,0.0,0.2857142857142857,0.35714285714285715,Middle-age,At Risk,0.0,0.0,1.0,0.25,0.5,1.0,0.09049773755656108,0.0,0.03333333333333333,0.06334841628959276,0.2,0.35714285714285715,0.17333333333333334,0.185,score_exclusive_discount
533123,1,0,8,2,0.0,0.25,0.375,Middle-age,Low Spenders,0.0,0.5,1.5,0.2222222222222222,0.5,1.0,0.09505703422053233,0.16666666666666666,0.05,0.06653992395437262,0.33333333333333337,0.375,0.185,0.17055555555555552,score_exclusive_discount
533129,3,2,5,3,0.6666666666666666,0.6,0.5333333333333333,Middle-age,High Spenders,0.0,0.25,2.2,0.625,0.8,0.8,0.16129032258064516,0.08333333333333333,0.07333333333333333,0.1129032258064516,0.22666666666666668,0.5333333333333333,0.29133333333333333,0.4595,score_exclusive_discount
533155,3,2,5,1,0.6666666666666666,0.2,0.7333333333333333,Middle-age,Champions,0.0,1.0,1.67,0.375,1.0,1.0,0.14619883040935672,0.3333333333333333,0.05566666666666666,0.1023391812865497,0.4666666666666667,0.7333333333333333,0.33896666666666664,0.27919999999999995,score_exclusive_discount
533187,4,1,4,0,0.25,0.0,0.625,Elderly,At Risk,0.0,0.0,8.0,0.125,1.0,0.0,1.0,0.0,0.26666666666666666,0.7,0.0,0.625,0.48666666666666664,0.16749999999999998,score_free_cancellation
533199,2,1,8,2,0.5,0.25,0.625,Youth,Medium Spenders,0.0,0.33,1.33,0.3,1.0,1.0,0.10582010582010583,0.11,0.044333333333333336,0.07407407407407407,0.28800000000000003,0.625,0.33103333333333335,0.2233,score_exclusive_discount
533204,2,0,6,0,0.0,0.0,0.5,0,0,0.0,0.0,0.0,0.0,0.0,0.0,0.0,0.0,0.0,0.0,0.0,0.5,0.0,0.0,score_exclusive_discount
533211,1,1,7,3,1.0,0.42857142857142855,0.7857142857142857,Middle-age,High Spenders,0.0,0.5,3.75,0.5,0.75,1.0,0.1194743130227001,0.16666666666666666,0.125,0.08363201911589006,0.33333333333333337,0.7857142857142857,0.3125,0.38749999999999996,score_exclusive_discount
533222,4,1,4,2,0.25,0.5,0.375,Middle-age,Champions,0.0,2.0,5.33,0.375,1.0,0.6666666666666666,0.10593220338983052,0.6666666666666666,0.17766666666666667,0.07415254237288135,0.6666666666666666,0.375,0.42436666666666667,0.31579999999999997,score_free_checkedbag
533248,1,1,7,2,1.0,0.2857142857142857,0.8571428571428572,Middle-age,Champions,0.0,0.83,2.33,0.375,1.0,1.0,0.09259259259259259,0.27666666666666667,0.07766666666666668,0.06481481481481481,0.42133333333333334,0.8571428571428572,0.35436666666666666,0.28579999999999994,score_exclusive_discount
533251,1,0,7,2,0.0,0.2857142857142857,0.35714285714285715,Middle-age,Medium Spenders,0.0,0.5,2.0,0.25,1.0,1.0,0.15082956259426847,0.16666666666666666,0.06666666666666667,0.10558069381598792,0.33333333333333337,0.35714285714285715,0.3466666666666667,0.19499999999999998,score_exclusive_discount
533283,3,0,7,4,0.0,0.5714285714285714,0.2142857142857143,Middle-age,Champions,0.0,0.31,1.0,0.4,0.75,1.0,0.10834236186348863,0.10333333333333333,0.03333333333333333,0.07583965330444203,0.2826666666666667,0.2142857142857143,0.2483333333333333,0.29,score_free_night_flight
533291,1,0,7,6,0.0,0.8571428571428571,0.07142857142857145,Middle-age,Champions,0.0,0.75,3.33,0.75,1.0,1.0,0.13755158184319122,0.25,0.111,0.09628610729023385,0.4,0.07142857142857145,0.3777,0.5582999999999999,score_free_night_flight
533302,2,2,6,1,1.0,0.16666666666666666,0.9166666666666667,Middle-age,Medium Spenders,0.0,0.0,3.0,0.375,1.0,0.6666666666666666,0.1203369434416366,0.0,0.1,0.08423586040914562,0.13333333333333333,0.9166666666666667,0.37,0.2925,score_exclusive_discount
533327,4,2,4,2,0.5,0.5,0.5,Middle-age,Champions,0.0,1.0,6.5,0.5,1.0,0.25,0.1485884101040119,0.3333333333333333,0.21666666666666667,0.10401188707280831,0.31666666666666665,0.5,0.45166666666666666,0.415,score_exclusive_discount
533357,1,1,7,4,1.0,0.5714285714285714,0.7142857142857143,Middle-age,High Spenders,0.0,0.5,1.8,0.625,0.8,0.8,0.08718395815170009,0.16666666666666666,0.060000000000000005,0.06102877070619006,0.29333333333333333,0.7142857142857143,0.282,0.4555,score_exclusive_discount
533378,2,1,6,2,0.5,0.3333333333333333,0.5833333333333334,Middle-age,Medium Spenders,0.0,1.0,3.67,0.375,0.6666666666666666,1.0,0.11248593925759279,0.3333333333333333,0.12233333333333334,0.07874015748031495,0.4666666666666667,0.5833333333333334,0.2856333333333333,0.29919999999999997,score_exclusive_discount
533388,3,0,5,1,0.0,0.2,0.4,Middle-age,Champions,0.0,0.75,11.0,0.125,1.0,1.0,0.003548993860240622,0.25,0.36666666666666664,0.0024842957021684355,0.4,0.4,0.5566666666666666,0.19749999999999998,score_free_meal
533393,1,0,8,1,0.0,0.125,0.4375,Middle-age,At Risk,0.0,0.0,4.0,0.1111111111111111,1.0,0.0,1.0,0.0,0.13333333333333333,0.7,0.0,0.4375,0.3933333333333333,0.11777777777777776,score_free_cancellation
533396,2,2,6,3,1.0,0.5,0.75,Middle-age,Champions,0.0,0.6,2.8,0.625,1.0,1.0,0.12987012987012986,0.19999999999999998,0.09333333333333332,0.0909090909090909,0.36,0.75,0.3653333333333333,0.4655,score_exclusive_discount
533402,4,1,5,2,0.25,0.4,0.425,Middle-age,High Spenders,0.0,1.0,5.33,0.3333333333333333,0.6666666666666666,0.6666666666666666,0.08203445447087777,0.3333333333333333,0.17766666666666667,0.05742411812961444,0.4,0.425,0.32436666666666664,0.2866333333333333,score_exclusive_discount
533404,3,2,5,3,0.6666666666666666,0.6,0.5333333333333333,Middle-age,High Spenders,0.2,0.33,1.33,0.625,0.8,0.8,0.11750881316098707,0.11,0.044333333333333336,0.08225616921269095,0.24800000000000005,0.5333333333333333,0.27103333333333335,0.4508,score_exclusive_discount
533411,3,0,5,4,0.0,0.8,0.09999999999999998,Middle-age,Medium Spenders,0.0,0.5,1.25,0.5,0.75,1.0,0.1079913606911447,0.16666666666666666,0.041666666666666664,0.07559395248380128,0.33333333333333337,0.09999999999999998,0.25416666666666665,0.3625,score_free_night_flight
533449,4,0,5,1,0.0,0.2,0.4,Youth,Low Spenders,0.0,1.0,1.0,0.1111111111111111,1.0,1.0,0.13812154696132597,0.3333333333333333,0.03333333333333333,0.09668508287292818,0.4666666666666667,0.4,0.3233333333333333,0.08777777777777776,score_free_checkedbag
533464,2,0,6,2,0.0,0.3333333333333333,0.33333333333333337,Middle-age,Low Spenders,0.0,1.0,0.5,0.25,0.5,1.0,0.13003901170351104,0.3333333333333333,0.016666666666666666,0.09102730819245772,0.4666666666666667,0.33333333333333337,0.16166666666666665,0.18,score_free_checkedbag
533490,2,2,6,2,1.0,0.3333333333333333,0.8333333333333334,Middle-age,Medium Spenders,0.0,0.25,3.0,0.5,0.75,1.0,0.1020408163265306,0.08333333333333333,0.1,0.07142857142857141,0.26666666666666666,0.8333333333333334,0.295,0.38,score_exclusive_discount
533492,5,2,3,1,0.4,0.3333333333333333,0.5333333333333333,Middle-age,Champions,0.0,0.6,1.33,0.375,0.6666666666666666,1.0,0.00929022668153103,0.19999999999999998,0.044333333333333336,0.006503158677071721,0.36,0.5333333333333333,0.2310333333333333,0.27579999999999993,score_exclusive_discount
533497,2,2,6,3,1.0,0.5,0.75,Middle-age,Medium Spenders,0.0,0.6,1.0,0.625,0.6,1.0,0.10764262648008613,0.19999999999999998,0.03333333333333333,0.07534983853606028,0.36,0.75,0.2033333333333333,0.4475,score_exclusive_discount
533518,2,1,6,2,0.5,0.3333333333333333,0.5833333333333334,Middle-age,Champions,0.0,0.33,3.67,0.375,1.0,1.0,0.1336898395721925,0.11,0.12233333333333334,0.09358288770053474,0.28800000000000003,0.5833333333333334,0.38563333333333333,0.29919999999999997,score_exclusive_discount
533527,3,1,5,0,0.3333333333333333,0.0,0.6666666666666666,Youth,At Risk,0.0,2.0,5.0,0.125,1.0,1.0,0.13071895424836602,0.6666666666666666,0.16666666666666666,0.0915032679738562,0.7333333333333334,0.6666666666666666,0.41666666666666663,0.13749999999999998,score_free_checkedbag
533537,3,2,6,1,0.6666666666666666,0.16666666666666666,0.75,Middle-age,Champions,0.0,0.0,6.33,0.3333333333333333,0.6666666666666666,0.6666666666666666,0.1529051987767584,0.0,0.211,0.10703363914373087,0.13333333333333333,0.75,0.3477,0.2966333333333333,score_exclusive_discount
533542,5,1,4,4,0.2,1.0,0.09999999999999998,Middle-age,Champions,0.0,0.5,2.0,0.5555555555555556,0.8,1.0,0.10964912280701755,0.16666666666666666,0.06666666666666667,0.07675438596491228,0.33333333333333337,0.09999999999999998,0.2866666666666666,0.4088888888888889,score_free_night_flight
533550,1,1,7,1,1.0,0.14285714285714285,0.9285714285714286,Middle-age,Low Spenders,0.0,0.5,2.0,0.25,1.0,1.0,0.13736263736263735,0.16666666666666666,0.06666666666666667,0.09615384615384613,0.33333333333333337,0.9285714285714286,0.3466666666666667,0.19499999999999998,score_exclusive_discount
533573,3,1,5,1,0.3333333333333333,0.2,0.5666666666666667,Middle-age,At Risk,0.0,1.0,0.5,0.25,0.5,1.0,0.1631321370309951,0.3333333333333333,0.016666666666666666,0.11419249592169657,0.4666666666666667,0.5666666666666667,0.16166666666666665,0.18,score_exclusive_discount
533575,3,1,5,3,0.3333333333333333,0.6,0.3666666666666667,Middle-age,Low Spenders,0.0,0.75,2.5,0.5,1.0,1.0,0.11627906976744186,0.25,0.08333333333333333,0.0813953488372093,0.4,0.3666666666666667,0.35833333333333334,0.375,score_free_checkedbag
533598,4,2,4,1,0.5,0.25,0.625,Middle-age,High Spenders,0.0,0.0,6.33,0.375,1.0,1.0,0.11737089201877934,0.0,0.211,0.08215962441314553,0.2,0.625,0.4477,0.3258,score_exclusive_discount
533613,6,1,3,2,0.16666666666666666,0.6666666666666666,0.25,Middle-age,Medium Spenders,0.0,0.33,2.67,0.3333333333333333,1.0,1.0,0.1383125864453665,0.11,0.089,0.09681881051175655,0.28800000000000003,0.25,0.36229999999999996,0.2600333333333333,score_free_meal
533617,0,0,9,3,0.0,0.3333333333333333,0.5,Middle-age,Medium Spenders,0.0,0.67,3.67,0.3333333333333333,1.0,1.0,0.11976047904191617,0.22333333333333336,0.12233333333333334,0.08383233532934131,0.3786666666666667,0.5,0.38563333333333333,0.2700333333333333,score_exclusive_discount
533656,4,2,4,0,0.5,0.0,0.75,Middle-age,High Spenders,0.0,0.5,3.0,0.25,0.5,1.0,0.14430014430014432,0.16666666666666666,0.1,0.10101010101010102,0.33333333333333337,0.75,0.21999999999999997,0.205,score_exclusive_discount
533716,4,2,4,1,0.5,0.25,0.625,Middle-age,Low Spenders,0.0,0.67,1.33,0.375,0.3333333333333333,1.0,0.09606147934678194,0.22333333333333336,0.044333333333333336,0.06724303554274735,0.3786666666666667,0.625,0.13103333333333333,0.27579999999999993,score_exclusive_discount
533742,3,2,5,1,0.6666666666666666,0.2,0.7333333333333333,Middle-age,Low Spenders,0.0,0.67,0.67,0.375,0.6666666666666666,1.0,0.141643059490085,0.22333333333333336,0.022333333333333334,0.09915014164305949,0.3786666666666667,0.7333333333333333,0.21563333333333332,0.26919999999999994,score_exclusive_discount
533755,4,2,4,0,0.5,0.0,0.75,0,0,0.0,0.0,0.0,0.0,0.0,0.0,0.0,0.0,0.0,0.0,0.0,0.75,0.0,0.0,score_exclusive_discount
533759,0,0,8,3,0.0,0.375,0.5,Middle-age,Champions,0.0,0.5,9.67,0.375,1.0,0.6666666666666666,0.1075268817204301,0.16666666666666666,0.3223333333333333,0.07526881720430106,0.26666666666666666,0.5,0.5256333333333333,0.35919999999999996,score_free_meal
533773,1,1,7,3,1.0,0.42857142857142855,0.7857142857142857,Middle-age,Champions,0.0,0.5,4.5,0.5,0.75,0.75,0.08347245409015025,0.16666666666666666,0.15,0.05843071786310517,0.2833333333333333,0.7857142857142857,0.32999999999999996,0.39499999999999996,score_exclusive_discount
533782,1,0,7,3,0.0,0.42857142857142855,0.2857142857142857,Middle-age,High Spenders,0.0,1.0,4.33,0.375,1.0,0.6666666666666666,0.10277492291880781,0.3333333333333333,0.14433333333333334,0.07194244604316546,0.4,0.2857142857142857,0.40103333333333335,0.30579999999999996,score_free_meal
533809,3,0,7,2,0.0,0.2857142857142857,0.35714285714285715,Middle-age,Medium Spenders,0.0,0.5,2.0,0.2,1.0,1.0,0.17699115044247787,0.16666666666666666,0.06666666666666667,0.1238938053097345,0.33333333333333337,0.35714285714285715,0.3466666666666667,0.15999999999999998,score_exclusive_discount
533827,3,1,5,0,0.3333333333333333,0.0,0.6666666666666666,Middle-age,At Risk,0.0,0.0,8.0,0.125,1.0,0.0,1.0,0.0,0.26666666666666666,0.7,0.0,0.6666666666666666,0.48666666666666664,0.16749999999999998,score_free_cancellation
533846,1,1,7,2,1.0,0.2857142857142857,0.8571428571428572,Middle-age,Medium Spenders,0.0,1.0,2.33,0.375,0.6666666666666666,0.6666666666666666,0.09587727708533078,0.3333333333333333,0.07766666666666668,0.06711409395973154,0.4,0.8571428571428572,0.25436666666666663,0.28579999999999994,score_exclusive_discount
533859,1,1,7,3,1.0,0.42857142857142855,0.7857142857142857,Middle-age,Champions,0.0,0.5,4.5,0.5,1.0,1.0,0.11160714285714285,0.16666666666666666,0.15,0.07812499999999999,0.33333333333333337,0.7857142857142857,0.40499999999999997,0.39499999999999996,score_exclusive_discount
533895,4,0,4,2,0.0,0.5,0.25,Middle-age,At Risk,0.0,0.0,0.5,0.25,0.5,1.0,0.13755158184319122,0.0,0.016666666666666666,0.09628610729023385,0.2,0.25,0.16166666666666665,0.18,score_exclusive_discount
533908,2,0,7,1,0.0,0.14285714285714285,0.4285714285714286,Youth,At Risk,0.0,0.0,3.0,0.1111111111111111,1.0,1.0,0.16863406408094436,0.0,0.1,0.11804384485666104,0.2,0.4285714285714286,0.37,0.10777777777777776,score_exclusive_discount
533932,6,3,2,1,0.5,0.5,0.5,Middle-age,Low Spenders,0.25,1.0,5.5,0.5,0.75,0.75,0.17452006980802792,0.3333333333333333,0.18333333333333332,0.12216404886561953,0.4166666666666667,0.5,0.3533333333333333,0.40499999999999997,score_exclusive_discount
533975,3,3,5,0,1.0,0.0,1.0,Middle-age,High Spenders,0.0,0.0,5.0,0.375,1.0,0.0,1.0,0.0,0.16666666666666666,0.7,0.0,1.0,0.41666666666666663,0.31249999999999994,score_exclusive_discount
533985,3,0,5,2,0.0,0.4,0.3,Middle-age,High Spenders,0.0,1.0,2.0,0.25,0.5,1.0,0.10405827263267431,0.3333333333333333,0.06666666666666667,0.07284079084287201,0.4666666666666667,0.3,0.19666666666666666,0.19499999999999998,score_free_checkedbag
533990,3,2,5,3,0.6666666666666666,0.6,0.5333333333333333,Middle-age,Champions,0.0,0.25,3.8,0.625,0.8,0.8,0.14306151645207438,0.08333333333333333,0.12666666666666665,0.10014306151645205,0.22666666666666668,0.5333333333333333,0.32866666666666666,0.4755,score_exclusive_discount
534040,1,0,7,2,0.0,0.2857142857142857,0.35714285714285715,Middle-age,Champions,0.0,0.0,11.0,0.25,1.0,0.5,0.14492753623188406,0.0,0.36666666666666664,0.10144927536231883,0.1,0.35714285714285715,0.5566666666666666,0.285,score_free_meal
534045,1,0,7,2,0.0,0.2857142857142857,0.35714285714285715,Middle-age,Low Spenders,0.0,0.5,1.0,0.25,0.5,1.0,0.10050251256281408,0.16666666666666666,0.03333333333333333,0.07035175879396985,0.33333333333333337,0.35714285714285715,0.17333333333333334,0.185,score_exclusive_discount
534066,3,2,5,3,0.6666666666666666,0.6,0.5333333333333333,Middle-age,Medium Spenders,0.0,0.4,1.6,0.625,0.8,1.0,0.10141987829614606,0.13333333333333333,0.05333333333333334,0.07099391480730223,0.3066666666666667,0.5333333333333333,0.2773333333333333,0.4535,score_exclusive_discount
534082,1,0,7,0,0.0,0.0,0.5,0,0,0.0,0.0,0.0,0.0,0.0,0.0,0.0,0.0,0.0,0.0,0.0,0.5,0.0,0.0,score_exclusive_discount
534088,3,1,5,2,0.3333333333333333,0.4,0.4666666666666667,Middle-age,Medium Spenders,0.0,0.5,2.33,0.375,0.6666666666666666,0.6666666666666666,0.10940919037199125,0.16666666666666666,0.07766666666666668,0.07658643326039387,0.26666666666666666,0.4666666666666667,0.25436666666666663,0.28579999999999994,score_exclusive_discount
534105,1,1,7,5,1.0,0.7142857142857143,0.6428571428571428,Middle-age,Champions,0.0,0.33,4.67,0.75,0.8333333333333334,1.0,0.09505703422053233,0.11,0.15566666666666668,0.06653992395437262,0.28800000000000003,0.6428571428571428,0.35896666666666666,0.5716999999999999,score_exclusive_discount
534179,4,3,4,1,0.75,0.25,0.75,Middle-age,Medium Spenders,0.0,0.67,3.75,0.5,1.0,0.75,0.11350737797956868,0.22333333333333336,0.125,0.07945516458569807,0.3286666666666667,0.75,0.38749999999999996,0.38749999999999996,score_exclusive_discount
534190,3,0,5,2,0.0,0.4,0.3,Middle-age,Medium Spenders,0.0,0.0,6.0,0.25,1.0,0.5,0.10438413361169102,0.0,0.2,0.07306889352818371,0.1,0.3,0.43999999999999995,0.235,score_free_meal
534246,3,0,5,2,0.0,0.4,0.3,Middle-age,Low Spenders,0.0,0.0,6.0,0.25,1.0,0.5,0.09328358208955223,0.0,0.2,0.06529850746268656,0.1,0.3,0.43999999999999995,0.235,score_free_meal
534254,3,1,6,0,0.3333333333333333,0.0,0.6666666666666666,Youth,Low Spenders,0.0,0.0,3.0,0.1111111111111111,1.0,1.0,0.1524390243902439,0.0,0.1,0.10670731707317073,0.2,0.6666666666666666,0.37,0.10777777777777776,score_exclusive_discount
534295,4,1,5,2,0.25,0.4,0.425,Middle-age,Champions,0.0,0.67,5.0,0.3333333333333333,1.0,1.0,0.09165902841429881,0.22333333333333336,0.16666666666666666,0.06416131989000916,0.3786666666666667,0.425,0.41666666666666663,0.2833333333333333,score_exclusive_discount
534333,2,0,7,2,0.0,0.2857142857142857,0.35714285714285715,Middle-age,High Spenders,0.0,0.0,2.5,0.2222222222222222,1.0,1.0,0.13986013986013984,0.0,0.08333333333333333,0.09790209790209789,0.2,0.35714285714285715,0.35833333333333334,0.18055555555555552,score_free_meal
534351,2,2,7,5,1.0,0.7142857142857143,0.6428571428571428,Middle-age,Champions,0.0,0.71,8.14,0.7777777777777778,1.0,1.0,0.10256410256410256,0.23666666666666666,0.27133333333333337,0.07179487179487179,0.38933333333333336,0.6428571428571428,0.48993333333333333,0.6258444444444444,score_exclusive_discount
534360,1,1,7,4,1.0,0.5714285714285714,0.7142857142857143,Middle-age,High Spenders,0.0,0.2,2.0,0.625,0.8,1.0,0.11185682326621922,0.06666666666666667,0.06666666666666667,0.07829977628635346,0.25333333333333335,0.7142857142857143,0.2866666666666666,0.4575,score_exclusive_discount
534378,2,0,6,1,0.0,0.16666666666666666,0.4166666666666667,Middle-age,At Risk,0.0,1.0,1.0,0.125,1.0,1.0,0.09587727708533078,0.3333333333333333,0.03333333333333333,0.06711409395973154,0.4666666666666667,0.4166666666666667,0.3233333333333333,0.09749999999999999,score_free_checkedbag
534380,4,2,4,1,0.5,0.25,0.625,Middle-age,Champions,0.0,0.17,6.0,0.375,1.0,1.0,0.012281994595922378,0.05666666666666667,0.2,0.008597396217145665,0.24533333333333335,0.625,0.43999999999999995,0.32249999999999995,score_exclusive_discount
534391,4,2,4,1,0.5,0.25,0.625,Middle-age,High Spenders,0.0,0.67,3.67,0.375,1.0,1.0,0.0949667616334283,0.22333333333333336,0.12233333333333334,0.06647673314339982,0.3786666666666667,0.625,0.38563333333333333,0.29919999999999997,score_exclusive_discount
534445,2,1,6,3,0.5,0.5,0.5,Middle-age,High Spenders,0.25,0.0,0.5,0.5,0.75,1.0,0.1362397820163488,0.0,0.016666666666666666,0.09536784741144415,0.2,0.5,0.23666666666666664,0.355,score_exclusive_discount
534474,1,0,8,4,0.0,0.5,0.25,Middle-age,Champions,0.0,0.75,9.25,0.4444444444444444,0.75,1.0,0.09765625,0.25,0.30833333333333335,0.068359375,0.4,0.25,0.4408333333333333,0.40361111111111103,score_free_meal
534499,2,0,6,1,0.0,0.16666666666666666,0.4166666666666667,Middle-age,At Risk,0.0,0.0,2.0,0.125,1.0,0.0,1.0,0.0,0.06666666666666667,0.7,0.0,0.4166666666666667,0.3466666666666667,0.1075,score_free_cancellation
534564,2,0,7,1,0.0,0.14285714285714285,0.4285714285714286,Middle-age,At Risk,0.0,0.0,1.0,0.1111111111111111,1.0,1.0,0.20833333333333334,0.0,0.03333333333333333,0.14583333333333334,0.2,0.4285714285714286,0.3233333333333333,0.08777777777777776,score_exclusive_discount
534586,1,0,7,0,0.0,0.0,0.5,0,0,0.0,0.0,0.0,0.0,0.0,0.0,0.0,0.0,0.0,0.0,0.0,0.5,0.0,0.0,score_exclusive_discount
534594,2,0,6,2,0.0,0.3333333333333333,0.33333333333333337,Middle-age,Champions,0.0,0.0,15.5,0.25,1.0,0.5,0.15174506828528073,0.0,0.5166666666666667,0.1062215477996965,0.1,0.33333333333333337,0.6616666666666666,0.32999999999999996,score_free_meal
534604,1,0,7,1,0.0,0.14285714285714285,0.4285714285714286,Youth,Medium Spenders,0.0,1.0,0.0,0.125,0.0,1.0,0.005898313082458417,0.3333333333333333,0.0,0.004128819157720892,0.4666666666666667,0.4285714285714286,0.0,0.0875,score_free_checkedbag
534607,2,0,7,4,0.0,0.5714285714285714,0.2142857142857143,Middle-age,Medium Spenders,0.0,1.75,1.5,0.4444444444444444,0.75,1.0,0.10416666666666667,0.5833333333333334,0.05,0.07291666666666667,0.6666666666666667,0.2142857142857143,0.25999999999999995,0.3261111111111111,score_free_checkedbag
534608,4,2,5,2,0.5,0.4,0.55,Middle-age,Medium Spenders,0.0,0.75,1.75,0.4444444444444444,1.0,1.0,0.09033423667570009,0.25,0.058333333333333334,0.06323396567299006,0.4,0.55,0.3408333333333333,0.3286111111111111,score_exclusive_discount
534661,1,1,7,0,1.0,0.0,1.0,Youth,Low Spenders,0.0,0.0,7.0,0.125,1.0,0.0,1.0,0.0,0.23333333333333334,0.7,0.0,1.0,0.4633333333333333,0.15749999999999997,score_exclusive_discount
534688,4,2,4,3,0.5,0.75,0.375,Middle-age,High Spenders,0.0,0.88,4.0,0.625,1.0,0.8,0.1336898395721925,0.29333333333333333,0.13333333333333333,0.09358288770053474,0.3946666666666667,0.375,0.3933333333333333,0.4775,score_free_night_flight
534697,1,1,8,1,1.0,0.125,0.9375,Middle-age,Low Spenders,0.0,0.0,4.5,0.2222222222222222,1.0,0.5,0.15527950310559005,0.0,0.15,0.10869565217391303,0.1,0.9375,0.40499999999999997,0.20055555555555554,score_exclusive_discount
534703,5,3,3,0,0.6,0.0,0.8,Middle-age,At Risk,0.33,0.0,1.0,0.375,1.0,1.0,0.11750881316098707,0.0,0.03333333333333333,0.08225616921269095,0.2,0.8,0.3233333333333333,0.27249999999999996,score_exclusive_discount
534742,2,1,6,1,0.5,0.16666666666666666,0.6666666666666667,Elderly,Low Spenders,0.0,0.0,2.5,0.25,1.0,0.5,0.2004008016032064,0.0,0.08333333333333333,0.14028056112224446,0.1,0.6666666666666667,0.35833333333333334,0.19999999999999998,score_exclusive_discount
534747,4,1,5,3,0.25,0.6,0.325,Middle-age,Medium Spenders,0.0,0.33,2.25,0.4444444444444444,1.0,0.75,0.1267427122940431,0.11,0.075,0.08871989860583017,0.23800000000000004,0.325,0.3525,0.3336111111111111,score_free_meal
534782,2,1,6,3,0.5,0.5,0.5,Youth,Champions,0.0,1.0,5.5,0.5,1.0,0.5,0.13812154696132597,0.3333333333333333,0.18333333333333332,0.09668508287292818,0.3666666666666667,0.5,0.42833333333333334,0.40499999999999997,score_exclusive_discount
534793,1,0,7,1,0.0,0.14285714285714285,0.4285714285714286,Youth,At Risk,0.0,0.0,1.0,0.125,1.0,1.0,0.1610305958132045,0.0,0.03333333333333333,0.11272141706924314,0.2,0.4285714285714286,0.3233333333333333,0.09749999999999999,score_exclusive_discount
534798,3,2,5,1,0.6666666666666666,0.2,0.7333333333333333,Middle-age,Low Spenders,0.0,0.0,1.33,0.375,1.0,1.0,0.11061946902654868,0.0,0.044333333333333336,0.07743362831858407,0.2,0.7333333333333333,0.33103333333333335,0.27579999999999993,score_exclusive_discount
534825,3,1,5,0,0.3333333333333333,0.0,0.6666666666666666,Middle-age,At Risk,0.0,0.0,0.0,0.125,0.0,1.0,0.12987012987012986,0.0,0.0,0.0909090909090909,0.2,0.6666666666666666,0.0,0.0875,score_exclusive_discount
534840,3,2,6,2,0.6666666666666666,0.3333333333333333,0.6666666666666666,Middle-age,High Spenders,0.0,0.0,1.5,0.4444444444444444,0.75,1.0,0.08643042350907519,0.0,0.05,0.06050129645635263,0.2,0.6666666666666666,0.25999999999999995,0.3261111111111111,score_exclusive_discount
534842,5,1,3,1,0.2,0.3333333333333333,0.43333333333333335,Middle-age,At Risk,0.0,0.0,1.0,0.25,1.0,1.0,0.09930486593843098,0.0,0.03333333333333333,0.06951340615690169,0.2,0.43333333333333335,0.3233333333333333,0.185,score_exclusive_discount
534858,3,1,5,4,0.3333333333333333,0.8,0.2666666666666666,Middle-age,High Spenders,0.2,1.0,2.0,0.625,1.0,1.0,0.11848341232227487,0.3333333333333333,0.06666666666666667,0.0829383886255924,0.4666666666666667,0.2666666666666666,0.3466666666666667,0.4575,score_free_checkedbag
534895,3,1,5,1,0.3333333333333333,0.2,0.5666666666666667,Middle-age,Low Spenders,0.0,0.5,3.0,0.25,1.0,1.0,0.11600928074245938,0.16666666666666666,0.1,0.08120649651972156,0.33333333333333337,0.5666666666666667,0.37,0.205,score_exclusive_discount
534903,2,0,7,3,0.0,0.42857142857142855,0.2857142857142857,Middle-age,Champions,0.0,0.17,2.0,0.3333333333333333,1.0,1.0,0.11600928074245938,0.05666666666666667,0.06666666666666667,0.08120649651972156,0.24533333333333335,0.2857142857142857,0.3466666666666667,0.2533333333333333,score_free_meal
534939,3,0,5,3,0.0,0.6,0.2,Middle-age,Champions,0.0,0.0,5.67,0.375,1.0,0.6666666666666666,0.1107419712070875,0.0,0.189,0.07751937984496124,0.13333333333333333,0.2,0.4323,0.31919999999999993,score_free_meal
534948,2,1,6,3,0.5,0.5,0.5,Middle-age,High Spenders,0.0,0.5,5.75,0.5,1.0,0.25,0.16051364365971107,0.16666666666666666,0.19166666666666668,0.11235955056179775,0.18333333333333335,0.5,0.43416666666666665,0.4075,score_exclusive_discount
534957,1,1,7,3,1.0,0.42857142857142855,0.7857142857142857,Middle-age,Medium Spenders,0.0,0.0,1.0,0.5,0.5,1.0,0.11990407673860912,0.0,0.03333333333333333,0.08393285371702637,0.2,0.7857142857142857,0.17333333333333334,0.36,score_exclusive_discount
534971,2,2,6,0,1.0,0.0,1.0,Middle-age,At Risk,0.0,0.5,1.5,0.25,1.0,1.0,0.1594896331738437,0.16666666666666666,0.05,0.11164274322169059,0.33333333333333337,1.0,0.33499999999999996,0.19,score_exclusive_discount
534986,3,1,5,3,0.3333333333333333,0.6,0.3666666666666667,Middle-age,Champions,0.0,0.62,5.0,0.5,1.0,1.0,0.09950248756218905,0.20666666666666667,0.16666666666666666,0.06965174129353233,0.36533333333333334,0.3666666666666667,0.41666666666666663,0.39999999999999997,score_free_meal
535003,3,0,6,0,0.0,0.0,0.5,0,0,0.0,0.0,0.0,0.0,0.0,0.0,0.0,0.0,0.0,0.0,0.0,0.5,0.0,0.0,score_exclusive_discount
535007,3,3,5,4,1.0,0.8,0.6,Middle-age,Champions,0.14,0.2,2.8,0.875,1.0,1.0,0.10604453870625663,0.06666666666666667,0.09333333333333332,0.07423117709437964,0.25333333333333335,0.6,0.3653333333333333,0.6405,score_free_night_flight
535024,2,1,6,3,0.5,0.5,0.5,Middle-age,Low Spenders,0.25,1.0,2.5,0.5,1.0,1.0,0.0847457627118644,0.3333333333333333,0.08333333333333333,0.05932203389830508,0.4666666666666667,0.5,0.35833333333333334,0.375,score_exclusive_discount
535035,3,2,5,2,0.6666666666666666,0.4,0.6333333333333333,Middle-age,Champions,0.0,0.33,7.25,0.5,1.0,0.75,0.1075268817204301,0.11,0.24166666666666667,0.07526881720430106,0.23800000000000004,0.6333333333333333,0.4691666666666666,0.4225,score_exclusive_discount
535047,1,1,7,3,1.0,0.42857142857142855,0.7857142857142857,Middle-age,Champions,0.0,0.38,3.5,0.5,1.0,1.0,0.08453085376162299,0.12666666666666668,0.11666666666666667,0.05917159763313609,0.30133333333333334,0.7857142857142857,0.38166666666666665,0.38499999999999995,score_exclusive_discount
535051,3,2,5,2,0.6666666666666666,0.4,0.6333333333333333,Middle-age,High Spenders,0.0,0.33,5.0,0.5,1.0,0.75,0.1529051987767584,0.11,0.16666666666666666,0.10703363914373087,0.23800000000000004,0.6333333333333333,0.41666666666666663,0.39999999999999997,score_exclusive_discount
535060,2,1,6,3,0.5,0.5,0.5,Middle-age,Medium Spenders,0.0,0.5,1.0,0.5,1.0,1.0,0.12121212121212122,0.16666666666666666,0.03333333333333333,0.08484848484848484,0.33333333333333337,0.5,0.3233333333333333,0.36,score_exclusive_discount
535063,3,1,6,3,0.3333333333333333,0.5,0.41666666666666663,Middle-age,High Spenders,0.0,0.67,2.75,0.4444444444444444,1.0,0.75,0.1392757660167131,0.22333333333333336,0.09166666666666666,0.09749303621169916,0.3286666666666667,0.41666666666666663,0.36416666666666664,0.3386111111111111,score_exclusive_discount
535081,3,2,5,2,0.6666666666666666,0.4,0.6333333333333333,Middle-age,Champions,0.0,1.0,4.5,0.5,1.0,0.5,0.12594458438287154,0.3333333333333333,0.15,0.08816120906801007,0.3666666666666667,0.6333333333333333,0.40499999999999997,0.39499999999999996,score_exclusive_discount
535099,0,0,8,5,0.0,0.625,0.5,Middle-age,High Spenders,0.0,1.2,2.8,0.625,1.0,1.0,0.10905125408942203,0.39999999999999997,0.09333333333333332,0.07633587786259541,0.52,0.5,0.3653333333333333,0.4655,score_free_checkedbag
535135,3,1,5,3,0.3333333333333333,0.6,0.3666666666666667,Middle-age,High Spenders,0.0,0.33,4.75,0.5,1.0,0.75,0.11286681715575622,0.11,0.15833333333333333,0.07900677200902935,0.23800000000000004,0.3666666666666667,0.41083333333333333,0.39749999999999996,score_free_meal
535136,3,1,5,2,0.3333333333333333,0.4,0.4666666666666667,Youth,Medium Spenders,0.0,0.33,2.67,0.375,1.0,1.0,0.11806375442739081,0.11,0.089,0.08264462809917356,0.28800000000000003,0.4666666666666667,0.36229999999999996,0.28919999999999996,score_exclusive_discount
535149,3,1,5,0,0.3333333333333333,0.0,0.6666666666666666,Middle-age,At Risk,0.0,2.0,2.0,0.125,1.0,1.0,0.13986013986013984,0.6666666666666666,0.06666666666666667,0.09790209790209789,0.7333333333333334,0.6666666666666666,0.3466666666666667,0.1075,score_free_checkedbag
535155,1,0,7,1,0.0,0.14285714285714285,0.4285714285714286,Middle-age,At Risk,0.0,1.0,1.0,0.125,1.0,1.0,0.1855287569573284,0.3333333333333333,0.03333333333333333,0.12987012987012989,0.4666666666666667,0.4285714285714286,0.3233333333333333,0.09749999999999999,score_free_checkedbag
535177,4,2,4,0,0.5,0.0,0.75,Middle-age,Champions,0.0,0.75,4.5,0.25,1.0,1.0,0.11325028312570781,0.25,0.15,0.07927519818799546,0.4,0.75,0.40499999999999997,0.21999999999999997,score_exclusive_discount
535189,2,0,6,2,0.0,0.3333333333333333,0.33333333333333337,Middle-age,Medium Spenders,0.0,0.25,1.5,0.25,1.0,1.0,0.12531328320802004,0.08333333333333333,0.05,0.08771929824561403,0.26666666666666666,0.33333333333333337,0.33499999999999996,0.19,score_free_meal
535229,4,2,4,1,0.5,0.25,0.625,Middle-age,Medium Spenders,0.0,0.0,4.33,0.375,1.0,1.0,0.09569377990430622,0.0,0.14433333333333334,0.06698564593301434,0.2,0.625,0.40103333333333335,0.30579999999999996,score_exclusive_discount
535266,2,1,7,1,0.5,0.14285714285714285,0.6785714285714286,Middle-age,Champions,0.0,0.75,2.0,0.2222222222222222,0.5,0.5,0.0032309133792123032,0.25,0.06666666666666667,0.002261639365448612,0.30000000000000004,0.6785714285714286,0.19666666666666666,0.17555555555555552,score_exclusive_discount
535311,3,0,6,2,0.0,0.3333333333333333,0.33333333333333337,Middle-age,High Spenders,0.0,0.0,4.5,0.2222222222222222,0.5,1.0,0.1388888888888889,0.0,0.15,0.09722222222222222,0.2,0.33333333333333337,0.255,0.20055555555555554,score_exclusive_discount
535341,1,0,8,3,0.0,0.375,0.3125,Middle-age,High Spenders,0.0,0.0,5.67,0.3333333333333333,1.0,1.0,0.1053740779768177,0.0,0.189,0.0737618545837724,0.2,0.3125,0.4323,0.2900333333333333,score_free_meal
535365,1,0,7,2,0.0,0.2857142857142857,0.35714285714285715,Middle-age,At Risk,0.0,0.5,3.0,0.25,1.0,1.0,0.08968609865470852,0.16666666666666666,0.1,0.06278026905829595,0.33333333333333337,0.35714285714285715,0.37,0.205,score_free_meal
535398,2,1,6,2,0.5,0.3333333333333333,0.5833333333333334,Middle-age,Medium Spenders,0.0,0.5,3.67,0.375,1.0,1.0,0.09615384615384615,0.16666666666666666,0.12233333333333334,0.06730769230769229,0.33333333333333337,0.5833333333333334,0.38563333333333333,0.29919999999999997,score_exclusive_discount
535441,2,0,6,4,0.0,0.6666666666666666,0.16666666666666669,Middle-age,High Spenders,0.0,0.5,3.0,0.5,1.0,1.0,0.111731843575419,0.16666666666666666,0.1,0.0782122905027933,0.33333333333333337,0.16666666666666669,0.37,0.38,score_free_night_flight
535447,2,2,7,3,1.0,0.42857142857142855,0.7857142857142857,Middle-age,Champions,0.0,1.2,2.2,0.5555555555555556,1.0,1.0,0.12254901960784313,0.39999999999999997,0.07333333333333333,0.08578431372549018,0.52,0.7857142857142857,0.35133333333333333,0.4108888888888889,score_exclusive_discount
535459,2,1,6,3,0.5,0.5,0.5,Middle-age,Medium Spenders,0.0,0.0,2.0,0.5,0.75,0.75,0.14727540500736377,0.0,0.06666666666666667,0.10309278350515463,0.15000000000000002,0.5,0.2716666666666666,0.37,score_exclusive_discount
535473,1,0,7,1,0.0,0.14285714285714285,0.4285714285714286,Middle-age,Champions,0.0,0.5,0.0,0.125,0.0,1.0,0.0039455513908068654,0.16666666666666666,0.0,0.0027618859735648055,0.33333333333333337,0.4285714285714286,0.0,0.0875,score_exclusive_discount
535495,1,0,7,3,0.0,0.42857142857142855,0.2857142857142857,Middle-age,High Spenders,0.0,1.0,2.67,0.375,1.0,0.6666666666666666,0.12437810945273634,0.3333333333333333,0.089,0.08706467661691543,0.4,0.2857142857142857,0.36229999999999996,0.28919999999999996,score_free_checkedbag
535497,2,0,6,0,0.0,0.0,0.5,0,0,0.0,0.0,0.0,0.0,0.0,0.0,0.0,0.0,0.0,0.0,0.0,0.5,0.0,0.0,score_exclusive_discount
535502,2,0,7,3,0.0,0.42857142857142855,0.2857142857142857,Middle-age,Medium Spenders,0.0,0.67,1.67,0.3333333333333333,1.0,1.0,0.14970059880239522,0.22333333333333336,0.05566666666666666,0.10479041916167665,0.3786666666666667,0.2857142857142857,0.33896666666666664,0.25003333333333333,score_free_checkedbag
535553,1,0,8,2,0.0,0.25,0.375,Middle-age,Low Spenders,0.0,0.5,4.0,0.2222222222222222,1.0,1.0,0.10834236186348863,0.16666666666666666,0.13333333333333333,0.07583965330444203,0.33333333333333337,0.375,0.3933333333333333,0.19555555555555554,score_free_meal
535595,2,1,6,1,0.5,0.16666666666666666,0.6666666666666667,Middle-age,Champions,0.0,0.4,3.0,0.25,0.5,1.0,0.008567511994516792,0.13333333333333333,0.1,0.005997258396161754,0.3066666666666667,0.6666666666666667,0.21999999999999997,0.205,score_exclusive_discount
535600,1,0,7,3,0.0,0.42857142857142855,0.2857142857142857,Middle-age,High Spenders,0.0,0.0,4.0,0.375,0.6666666666666666,0.6666666666666666,0.10438413361169102,0.0,0.13333333333333333,0.07306889352818371,0.13333333333333333,0.2857142857142857,0.29333333333333333,0.30249999999999994,score_free_night_flight
535610,2,1,6,2,0.5,0.3333333333333333,0.5833333333333334,Middle-age,Low Spenders,0.0,1.0,2.0,0.375,1.0,0.6666666666666666,0.11695906432748537,0.3333333333333333,0.06666666666666667,0.08187134502923976,0.4,0.5833333333333334,0.3466666666666667,0.2825,score_exclusive_discount
535625,0,0,8,5,0.0,0.625,0.5,Middle-age,Medium Spenders,0.0,0.6,1.8,0.625,0.8,1.0,0.023359028264424198,0.19999999999999998,0.060000000000000005,0.01635131978509694,0.36,0.5,0.282,0.4555,score_exclusive_discount
535637,2,0,6,3,0.0,0.5,0.25,Middle-age,Low Spenders,0.0,0.0,3.67,0.375,1.0,0.3333333333333333,0.08445945945945946,0.0,0.12233333333333334,0.059121621621621614,0.06666666666666667,0.25,0.38563333333333333,0.29919999999999997,score_free_meal
535644,2,1,8,3,0.5,0.375,0.5625,Middle-age,Medium Spenders,0.0,0.25,2.5,0.4,1.0,1.0,0.11037527593818984,0.08333333333333333,0.08333333333333333,0.07726269315673288,0.26666666666666666,0.5625,0.35833333333333334,0.305,score_exclusive_discount
535682,1,0,7,0,0.0,0.0,0.5,0,0,0.0,0.0,0.0,0.0,0.0,0.0,0.0,0.0,0.0,0.0,0.0,0.5,0.0,0.0,score_exclusive_discount
535686,3,2,6,3,0.6666666666666666,0.5,0.5833333333333333,Middle-age,High Spenders,0.2,0.67,1.67,0.5555555555555556,1.0,1.0,0.14104372355430184,0.22333333333333336,0.05566666666666666,0.09873060648801128,0.3786666666666667,0.5833333333333333,0.33896666666666664,0.4055888888888889,score_exclusive_discount
535701,2,0,6,1,0.0,0.16666666666666666,0.4166666666666667,Middle-age,High Spenders,0.0,0.0,1.0,0.125,1.0,1.0,0.09615384615384615,0.0,0.03333333333333333,0.06730769230769229,0.2,0.4166666666666667,0.3233333333333333,0.09749999999999999,score_exclusive_discount
535702,1,0,7,5,0.0,0.7142857142857143,0.14285714285714285,Middle-age,Champions,0.0,0.6,3.8,0.625,1.0,1.0,0.10940919037199125,0.19999999999999998,0.12666666666666665,0.07658643326039387,0.36,0.14285714285714285,0.3886666666666666,0.4755,score_free_night_flight
535706,2,1,6,0,0.5,0.0,0.75,Middle-age,At Risk,0.0,1.0,1.0,0.125,1.0,1.0,0.10683760683760685,0.3333333333333333,0.03333333333333333,0.07478632478632478,0.4666666666666667,0.75,0.3233333333333333,0.09749999999999999,score_exclusive_discount
535734,2,0,6,2,0.0,0.3333333333333333,0.33333333333333337,Middle-age,Low Spenders,0.0,0.0,1.5,0.25,1.0,1.0,0.12210012210012208,0.0,0.05,0.08547008547008546,0.2,0.33333333333333337,0.33499999999999996,0.19,score_free_meal
535737,1,0,7,0,0.0,0.0,0.5,0,0,0.0,0.0,0.0,0.0,0.0,0.0,0.0,0.0,0.0,0.0,0.0,0.5,0.0,0.0,score_exclusive_discount
535746,3,2,5,1,0.6666666666666666,0.2,0.7333333333333333,Middle-age,Medium Spenders,0.0,1.0,4.33,0.375,1.0,0.6666666666666666,0.08802816901408451,0.3333333333333333,0.14433333333333334,0.061619718309859156,0.4,0.7333333333333333,0.40103333333333335,0.30579999999999996,score_exclusive_discount
535747,1,1,7,1,1.0,0.14285714285714285,0.9285714285714286,Youth,High Spenders,0.0,0.0,8.5,0.25,1.0,0.5,0.10373443983402489,0.0,0.2833333333333333,0.07261410788381742,0.1,0.9285714285714286,0.4983333333333333,0.26,score_exclusive_discount
535791,1,1,7,1,1.0,0.14285714285714285,0.9285714285714286,Middle-age,High Spenders,0.0,0.17,3.0,0.25,1.0,1.0,0.1620745542949757,0.05666666666666667,0.1,0.11345218800648298,0.24533333333333335,0.9285714285714286,0.37,0.205,score_exclusive_discount
535795,3,2,5,3,0.6666666666666666,0.6,0.5333333333333333,Middle-age,High Spenders,0.0,0.8,2.6,0.625,1.0,1.0,0.1639344262295082,0.26666666666666666,0.08666666666666667,0.11475409836065574,0.41333333333333333,0.5333333333333333,0.36066666666666664,0.4635,score_exclusive_discount
535878,4,1,6,3,0.25,0.5,0.375,Middle-age,Champions,0.0,0.83,7.25,0.4,1.0,0.75,0.11441647597254004,0.27666666666666667,0.24166666666666667,0.08009153318077802,0.3713333333333334,0.375,0.4691666666666666,0.3525,score_free_meal
535879,1,1,7,4,1.0,0.5714285714285714,0.7142857142857143,Middle-age,Champions,0.0,0.5,3.6,0.625,1.0,0.8,0.11600928074245938,0.16666666666666666,0.12000000000000001,0.08120649651972156,0.29333333333333333,0.7142857142857143,0.384,0.47350000000000003,score_exclusive_discount
535885,2,0,6,3,0.0,0.5,0.25,Middle-age,Champions,0.0,0.0,7.0,0.375,1.0,0.3333333333333333,0.1278772378516624,0.0,0.23333333333333334,0.08951406649616368,0.06666666666666667,0.25,0.4633333333333333,0.33249999999999996,score_free_meal
535896,4,0,4,2,0.0,0.5,0.25,Middle-age,Low Spenders,0.0,0.5,1.0,0.25,1.0,1.0,0.11876484560570072,0.16666666666666666,0.03333333333333333,0.0831353919239905,0.33333333333333337,0.25,0.3233333333333333,0.185,score_free_checkedbag
535905,5,2,3,1,0.4,0.3333333333333333,0.5333333333333333,Middle-age,Low Spenders,0.33,1.0,3.0,0.375,1.0,1.0,0.12919896640826872,0.3333333333333333,0.1,0.0904392764857881,0.4666666666666667,0.5333333333333333,0.37,0.2925,score_exclusive_discount
535906,3,3,5,2,1.0,0.4,0.8,Middle-age,Champions,0.0,0.33,5.0,0.625,1.0,0.6,0.08149959250203749,0.11,0.16666666666666666,0.05704971475142624,0.20800000000000002,0.8,0.41666666666666663,0.4875,score_exclusive_discount
535912,1,0,7,5,0.0,0.7142857142857143,0.14285714285714285,Middle-age,High Spenders,0.0,0.2,2.2,0.625,1.0,1.0,0.12755102040816327,0.06666666666666667,0.07333333333333333,0.08928571428571429,0.25333333333333335,0.14285714285714285,0.35133333333333333,0.4595,score_free_night_flight
535942,3,0,5,2,0.0,0.4,0.3,Middle-age,Medium Spenders,0.0,0.5,3.5,0.25,1.0,1.0,0.09587727708533078,0.16666666666666666,0.11666666666666667,0.06711409395973154,0.33333333333333337,0.3,0.38166666666666665,0.21,score_free_meal
535983,2,0,6,1,0.0,0.16666666666666666,0.4166666666666667,Middle-age,Low Spenders,0.0,1.0,0.0,0.125,0.0,1.0,0.1652892561983471,0.3333333333333333,0.0,0.11570247933884296,0.4666666666666667,0.4166666666666667,0.0,0.0875,score_free_checkedbag
535994,3,1,5,0,0.3333333333333333,0.0,0.6666666666666666,Youth,Low Spenders,0.0,0.0,11.0,0.125,1.0,0.0,1.0,0.0,0.36666666666666664,0.7,0.0,0.6666666666666666,0.5566666666666666,0.19749999999999998,score_free_cancellation
536000,1,1,7,4,1.0,0.5714285714285714,0.7142857142857143,Middle-age,Medium Spenders,0.2,0.33,2.0,0.625,0.8,1.0,0.13157894736842105,0.11,0.06666666666666667,0.09210526315789473,0.28800000000000003,0.7142857142857143,0.2866666666666666,0.4575,score_exclusive_discount
536016,2,1,6,1,0.5,0.16666666666666666,0.6666666666666667,Middle-age,High Spenders,0.0,0.0,3.5,0.25,0.5,1.0,0.12330456226880396,0.0,0.11666666666666667,0.08631319358816276,0.2,0.6666666666666667,0.23166666666666666,0.21,score_exclusive_discount
536034,0,0,8,2,0.0,0.25,0.5,Middle-age,High Spenders,0.0,0.0,5.0,0.25,1.0,0.5,0.0927643784786642,0.0,0.16666666666666666,0.06493506493506494,0.1,0.5,0.41666666666666663,0.22499999999999998,score_exclusive_discount
536035,3,0,5,2,0.0,0.4,0.3,Middle-age,Medium Spenders,0.0,0.5,1.5,0.25,1.0,1.0,0.14992503748125938,0.16666666666666666,0.05,0.10494752623688156,0.33333333333333337,0.3,0.33499999999999996,0.19,score_free_meal
536039,4,3,4,4,0.75,1.0,0.375,Middle-age,Champions,0.14,0.33,3.8,0.875,0.7142857142857143,0.7142857142857143,0.12594458438287154,0.11,0.12666666666666665,0.08816120906801007,0.23085714285714287,0.375,0.3029523809523809,0.6505,score_free_night_flight
536050,1,1,7,2,1.0,0.2857142857142857,0.8571428571428572,Middle-age,Medium Spenders,0.0,1.33,1.67,0.375,1.0,1.0,0.1631321370309951,0.44333333333333336,0.05566666666666666,0.11419249592169657,0.5546666666666666,0.8571428571428572,0.33896666666666664,0.27919999999999995,score_exclusive_discount
536058,2,1,6,1,0.5,0.16666666666666666,0.6666666666666667,Middle-age,Champions,0.0,1.0,5.5,0.25,1.0,0.5,0.09514747859181732,0.3333333333333333,0.18333333333333332,0.06660323501427212,0.3666666666666667,0.6666666666666667,0.42833333333333334,0.22999999999999998,score_exclusive_discount
536066,4,0,5,3,0.0,0.6,0.2,Middle-age,Medium Spenders,0.0,0.33,2.33,0.3333333333333333,1.0,1.0,0.11792452830188678,0.11,0.07766666666666668,0.08254716981132074,0.28800000000000003,0.2,0.35436666666666666,0.2566333333333333,score_free_meal
536086,2,2,6,1,1.0,0.16666666666666666,0.9166666666666667,Middle-age,Champions,0.0,0.5,1.33,0.375,1.0,1.0,0.12135922330097088,0.16666666666666666,0.044333333333333336,0.0849514563106796,0.33333333333333337,0.9166666666666667,0.33103333333333335,0.27579999999999993,score_exclusive_discount
536099,1,1,7,3,1.0,0.42857142857142855,0.7857142857142857,Middle-age,High Spenders,0.0,0.0,5.25,0.5,1.0,0.5,0.09871668311944717,0.0,0.175,0.06910167818361301,0.1,0.7857142857142857,0.4225,0.40249999999999997,score_exclusive_discount
536135,3,0,5,0,0.0,0.0,0.5,0,0,0.0,0.0,0.0,0.0,0.0,0.0,0.0,0.0,0.0,0.0,0.0,0.5,0.0,0.0,score_exclusive_discount
536170,1,0,8,0,0.0,0.0,0.5,0,0,0.0,0.0,0.0,0.0,0.0,0.0,0.0,0.0,0.0,0.0,0.0,0.5,0.0,0.0,score_exclusive_discount
536212,3,1,5,1,0.3333333333333333,0.2,0.5666666666666667,0,0,0.0,0.0,0.0,0.0,0.0,0.0,0.0,0.0,0.0,0.0,0.0,0.5666666666666667,0.0,0.0,score_exclusive_discount
536228,2,0,7,1,0.0,0.14285714285714285,0.4285714285714286,Youth,Low Spenders,0.0,0.0,8.0,0.1111111111111111,1.0,0.0,1.0,0.0,0.26666666666666666,0.7,0.0,0.4285714285714286,0.48666666666666664,0.15777777777777777,score_free_cancellation
536229,2,1,6,1,0.5,0.16666666666666666,0.6666666666666667,Middle-age,High Spenders,0.0,0.0,7.0,0.25,0.5,0.5,0.16611295681063123,0.0,0.23333333333333334,0.11627906976744186,0.1,0.6666666666666667,0.31333333333333335,0.245,score_exclusive_discount
536241,2,2,6,0,1.0,0.0,1.0,Middle-age,Champions,0.0,0.17,2.0,0.25,0.5,1.0,0.10869565217391305,0.05666666666666667,0.06666666666666667,0.07608695652173914,0.24533333333333335,1.0,0.19666666666666666,0.19499999999999998,score_exclusive_discount
536275,3,1,5,0,0.3333333333333333,0.0,0.6666666666666666,Middle-age,At Risk,0.0,0.0,2.0,0.125,1.0,1.0,0.1278772378516624,0.0,0.06666666666666667,0.08951406649616368,0.2,0.6666666666666666,0.3466666666666667,0.1075,score_exclusive_discount
536278,1,0,8,3,0.0,0.375,0.3125,Middle-age,Champions,0.0,0.17,8.0,0.3333333333333333,1.0,0.6666666666666666,0.11481056257175659,0.05666666666666667,0.26666666666666666,0.08036739380022961,0.17866666666666667,0.3125,0.48666666666666664,0.3133333333333333,score_free_meal
536313,2,1,6,1,0.5,0.16666666666666666,0.6666666666666667,Middle-age,Champions,0.0,0.0,5.0,0.25,1.0,0.5,0.12019230769230768,0.0,0.16666666666666666,0.08413461538461538,0.1,0.6666666666666667,0.41666666666666663,0.22499999999999998,score_exclusive_discount
536343,1,0,7,2,0.0,0.2857142857142857,0.35714285714285715,Middle-age,Champions,0.0,0.12,1.5,0.25,0.5,1.0,0.2747252747252747,0.04,0.05,0.19230769230769226,0.232,0.35714285714285715,0.185,0.19,score_exclusive_discount
536387,4,2,5,2,0.5,0.4,0.55,Middle-age,High Spenders,0.0,0.67,2.25,0.4444444444444444,0.75,0.75,0.012391573729863692,0.22333333333333336,0.075,0.008674101610904584,0.3286666666666667,0.55,0.27749999999999997,0.3336111111111111,score_exclusive_discount
536431,3,1,5,4,0.3333333333333333,0.8,0.2666666666666666,Middle-age,Champions,0.0,0.75,5.8,0.625,1.0,0.8,0.07993605115907275,0.25,0.19333333333333333,0.05595523581135092,0.36000000000000004,0.2666666666666666,0.43533333333333335,0.4955,score_free_night_flight
536467,1,0,7,2,0.0,0.2857142857142857,0.35714285714285715,Middle-age,Medium Spenders,0.0,0.5,3.5,0.25,1.0,1.0,0.12091898428053205,0.16666666666666666,0.11666666666666667,0.08464328899637243,0.33333333333333337,0.35714285714285715,0.38166666666666665,0.21,score_free_meal
536469,0,0,8,1,0.0,0.125,0.5,Middle-age,Low Spenders,0.0,1.0,4.0,0.125,1.0,1.0,0.11248593925759279,0.3333333333333333,0.13333333333333333,0.07874015748031495,0.4666666666666667,0.5,0.3933333333333333,0.1275,score_exclusive_discount
536474,2,2,7,3,1.0,0.42857142857142855,0.7857142857142857,Middle-age,Low Spenders,0.4,0.0,3.0,0.5555555555555556,0.8,1.0,0.07401924500370097,0.0,0.1,0.05181347150259068,0.2,0.7857142857142857,0.31,0.41888888888888887,score_exclusive_discount
536488,1,0,7,0,0.0,0.0,0.5,0,0,0.0,0.0,0.0,0.0,0.0,0.0,0.0,0.0,0.0,0.0,0.0,0.5,0.0,0.0,score_exclusive_discount
536489,3,3,5,3,1.0,0.6,0.7,Middle-age,Champions,0.0,0.7,4.67,0.75,0.8333333333333334,0.8333333333333334,0.012485953302534648,0.2333333333333333,0.15566666666666668,0.008740167311774252,0.35333333333333333,0.7,0.35896666666666666,0.5716999999999999,score_exclusive_discount
536490,3,1,5,2,0.3333333333333333,0.4,0.4666666666666667,Middle-age,High Spenders,0.0,0.67,2.0,0.375,1.0,1.0,0.09727626459143969,0.22333333333333336,0.06666666666666667,0.06809338521400778,0.3786666666666667,0.4666666666666667,0.3466666666666667,0.2825,score_exclusive_discount
536532,0,0,8,3,0.0,0.375,0.5,Middle-age,Medium Spenders,0.0,1.0,6.0,0.375,1.0,0.6666666666666666,0.12254901960784313,0.3333333333333333,0.2,0.08578431372549018,0.4,0.5,0.43999999999999995,0.32249999999999995,score_exclusive_discount
536566,2,0,6,2,0.0,0.3333333333333333,0.33333333333333337,Middle-age,Low Spenders,0.0,0.5,2.5,0.25,1.0,1.0,0.14641288433382138,0.16666666666666666,0.08333333333333333,0.10248901903367497,0.33333333333333337,0.33333333333333337,0.35833333333333334,0.19999999999999998,score_free_meal
536574,4,2,4,2,0.5,0.5,0.5,Middle-age,High Spenders,0.0,0.67,4.5,0.5,1.0,0.75,0.11441647597254004,0.22333333333333336,0.15,0.08009153318077802,0.3286666666666667,0.5,0.40499999999999997,0.39499999999999996,score_exclusive_discount
536594,2,0,7,2,0.0,0.2857142857142857,0.35714285714285715,Elderly,High Spenders,0.0,0.0,7.0,0.2222222222222222,1.0,0.0,1.0,0.0,0.23333333333333334,0.7,0.0,0.35714285714285715,0.4633333333333333,0.2255555555555555,score_free_cancellation
536604,2,0,6,2,0.0,0.3333333333333333,0.33333333333333337,Middle-age,Low Spenders,0.0,0.5,0.5,0.25,0.5,1.0,0.1183431952662722,0.16666666666666666,0.016666666666666666,0.08284023668639054,0.33333333333333337,0.33333333333333337,0.16166666666666665,0.18,score_free_checkedbag
536622,0,0,8,4,0.0,0.5,0.5,Middle-age,Medium Spenders,0.0,0.5,2.0,0.5,0.75,1.0,0.11428571428571428,0.16666666666666666,0.06666666666666667,0.07999999999999999,0.33333333333333337,0.5,0.2716666666666666,0.37,score_exclusive_discount
536641,1,1,7,4,1.0,0.5714285714285714,0.7142857142857143,Middle-age,High Spenders,0.0,0.4,1.4,0.625,1.0,1.0,0.12578616352201258,0.13333333333333333,0.04666666666666666,0.0880503144654088,0.3066666666666667,0.7142857142857143,0.33266666666666667,0.4515,score_exclusive_discount
536651,4,3,4,0,0.75,0.0,0.875,Middle-age,Champions,0.0,1.0,1.0,0.375,1.0,1.0,0.1394700139470014,0.3333333333333333,0.03333333333333333,0.09762900976290097,0.4666666666666667,0.875,0.3233333333333333,0.27249999999999996,score_exclusive_discount
536652,0,0,8,4,0.0,0.5,0.5,Youth,Medium Spenders,0.0,0.0,4.5,0.5,1.0,0.75,0.14367816091954022,0.0,0.15,0.10057471264367815,0.15000000000000002,0.5,0.40499999999999997,0.39499999999999996,score_exclusive_discount
536656,4,1,5,2,0.25,0.4,0.425,Middle-age,High Spenders,0.0,0.17,1.67,0.3333333333333333,1.0,1.0,0.09532888465204957,0.05666666666666667,0.05566666666666666,0.0667302192564347,0.24533333333333335,0.425,0.33896666666666664,0.25003333333333333,score_exclusive_discount
536658,2,1,6,1,0.5,0.16666666666666666,0.6666666666666667,Middle-age,Low Spenders,0.0,0.5,1.0,0.25,0.5,1.0,0.12285012285012284,0.16666666666666666,0.03333333333333333,0.08599508599508598,0.33333333333333337,0.6666666666666667,0.17333333333333334,0.185,score_exclusive_discount
536659,1,1,7,5,1.0,0.7142857142857143,0.6428571428571428,Middle-age,Champions,0.0,0.56,4.83,0.75,1.0,1.0,0.11389521640091115,0.18666666666666668,0.161,0.0797266514806378,0.3493333333333334,0.6428571428571428,0.41269999999999996,0.5732999999999999,score_exclusive_discount
536672,2,1,6,4,0.5,0.6666666666666666,0.4166666666666667,Middle-age,Champions,0.0,0.0,2.2,0.625,0.8,1.0,0.027964205816554812,0.0,0.07333333333333333,0.019574944071588368,0.2,0.4166666666666667,0.29133333333333333,0.4595,score_free_night_flight
536675,2,1,6,2,0.5,0.3333333333333333,0.5833333333333334,Middle-age,Low Spenders,0.0,0.67,1.0,0.375,0.6666666666666666,1.0,0.09910802775024777,0.22333333333333336,0.03333333333333333,0.06937561942517344,0.3786666666666667,0.5833333333333334,0.22333333333333333,0.27249999999999996,score_exclusive_discount
536691,4,3,4,2,0.75,0.5,0.625,Middle-age,Champions,0.0,0.47,2.0,0.625,0.4,1.0,0.10615711252653928,0.15666666666666665,0.06666666666666667,0.07430997876857749,0.32533333333333336,0.625,0.16666666666666666,0.4575,score_exclusive_discount
536695,1,1,7,5,1.0,0.7142857142857143,0.6428571428571428,Middle-age,High Spenders,0.0,0.5,2.0,0.75,0.8333333333333334,1.0,0.1347708894878706,0.16666666666666666,0.06666666666666667,0.09433962264150943,0.33333333333333337,0.6428571428571428,0.29666666666666663,0.5449999999999999,score_exclusive_discount
536763,1,0,7,2,0.0,0.2857142857142857,0.35714285714285715,Middle-age,Low Spenders,0.0,0.5,1.0,0.25,0.5,1.0,0.12422360248447203,0.16666666666666666,0.03333333333333333,0.08695652173913042,0.33333333333333337,0.35714285714285715,0.17333333333333334,0.185,score_exclusive_discount
536764,1,0,7,5,0.0,0.7142857142857143,0.14285714285714285,Middle-age,High Spenders,0.0,0.8,2.0,0.625,0.8,1.0,0.11737089201877934,0.26666666666666666,0.06666666666666667,0.08215962441314553,0.41333333333333333,0.14285714285714285,0.2866666666666666,0.4575,score_free_night_flight
536782,1,1,7,3,1.0,0.42857142857142855,0.7857142857142857,Middle-age,Medium Spenders,0.0,0.5,2.75,0.5,1.0,1.0,0.1092896174863388,0.16666666666666666,0.09166666666666666,0.07650273224043715,0.33333333333333337,0.7857142857142857,0.36416666666666664,0.37749999999999995,score_exclusive_discount
536791,3,1,5,2,0.3333333333333333,0.4,0.4666666666666667,Middle-age,High Spenders,0.0,0.33,1.67,0.375,1.0,1.0,0.11415525114155252,0.11,0.05566666666666666,0.07990867579908675,0.28800000000000003,0.4666666666666667,0.33896666666666664,0.27919999999999995,score_exclusive_discount
536810,3,0,6,4,0.0,0.6666666666666666,0.16666666666666669,Middle-age,High Spenders,0.0,0.62,4.0,0.4444444444444444,1.0,1.0,0.10570824524312895,0.20666666666666667,0.13333333333333333,0.07399577167019027,0.36533333333333334,0.16666666666666669,0.3933333333333333,0.35111111111111104,score_free_meal
536843,1,0,7,4,0.0,0.5714285714285714,0.2142857142857143,Middle-age,High Spenders,0.0,0.67,2.0,0.5,1.0,0.75,0.14245014245014245,0.22333333333333336,0.06666666666666667,0.09971509971509972,0.3286666666666667,0.2142857142857143,0.3466666666666667,0.37,score_free_night_flight
536876,1,0,7,1,0.0,0.14285714285714285,0.4285714285714286,Middle-age,At Risk,0.0,1.0,1.0,0.125,1.0,1.0,0.14925373134328357,0.3333333333333333,0.03333333333333333,0.10447761194029849,0.4666666666666667,0.4285714285714286,0.3233333333333333,0.09749999999999999,score_free_checkedbag
536893,2,0,6,2,0.0,0.3333333333333333,0.33333333333333337,Elderly,Low Spenders,0.0,0.0,4.0,0.25,1.0,0.5,0.09425070688030161,0.0,0.13333333333333333,0.06597549481621112,0.1,0.33333333333333337,0.3933333333333333,0.215,score_free_meal
536951,1,0,7,5,0.0,0.7142857142857143,0.14285714285714285,Middle-age,Medium Spenders,0.0,0.6,2.2,0.625,1.0,1.0,0.12254901960784313,0.19999999999999998,0.07333333333333333,0.08578431372549018,0.36,0.14285714285714285,0.35133333333333333,0.4595,score_free_night_flight
536964,1,0,7,1,0.0,0.14285714285714285,0.4285714285714286,Middle-age,At Risk,0.0,0.0,1.0,0.125,1.0,1.0,0.0881057268722467,0.0,0.03333333333333333,0.06167400881057269,0.2,0.4285714285714286,0.3233333333333333,0.09749999999999999,score_exclusive_discount
536995,0,0,8,2,0.0,0.25,0.5,Middle-age,High Spenders,0.0,0.5,6.0,0.25,1.0,1.0,0.008595495960116899,0.16666666666666666,0.2,0.006016847172081829,0.33333333333333337,0.5,0.43999999999999995,0.235,score_exclusive_discount
537038,2,0,7,1,0.0,0.14285714285714285,0.4285714285714286,Middle-age,At Risk,0.0,0.0,2.0,0.1111111111111111,1.0,1.0,0.12804097311139565,0.0,0.06666666666666667,0.08962868117797694,0.2,0.4285714285714286,0.3466666666666667,0.09777777777777777,score_exclusive_discount
537066,2,1,6,5,0.5,0.8333333333333334,0.3333333333333333,Middle-age,High Spenders,0.0,0.2,2.17,0.75,0.6666666666666666,0.8333333333333334,0.1092896174863388,0.06666666666666667,0.07233333333333333,0.07650273224043715,0.22000000000000003,0.3333333333333333,0.2506333333333333,0.5467,score_free_night_flight
537098,4,1,4,0,0.25,0.0,0.625,Middle-age,Low Spenders,0.0,0.5,1.0,0.125,1.0,1.0,0.06729475100942127,0.16666666666666666,0.03333333333333333,0.047106325706594884,0.33333333333333337,0.625,0.3233333333333333,0.09749999999999999,score_exclusive_discount
537121,2,1,6,0,0.5,0.0,0.75,Middle-age,At Risk,0.0,1.0,0.0,0.125,0.0,1.0,0.10593220338983052,0.3333333333333333,0.0,0.07415254237288135,0.4666666666666667,0.75,0.0,0.0875,score_exclusive_discount
537123,3,0,5,3,0.0,0.6,0.2,Middle-age,Champions,0.0,1.0,9.33,0.375,1.0,1.0,0.11695906432748537,0.3333333333333333,0.311,0.08187134502923976,0.4666666666666667,0.2,0.5176999999999999,0.35579999999999995,score_free_meal
537177,2,2,7,1,1.0,0.14285714285714285,0.9285714285714286,Middle-age,At Risk,0.33,0.0,0.0,0.3333333333333333,0.6666666666666666,1.0,0.12755102040816327,0.0,0.0,0.08928571428571429,0.2,0.9285714285714286,0.19999999999999998,0.2333333333333333,score_exclusive_discount
537181,3,1,5,4,0.3333333333333333,0.8,0.2666666666666666,Middle-age,Champions,0.0,0.75,3.4,0.625,1.0,0.8,0.1152073732718894,0.25,0.11333333333333333,0.08064516129032258,0.36000000000000004,0.2666666666666666,0.3793333333333333,0.4715,score_free_night_flight
537212,2,1,6,1,0.5,0.16666666666666666,0.6666666666666667,Youth,At Risk,0.0,0.0,4.0,0.25,1.0,0.5,0.18315018315018314,0.0,0.13333333333333333,0.1282051282051282,0.1,0.6666666666666667,0.3933333333333333,0.215,score_exclusive_discount
537227,2,0,6,1,0.0,0.16666666666666666,0.4166666666666667,Middle-age,At Risk,0.0,0.0,1.0,0.125,1.0,1.0,0.11778563015312131,0.0,0.03333333333333333,0.08244994110718491,0.2,0.4166666666666667,0.3233333333333333,0.09749999999999999,score_exclusive_discount
537289,1,0,7,4,0.0,0.5714285714285714,0.2142857142857143,Middle-age,Champions,0.0,0.0,2.75,0.5,1.0,0.75,0.11600928074245938,0.0,0.09166666666666666,0.08120649651972156,0.15000000000000002,0.2142857142857143,0.36416666666666664,0.37749999999999995,score_free_night_flight
537317,1,0,7,4,0.0,0.5714285714285714,0.2142857142857143,Middle-age,Champions,0.0,0.33,5.75,0.5,1.0,0.75,0.11806375442739081,0.11,0.19166666666666668,0.08264462809917356,0.23800000000000004,0.2142857142857143,0.43416666666666665,0.4075,score_free_meal
537373,3,2,6,3,0.6666666666666666,0.5,0.5833333333333333,Middle-age,High Spenders,0.0,0.4,2.8,0.5555555555555556,1.0,1.0,0.11918951132300357,0.13333333333333333,0.09333333333333332,0.0834326579261025,0.3066666666666667,0.5833333333333333,0.3653333333333333,0.41688888888888886,score_exclusive_discount
537393,4,3,4,1,0.75,0.25,0.75,Middle-age,Champions,0.0,0.5,2.0,0.5,0.75,1.0,0.12755102040816327,0.16666666666666666,0.06666666666666667,0.08928571428571429,0.33333333333333337,0.75,0.2716666666666666,0.37,score_exclusive_discount
537400,1,0,7,2,0.0,0.2857142857142857,0.35714285714285715,Youth,Champions,0.0,0.0,8.0,0.25,1.0,0.0,1.0,0.0,0.26666666666666666,0.7,0.0,0.35714285714285715,0.48666666666666664,0.255,score_free_cancellation
537412,2,1,6,3,0.5,0.5,0.5,Middle-age,High Spenders,0.0,0.33,5.75,0.5,1.0,0.75,0.09940357852882703,0.11,0.19166666666666668,0.06958250497017891,0.23800000000000004,0.5,0.43416666666666665,0.4075,score_exclusive_discount
537413,5,2,4,3,0.4,0.75,0.325,Middle-age,Medium Spenders,0.2,0.67,0.67,0.5555555555555556,0.6,1.0,0.1288659793814433,0.22333333333333336,0.022333333333333334,0.09020618556701031,0.3786666666666667,0.325,0.19563333333333333,0.3955888888888889,score_free_night_flight
537414,0,0,8,3,0.0,0.375,0.5,Middle-age,High Spenders,0.0,0.33,1.67,0.375,1.0,1.0,0.11682242990654207,0.11,0.05566666666666666,0.08177570093457945,0.28800000000000003,0.5,0.33896666666666664,0.27919999999999995,score_exclusive_discount
537470,3,2,5,0,0.6666666666666666,0.0,0.8333333333333333,Youth,At Risk,0.0,0.0,4.0,0.25,1.0,0.0,1.0,0.0,0.13333333333333333,0.7,0.0,0.8333333333333333,0.3933333333333333,0.215,score_exclusive_discount
537481,4,1,5,0,0.25,0.0,0.625,Elderly,At Risk,0.0,0.0,4.0,0.1111111111111111,1.0,0.0,1.0,0.0,0.13333333333333333,0.7,0.0,0.625,0.3933333333333333,0.11777777777777776,score_free_cancellation
537507,1,0,8,3,0.0,0.375,0.3125,Middle-age,Champions,0.0,0.0,11.33,0.3333333333333333,1.0,0.3333333333333333,0.003549875754348598,0.0,0.37766666666666665,0.0024849130280440185,0.06666666666666667,0.3125,0.5643666666666667,0.3466333333333333,score_free_meal
537560,2,2,6,4,1.0,0.6666666666666666,0.6666666666666667,Middle-age,Medium Spenders,0.0,0.8,1.83,0.75,0.8333333333333334,0.8333333333333334,0.11261261261261263,0.26666666666666666,0.061000000000000006,0.07882882882882883,0.38,0.6666666666666667,0.2927,0.5432999999999999,score_exclusive_discount
537580,2,2,6,2,1.0,0.3333333333333333,0.8333333333333334,Youth,Champions,0.0,0.5,5.75,0.5,1.0,0.5,0.15267175572519084,0.16666666666666666,0.19166666666666668,0.10687022900763359,0.23333333333333334,0.8333333333333334,0.43416666666666665,0.4075,score_exclusive_discount
537586,3,1,5,2,0.3333333333333333,0.4,0.4666666666666667,Middle-age,Medium Spenders,0.0,0.0,2.33,0.375,1.0,1.0,0.125,0.0,0.07766666666666668,0.0875,0.2,0.4666666666666667,0.35436666666666666,0.28579999999999994,score_exclusive_discount
537595,3,1,5,3,0.3333333333333333,0.6,0.3666666666666667,Middle-age,High Spenders,0.0,0.25,1.0,0.5,0.75,1.0,0.11148272017837237,0.08333333333333333,0.03333333333333333,0.07803790412486065,0.26666666666666666,0.3666666666666667,0.2483333333333333,0.36,score_exclusive_discount
537659,2,0,6,1,0.0,0.16666666666666666,0.4166666666666667,Youth,At Risk,0.0,0.0,2.0,0.125,1.0,0.0,1.0,0.0,0.06666666666666667,0.7,0.0,0.4166666666666667,0.3466666666666667,0.1075,score_free_cancellation
537671,4,1,4,2,0.25,0.5,0.375,Middle-age,Medium Spenders,0.0,1.33,2.67,0.375,1.0,1.0,0.12224938875305624,0.44333333333333336,0.089,0.08557457212713937,0.5546666666666666,0.375,0.36229999999999996,0.28919999999999996,score_free_checkedbag
537676,2,2,6,4,1.0,0.6666666666666666,0.6666666666666667,Middle-age,High Spenders,0.17,0.67,2.75,0.75,0.8333333333333334,0.6666666666666666,0.09302325581395349,0.22333333333333336,0.09166666666666666,0.06511627906976744,0.31200000000000006,0.6666666666666667,0.31416666666666665,0.5524999999999999,score_exclusive_discount
537688,1,0,7,1,0.0,0.14285714285714285,0.4285714285714286,Middle-age,At Risk,0.0,1.0,1.0,0.125,1.0,1.0,0.09671179883945842,0.3333333333333333,0.03333333333333333,0.06769825918762089,0.4666666666666667,0.4285714285714286,0.3233333333333333,0.09749999999999999,score_free_checkedbag
537723,2,0,6,1,0.0,0.16666666666666666,0.4166666666666667,Youth,At Risk,0.0,0.0,1.0,0.125,1.0,1.0,0.1297016861219196,0.0,0.03333333333333333,0.0907911802853437,0.2,0.4166666666666667,0.3233333333333333,0.09749999999999999,score_exclusive_discount
537725,4,2,4,0,0.5,0.0,0.75,Middle-age,At Risk,0.0,0.5,1.0,0.25,1.0,1.0,0.07974481658692185,0.16666666666666666,0.03333333333333333,0.05582137161084529,0.33333333333333337,0.75,0.3233333333333333,0.185,score_exclusive_discount
537748,1,0,7,6,0.0,0.8571428571428571,0.07142857142857145,Middle-age,Champions,0.0,0.6,5.0,0.75,0.8333333333333334,0.8333333333333334,0.10845986984815617,0.19999999999999998,0.16666666666666666,0.07592190889370931,0.32666666666666666,0.07142857142857145,0.36666666666666664,0.575,score_free_night_flight
537770,1,1,7,3,1.0,0.42857142857142855,0.7857142857142857,Middle-age,Medium Spenders,0.0,1.0,3.0,0.5,1.0,0.75,0.12180267965895249,0.3333333333333333,0.1,0.08526187576126673,0.4166666666666667,0.7857142857142857,0.37,0.38,score_exclusive_discount
537776,4,1,4,1,0.25,0.25,0.5,Middle-age,Medium Spenders,0.0,0.0,9.0,0.25,1.0,0.0,1.0,0.0,0.3,0.7,0.0,0.5,0.51,0.265,score_free_cancellation
537795,4,0,4,1,0.0,0.25,0.375,Youth,Low Spenders,0.0,0.5,1.0,0.125,1.0,1.0,0.08006405124099279,0.16666666666666666,0.03333333333333333,0.05604483586869495,0.33333333333333337,0.375,0.3233333333333333,0.09749999999999999,score_exclusive_discount
537804,2,0,6,1,0.0,0.16666666666666666,0.4166666666666667,Youth,At Risk,0.0,0.0,2.0,0.125,1.0,1.0,0.18248175182481752,0.0,0.06666666666666667,0.12773722627737225,0.2,0.4166666666666667,0.3466666666666667,0.1075,score_exclusive_discount
537818,1,0,7,3,0.0,0.42857142857142855,0.2857142857142857,Middle-age,Champions,0.0,0.5,3.67,0.375,1.0,0.3333333333333333,0.11614401858304298,0.16666666666666666,0.12233333333333334,0.08130081300813008,0.2,0.2857142857142857,0.38563333333333333,0.29919999999999997,score_free_meal
537819,2,1,6,3,0.5,0.5,0.5,Middle-age,High Spenders,0.0,1.0,2.75,0.5,1.0,0.75,0.10672358591248667,0.3333333333333333,0.09166666666666666,0.07470651013874066,0.4166666666666667,0.5,0.36416666666666664,0.37749999999999995,score_exclusive_discount
537834,5,1,3,1,0.2,0.3333333333333333,0.43333333333333335,Middle-age,At Risk,0.0,0.5,1.0,0.25,1.0,1.0,0.1349527665317139,0.16666666666666666,0.03333333333333333,0.09446693657219972,0.33333333333333337,0.43333333333333335,0.3233333333333333,0.185,score_exclusive_discount
537860,3,0,5,1,0.0,0.2,0.4,Middle-age,At Risk,0.0,0.0,5.0,0.125,1.0,1.0,0.13812154696132597,0.0,0.16666666666666666,0.09668508287292818,0.2,0.4,0.41666666666666663,0.13749999999999998,score_free_meal
537861,1,0,7,3,0.0,0.42857142857142855,0.2857142857142857,Middle-age,Medium Spenders,0.0,0.0,5.67,0.375,1.0,0.6666666666666666,0.13157894736842105,0.0,0.189,0.09210526315789473,0.13333333333333333,0.2857142857142857,0.4323,0.31919999999999993,score_free_meal
537904,2,1,6,4,0.5,0.6666666666666666,0.4166666666666667,Middle-age,Champions,0.0,1.0,2.0,0.625,1.0,0.8,0.11037527593818984,0.3333333333333333,0.06666666666666667,0.07726269315673288,0.4266666666666667,0.4166666666666667,0.3466666666666667,0.4575,score_free_night_flight
537922,3,1,5,2,0.3333333333333333,0.4,0.4666666666666667,Middle-age,High Spenders,0.0,1.0,6.67,0.375,1.0,0.6666666666666666,0.12135922330097088,0.3333333333333333,0.22233333333333333,0.0849514563106796,0.4,0.4666666666666667,0.45563333333333333,0.32919999999999994,score_exclusive_discount
537926,1,0,7,2,0.0,0.2857142857142857,0.35714285714285715,Elderly,Medium Spenders,0.0,0.0,6.5,0.25,1.0,0.0,1.0,0.0,0.21666666666666667,0.7,0.0,0.35714285714285715,0.45166666666666666,0.24,score_free_cancellation
537975,4,0,4,1,0.0,0.25,0.375,Youth,At Risk,0.0,0.0,6.0,0.125,1.0,0.0,1.0,0.0,0.2,0.7,0.0,0.375,0.43999999999999995,0.1475,score_free_cancellation
538069,3,3,5,3,1.0,0.6,0.7,Middle-age,Champions,0.33,0.0,3.5,0.75,1.0,1.0,0.1183431952662722,0.0,0.11666666666666667,0.08284023668639054,0.2,0.7,0.38166666666666665,0.5599999999999999,score_exclusive_discount
538074,2,2,6,3,1.0,0.5,0.75,Middle-age,Champions,0.0,0.2,3.4,0.625,1.0,1.0,0.11363636363636363,0.06666666666666667,0.11333333333333333,0.07954545454545454,0.25333333333333335,0.75,0.3793333333333333,0.4715,score_exclusive_discount
538084,0,0,8,5,0.0,0.625,0.5,Middle-age,Champions,0.0,0.0,3.0,0.625,1.0,0.8,0.13568521031207598,0.0,0.1,0.09497964721845317,0.16000000000000003,0.5,0.37,0.4675,score_exclusive_discount
538108,3,1,5,1,0.3333333333333333,0.2,0.5666666666666667,Middle-age,At Risk,0.0,0.75,0.0,0.25,0.0,1.0,0.09233610341643582,0.25,0.0,0.06463527239150507,0.4,0.5666666666666667,0.0,0.175,score_exclusive_discount
538112,4,1,5,1,0.25,0.2,0.525,Middle-age,Low Spenders,0.0,0.5,3.5,0.2222222222222222,1.0,1.0,0.08968609865470852,0.16666666666666666,0.11666666666666667,0.06278026905829595,0.33333333333333337,0.525,0.38166666666666665,0.19055555555555553,score_exclusive_discount
538131,2,0,6,2,0.0,0.3333333333333333,0.33333333333333337,Middle-age,Low Spenders,0.0,0.0,1.5,0.25,1.0,1.0,0.09425070688030161,0.0,0.05,0.06597549481621112,0.2,0.33333333333333337,0.33499999999999996,0.19,score_free_meal
538134,3,0,5,3,0.0,0.6,0.2,Middle-age,Champions,0.0,0.78,3.0,0.375,0.6666666666666666,1.0,0.09505703422053233,0.26,0.1,0.06653992395437262,0.40800000000000003,0.2,0.26999999999999996,0.2925,score_free_checkedbag
538139,4,1,4,0,0.25,0.0,0.625,Youth,Low Spenders,0.0,1.0,2.0,0.125,1.0,1.0,0.07446016381236038,0.3333333333333333,0.06666666666666667,0.05212211466865226,0.4666666666666667,0.625,0.3466666666666667,0.1075,score_exclusive_discount
538147,2,1,6,4,0.5,0.6666666666666666,0.4166666666666667,Middle-age,High Spenders,0.2,0.33,2.33,0.625,0.8,1.0,0.13661202185792348,0.11,0.07766666666666668,0.09562841530054643,0.28800000000000003,0.4166666666666667,0.29436666666666667,0.4608,score_free_night_flight
538167,1,0,8,3,0.0,0.375,0.3125,Middle-age,High Spenders,0.0,0.5,2.67,0.3333333333333333,1.0,1.0,0.13297872340425532,0.16666666666666666,0.089,0.09308510638297872,0.33333333333333337,0.3125,0.36229999999999996,0.2600333333333333,score_free_meal
538188,4,1,4,3,0.25,0.75,0.25,Middle-age,Champions,0.0,0.0,3.0,0.5,1.0,0.75,0.11792452830188678,0.0,0.1,0.08254716981132074,0.15000000000000002,0.25,0.37,0.38,score_free_night_flight
538197,6,3,2,1,0.5,0.5,0.5,Middle-age,Medium Spenders,0.0,0.25,2.25,0.5,1.0,1.0,0.11600928074245938,0.08333333333333333,0.075,0.08120649651972156,0.26666666666666666,0.5,0.3525,0.3725,score_exclusive_discount
538214,1,0,8,3,0.0,0.375,0.3125,Middle-age,Low Spenders,0.0,0.0,3.33,0.3333333333333333,1.0,0.6666666666666666,0.11655011655011654,0.0,0.111,0.08158508158508157,0.13333333333333333,0.3125,0.3777,0.2666333333333333,score_free_meal
538216,1,1,7,2,1.0,0.2857142857142857,0.8571428571428572,Elderly,High Spenders,0.0,0.5,1.67,0.375,1.0,1.0,0.09746588693957116,0.16666666666666666,0.05566666666666666,0.0682261208576998,0.33333333333333337,0.8571428571428572,0.33896666666666664,0.27919999999999995,score_exclusive_discount
538260,2,1,6,2,0.5,0.3333333333333333,0.5833333333333334,Middle-age,Champions,0.0,0.75,4.67,0.375,1.0,0.6666666666666666,0.1251564455569462,0.25,0.15566666666666668,0.08760951188986232,0.33333333333333337,0.5833333333333334,0.40896666666666665,0.3092,score_exclusive_discount
538270,2,0,7,2,0.0,0.2857142857142857,0.35714285714285715,Middle-age,At Risk,0.0,0.5,1.0,0.2222222222222222,1.0,1.0,0.07215007215007216,0.16666666666666666,0.03333333333333333,0.05050505050505051,0.33333333333333337,0.35714285714285715,0.3233333333333333,0.16555555555555554,score_exclusive_discount
538274,2,0,6,1,0.0,0.16666666666666666,0.4166666666666667,Middle-age,At Risk,0.0,0.0,5.0,0.125,1.0,1.0,0.07961783439490445,0.0,0.16666666666666666,0.055732484076433116,0.2,0.4166666666666667,0.41666666666666663,0.13749999999999998,score_exclusive_discount
538279,1,1,8,2,1.0,0.25,0.875,Middle-age,Champions,0.0,0.67,3.0,0.3333333333333333,1.0,1.0,0.09861932938856015,0.22333333333333336,0.1,0.0690335305719921,0.3786666666666667,0.875,0.37,0.2633333333333333,score_exclusive_discount
538306,1,0,7,2,0.0,0.2857142857142857,0.35714285714285715,Middle-age,Low Spenders,0.0,0.0,1.5,0.25,1.0,1.0,0.11312217194570136,0.0,0.05,0.07918552036199095,0.2,0.35714285714285715,0.33499999999999996,0.19,score_exclusive_discount
538319,1,1,7,2,1.0,0.2857142857142857,0.8571428571428572,Middle-age,Champions,0.0,1.0,2.33,0.375,1.0,1.0,0.14749262536873156,0.3333333333333333,0.07766666666666668,0.10324483775811209,0.4666666666666667,0.8571428571428572,0.35436666666666666,0.28579999999999994,score_exclusive_discount
538321,3,1,5,1,0.3333333333333333,0.2,0.5666666666666667,Middle-age,High Spenders,0.0,0.0,4.5,0.25,0.5,0.5,0.2061855670103093,0.0,0.15,0.1443298969072165,0.1,0.5666666666666667,0.255,0.21999999999999997,score_exclusive_discount
538331,1,0,7,5,0.0,0.7142857142857143,0.14285714285714285,Middle-age,Champions,0.0,0.75,4.4,0.625,0.8,0.8,0.12658227848101264,0.25,0.14666666666666667,0.08860759493670885,0.36000000000000004,0.14285714285714285,0.3426666666666667,0.4815,score_free_night_flight
538349,1,1,7,4,1.0,0.5714285714285714,0.7142857142857143,Middle-age,High Spenders,0.0,0.5,4.4,0.625,0.8,0.8,0.11481056257175659,0.16666666666666666,0.14666666666666667,0.08036739380022961,0.29333333333333333,0.7142857142857143,0.3426666666666667,0.4815,score_exclusive_discount
538350,4,1,4,2,0.25,0.5,0.375,Middle-age,At Risk,0.33,0.0,3.0,0.375,1.0,1.0,0.15552099533437014,0.0,0.1,0.10886469673405909,0.2,0.375,0.37,0.2925,score_exclusive_discount
538388,2,1,6,4,0.5,0.6666666666666666,0.4166666666666667,Middle-age,High Spenders,0.0,1.0,2.4,0.625,1.0,1.0,0.11918951132300357,0.3333333333333333,0.08,0.0834326579261025,0.4666666666666667,0.4166666666666667,0.356,0.4615,score_free_checkedbag
538413,2,1,7,1,0.5,0.14285714285714285,0.6785714285714286,0,0,0.0,0.0,0.0,0.0,0.0,0.0,0.0,0.0,0.0,0.0,0.0,0.6785714285714286,0.0,0.0,score_exclusive_discount
538426,2,0,6,1,0.0,0.16666666666666666,0.4166666666666667,Middle-age,At Risk,0.0,0.0,1.0,0.125,1.0,1.0,0.16611295681063123,0.0,0.03333333333333333,0.11627906976744186,0.2,0.4166666666666667,0.3233333333333333,0.09749999999999999,score_exclusive_discount
538432,3,0,5,4,0.0,0.8,0.09999999999999998,Middle-age,Medium Spenders,0.0,0.62,2.25,0.5,1.0,1.0,0.09225092250922509,0.20666666666666667,0.075,0.06457564575645756,0.36533333333333334,0.09999999999999998,0.3525,0.3725,score_free_night_flight
538438,2,1,6,2,0.5,0.3333333333333333,0.5833333333333334,Middle-age,Low Spenders,0.0,0.33,1.67,0.375,1.0,1.0,0.12562814070351758,0.11,0.05566666666666666,0.0879396984924623,0.28800000000000003,0.5833333333333334,0.33896666666666664,0.27919999999999995,score_exclusive_discount
538441,4,1,4,3,0.25,0.75,0.25,Middle-age,Medium Spenders,0.25,0.0,3.0,0.5,1.0,0.75,0.15772870662460567,0.0,0.1,0.11041009463722395,0.15000000000000002,0.25,0.37,0.38,score_free_night_flight
538454,3,1,6,2,0.3333333333333333,0.3333333333333333,0.5,Middle-age,Low Spenders,0.0,0.0,3.0,0.3333333333333333,0.6666666666666666,0.6666666666666666,0.10810810810810811,0.0,0.1,0.07567567567567568,0.13333333333333333,0.5,0.26999999999999996,0.2633333333333333,score_exclusive_discount
538457,6,2,2,1,0.3333333333333333,0.5,0.41666666666666663,Middle-age,Medium Spenders,0.0,1.0,3.33,0.375,1.0,1.0,0.12391573729863692,0.3333333333333333,0.111,0.08674101610904583,0.4666666666666667,0.41666666666666663,0.3777,0.29579999999999995,score_free_checkedbag
538458,2,1,6,3,0.5,0.5,0.5,Middle-age,High Spenders,0.0,0.12,2.0,0.5,0.75,1.0,0.08960573476702509,0.04,0.06666666666666667,0.06272401433691756,0.232,0.5,0.2716666666666666,0.37,score_exclusive_discount
538463,2,0,6,0,0.0,0.0,0.5,0,0,0.0,0.0,0.0,0.0,0.0,0.0,0.0,0.0,0.0,0.0,0.0,0.5,0.0,0.0,score_exclusive_discount
538489,3,1,5,2,0.3333333333333333,0.4,0.4666666666666667,Middle-age,High Spenders,0.0,1.0,4.0,0.375,1.0,0.6666666666666666,0.14184397163120568,0.3333333333333333,0.13333333333333333,0.09929078014184398,0.4,0.4666666666666667,0.3933333333333333,0.30249999999999994,score_exclusive_discount
538511,1,0,7,0,0.0,0.0,0.5,0,0,0.0,0.0,0.0,0.0,0.0,0.0,0.0,0.0,0.0,0.0,0.0,0.5,0.0,0.0,score_exclusive_discount
538522,4,1,4,3,0.25,0.75,0.25,Middle-age,High Spenders,0.0,0.5,3.25,0.5,1.0,1.0,0.15479876160990713,0.16666666666666666,0.10833333333333334,0.10835913312693499,0.33333333333333337,0.25,0.37583333333333335,0.38249999999999995,score_free_night_flight
538529,3,1,5,2,0.3333333333333333,0.4,0.4666666666666667,Middle-age,Low Spenders,0.0,1.67,2.0,0.375,1.0,1.0,0.10822510822510822,0.5566666666666666,0.06666666666666667,0.07575757575757575,0.6453333333333333,0.4666666666666667,0.3466666666666667,0.2825,score_free_checkedbag
538538,2,1,6,2,0.5,0.3333333333333333,0.5833333333333334,Middle-age,High Spenders,0.0,0.5,2.67,0.375,1.0,1.0,0.11904761904761904,0.16666666666666666,0.089,0.08333333333333333,0.33333333333333337,0.5833333333333334,0.36229999999999996,0.28919999999999996,score_exclusive_discount
538608,4,1,4,3,0.25,0.75,0.25,Middle-age,High Spenders,0.0,0.75,2.5,0.5,1.0,1.0,0.11273957158962794,0.25,0.08333333333333333,0.07891770011273955,0.4,0.25,0.35833333333333334,0.375,score_free_checkedbag
538638,4,1,4,1,0.25,0.25,0.5,Middle-age,High Spenders,0.0,0.5,2.0,0.25,1.0,1.0,0.1272264631043257,0.16666666666666666,0.06666666666666667,0.08905852417302798,0.33333333333333337,0.5,0.3466666666666667,0.19499999999999998,score_exclusive_discount
538641,4,3,5,2,0.75,0.4,0.675,Middle-age,Low Spenders,0.4,0.0,2.0,0.5555555555555556,1.0,1.0,0.1006036217303823,0.0,0.06666666666666667,0.07042253521126761,0.2,0.675,0.3466666666666667,0.4088888888888889,score_exclusive_discount
538666,2,2,6,2,1.0,0.3333333333333333,0.8333333333333334,Middle-age,At Risk,0.25,0.5,0.5,0.5,0.75,1.0,0.12853470437017994,0.16666666666666666,0.016666666666666666,0.08997429305912595,0.33333333333333337,0.8333333333333334,0.23666666666666664,0.355,score_exclusive_discount
538677,3,0,5,1,0.0,0.2,0.4,Middle-age,At Risk,0.0,0.0,1.0,0.125,1.0,1.0,0.09569377990430622,0.0,0.03333333333333333,0.06698564593301434,0.2,0.4,0.3233333333333333,0.09749999999999999,score_exclusive_discount
538680,3,1,5,2,0.3333333333333333,0.4,0.4666666666666667,Middle-age,Low Spenders,0.0,1.0,0.67,0.375,0.6666666666666666,1.0,0.10706638115631692,0.3333333333333333,0.022333333333333334,0.07494646680942184,0.4666666666666667,0.4666666666666667,0.21563333333333332,0.26919999999999994,score_free_checkedbag
538681,1,0,8,1,0.0,0.125,0.4375,Youth,Low Spenders,0.0,0.5,1.0,0.1111111111111111,1.0,1.0,0.07974481658692185,0.16666666666666666,0.03333333333333333,0.05582137161084529,0.33333333333333337,0.4375,0.3233333333333333,0.08777777777777776,score_exclusive_discount
538691,2,0,6,4,0.0,0.6666666666666666,0.16666666666666669,Middle-age,High Spenders,0.0,0.67,4.0,0.5,1.0,0.75,0.13755158184319122,0.22333333333333336,0.13333333333333333,0.09628610729023385,0.3286666666666667,0.16666666666666669,0.3933333333333333,0.38999999999999996,score_free_meal
538696,3,1,5,1,0.3333333333333333,0.2,0.5666666666666667,Youth,At Risk,0.0,0.0,2.0,0.25,1.0,0.0,1.0,0.0,0.06666666666666667,0.7,0.0,0.5666666666666667,0.3466666666666667,0.19499999999999998,score_free_cancellation
538703,3,1,5,2,0.3333333333333333,0.4,0.4666666666666667,Middle-age,Champions,0.0,0.44,0.67,0.375,0.6666666666666666,1.0,0.13245033112582782,0.14666666666666667,0.022333333333333334,0.09271523178807947,0.31733333333333336,0.4666666666666667,0.21563333333333332,0.26919999999999994,score_exclusive_discount
538714,2,1,6,2,0.5,0.3333333333333333,0.5833333333333334,Middle-age,Champions,0.0,0.33,2.67,0.375,1.0,1.0,0.0796812749003984,0.11,0.089,0.05577689243027888,0.28800000000000003,0.5833333333333334,0.36229999999999996,0.28919999999999996,score_exclusive_discount
538780,2,0,7,3,0.0,0.42857142857142855,0.2857142857142857,Middle-age,High Spenders,0.0,0.33,5.0,0.3333333333333333,1.0,1.0,0.09389671361502347,0.11,0.16666666666666666,0.06572769953051642,0.28800000000000003,0.2857142857142857,0.41666666666666663,0.2833333333333333,score_free_meal
538788,2,1,6,1,0.5,0.16666666666666666,0.6666666666666667,Youth,Low Spenders,0.0,1.0,1.5,0.25,1.0,1.0,0.17452006980802792,0.3333333333333333,0.05,0.12216404886561953,0.4666666666666667,0.6666666666666667,0.33499999999999996,0.19,score_exclusive_discount
538814,5,2,3,0,0.4,0.0,0.7,Middle-age,At Risk,0.0,0.0,1.0,0.25,0.5,0.5,0.12594458438287154,0.0,0.03333333333333333,0.08816120906801007,0.1,0.7,0.17333333333333334,0.185,score_exclusive_discount
538883,3,0,6,2,0.0,0.3333333333333333,0.33333333333333337,Middle-age,Low Spenders,0.0,0.5,4.0,0.2222222222222222,1.0,1.0,0.1485884101040119,0.16666666666666666,0.13333333333333333,0.10401188707280831,0.33333333333333337,0.33333333333333337,0.3933333333333333,0.19555555555555554,score_free_meal
538915,1,0,7,4,0.0,0.5714285714285714,0.2142857142857143,Middle-age,Medium Spenders,0.0,0.0,0.75,0.5,0.75,1.0,0.0949667616334283,0.0,0.025,0.06647673314339982,0.2,0.2142857142857143,0.24249999999999997,0.3575,score_free_night_flight
538919,2,2,6,0,1.0,0.0,1.0,0,0,0.0,0.0,0.0,0.0,0.0,0.0,0.0,0.0,0.0,0.0,0.0,1.0,0.0,0.0,score_exclusive_discount
538944,2,1,6,4,0.5,0.6666666666666666,0.4166666666666667,Middle-age,High Spenders,0.0,0.8,2.4,0.625,0.8,1.0,0.11627906976744186,0.26666666666666666,0.08,0.0813953488372093,0.41333333333333333,0.4166666666666667,0.296,0.4615,score_free_night_flight
538976,2,0,6,5,0.0,0.8333333333333334,0.08333333333333331,Middle-age,High Spenders,0.0,0.67,2.4,0.625,1.0,0.6,0.12300123001230014,0.22333333333333336,0.08,0.08610086100861009,0.2986666666666667,0.08333333333333331,0.356,0.4615,score_free_night_flight
539008,0,0,8,3,0.0,0.375,0.5,Middle-age,Medium Spenders,0.0,0.0,2.0,0.375,1.0,1.0,0.10384215991692626,0.0,0.06666666666666667,0.07268951194184838,0.2,0.5,0.3466666666666667,0.2825,score_exclusive_discount
539010,2,1,6,2,0.5,0.3333333333333333,0.5833333333333334,Middle-age,Champions,0.0,0.5,4.67,0.375,1.0,0.6666666666666666,0.0708215297450425,0.16666666666666666,0.15566666666666668,0.049575070821529746,0.26666666666666666,0.5833333333333334,0.40896666666666665,0.3092,score_exclusive_discount
539012,1,1,7,2,1.0,0.2857142857142857,0.8571428571428572,Middle-age,Champions,0.0,1.11,2.33,0.375,1.0,1.0,0.10493179433368312,0.37000000000000005,0.07766666666666668,0.07345225603357818,0.49600000000000005,0.8571428571428572,0.35436666666666666,0.28579999999999994,score_exclusive_discount
539093,2,1,6,2,0.5,0.3333333333333333,0.5833333333333334,Middle-age,Medium Spenders,0.0,0.33,3.67,0.375,1.0,1.0,0.11049723756906077,0.11,0.12233333333333334,0.07734806629834254,0.28800000000000003,0.5833333333333334,0.38563333333333333,0.29919999999999997,score_exclusive_discount
539105,2,1,7,0,0.5,0.0,0.75,Middle-age,At Risk,0.0,1.0,1.0,0.1111111111111111,1.0,1.0,0.09363295880149813,0.3333333333333333,0.03333333333333333,0.0655430711610487,0.4666666666666667,0.75,0.3233333333333333,0.08777777777777776,score_exclusive_discount
539135,3,2,5,3,0.6666666666666666,0.6,0.5333333333333333,Middle-age,High Spenders,0.0,0.2,1.6,0.625,0.8,1.0,0.12804097311139565,0.06666666666666667,0.05333333333333334,0.08962868117797694,0.25333333333333335,0.5333333333333333,0.2773333333333333,0.4535,score_exclusive_discount
539140,3,2,6,1,0.6666666666666666,0.16666666666666666,0.75,Middle-age,Medium Spenders,0.0,0.33,1.33,0.3333333333333333,1.0,1.0,0.13550135501355015,0.11,0.044333333333333336,0.0948509485094851,0.28800000000000003,0.75,0.33103333333333335,0.24663333333333332,score_exclusive_discount
539146,1,0,7,1,0.0,0.14285714285714285,0.4285714285714286,Middle-age,At Risk,0.0,0.0,1.0,0.125,1.0,1.0,0.13123359580052493,0.0,0.03333333333333333,0.09186351706036745,0.2,0.4285714285714286,0.3233333333333333,0.09749999999999999,score_exclusive_discount
539209,3,2,5,2,0.6666666666666666,0.4,0.6333333333333333,Middle-age,High Spenders,0.0,0.75,1.75,0.5,0.75,1.0,0.10593220338983052,0.25,0.058333333333333334,0.07415254237288135,0.4,0.6333333333333333,0.2658333333333333,0.3675,score_exclusive_discount
539221,1,1,7,5,1.0,0.7142857142857143,0.6428571428571428,Middle-age,Champions,0.0,0.67,2.83,0.75,1.0,0.5,0.12019230769230768,0.22333333333333336,0.09433333333333334,0.08413461538461538,0.27866666666666673,0.6428571428571428,0.3660333333333333,0.5532999999999999,score_exclusive_discount
539243,3,0,5,3,0.0,0.6,0.2,Youth,High Spenders,0.0,0.33,7.67,0.375,1.0,1.0,0.008425309630128908,0.11,0.25566666666666665,0.005897716741090235,0.28800000000000003,0.2,0.47896666666666665,0.33919999999999995,score_free_meal
539267,0,0,8,2,0.0,0.25,0.5,Middle-age,Low Spenders,0.0,0.17,1.0,0.25,1.0,1.0,0.12121212121212122,0.05666666666666667,0.03333333333333333,0.08484848484848484,0.24533333333333335,0.5,0.3233333333333333,0.185,score_exclusive_discount
539283,2,0,6,2,0.0,0.3333333333333333,0.33333333333333337,Middle-age,Low Spenders,0.0,0.0,3.0,0.25,1.0,0.5,0.1322751322751323,0.0,0.1,0.0925925925925926,0.1,0.33333333333333337,0.37,0.205,score_free_meal
539300,4,2,5,1,0.5,0.2,0.65,Middle-age,Low Spenders,0.0,1.0,0.33,0.3333333333333333,0.3333333333333333,1.0,0.14749262536873156,0.3333333333333333,0.011000000000000001,0.10324483775811209,0.4666666666666667,0.65,0.10769999999999999,0.2366333333333333,score_exclusive_discount
539304,2,1,6,1,0.5,0.16666666666666666,0.6666666666666667,Youth,Medium Spenders,0.0,0.0,3.5,0.25,1.0,0.0,1.0,0.0,0.11666666666666667,0.7,0.0,0.6666666666666667,0.38166666666666665,0.21,score_free_cancellation
539307,2,0,6,0,0.0,0.0,0.5,0,0,0.0,0.0,0.0,0.0,0.0,0.0,0.0,0.0,0.0,0.0,0.0,0.5,0.0,0.0,score_exclusive_discount
539315,2,0,7,3,0.0,0.42857142857142855,0.2857142857142857,Middle-age,High Spenders,0.0,0.67,2.33,0.3333333333333333,1.0,1.0,0.14556040756914118,0.22333333333333336,0.07766666666666668,0.10189228529839882,0.3786666666666667,0.2857142857142857,0.35436666666666666,0.2566333333333333,score_free_checkedbag
539317,3,2,6,3,0.6666666666666666,0.5,0.5833333333333333,Middle-age,Champions,0.0,0.25,3.4,0.5555555555555556,1.0,0.8,0.11990407673860912,0.08333333333333333,0.11333333333333333,0.08393285371702637,0.22666666666666668,0.5833333333333333,0.3793333333333333,0.42288888888888887,score_exclusive_discount
539320,2,1,7,4,0.5,0.5714285714285714,0.4642857142857143,Middle-age,Champions,0.0,0.33,3.0,0.5555555555555556,1.0,0.6,0.08396305625524769,0.11,0.1,0.05877413937867338,0.20800000000000002,0.4642857142857143,0.37,0.41888888888888887,score_exclusive_discount
539337,4,0,4,3,0.0,0.75,0.125,Middle-age,High Spenders,0.0,0.67,1.0,0.375,0.3333333333333333,1.0,0.11806375442739081,0.22333333333333336,0.03333333333333333,0.08264462809917356,0.3786666666666667,0.125,0.12333333333333332,0.27249999999999996,score_free_checkedbag
539338,2,0,6,3,0.0,0.5,0.25,Middle-age,Medium Spenders,0.0,0.33,1.67,0.375,0.6666666666666666,1.0,0.11764705882352941,0.11,0.05566666666666666,0.08235294117647059,0.28800000000000003,0.25,0.23896666666666666,0.27919999999999995,score_free_checkedbag
539384,3,0,5,2,0.0,0.4,0.3,Middle-age,Low Spenders,0.0,0.0,1.5,0.25,1.0,1.0,0.09852216748768472,0.0,0.05,0.0689655172413793,0.2,0.3,0.33499999999999996,0.19,score_free_meal
539414,4,2,4,1,0.5,0.25,0.625,Middle-age,High Spenders,0.0,0.0,4.67,0.375,1.0,0.6666666666666666,0.08038585209003216,0.0,0.15566666666666668,0.05627009646302251,0.13333333333333333,0.625,0.40896666666666665,0.3092,score_exclusive_discount
539426,1,0,8,3,0.0,0.375,0.3125,Elderly,High Spenders,0.0,0.5,5.33,0.3333333333333333,1.0,0.6666666666666666,0.10706638115631692,0.16666666666666666,0.17766666666666667,0.07494646680942184,0.26666666666666666,0.3125,0.42436666666666667,0.2866333333333333,score_free_meal
539453,3,1,5,0,0.3333333333333333,0.0,0.6666666666666666,Youth,Low Spenders,0.0,0.0,8.0,0.125,1.0,0.0,1.0,0.0,0.26666666666666666,0.7,0.0,0.6666666666666666,0.48666666666666664,0.16749999999999998,score_free_cancellation
539460,0,0,8,3,0.0,0.375,0.5,Middle-age,Low Spenders,0.0,1.0,1.0,0.375,1.0,1.0,0.0931098696461825,0.3333333333333333,0.03333333333333333,0.06517690875232775,0.4666666666666667,0.5,0.3233333333333333,0.27249999999999996,score_exclusive_discount
539493,1,0,8,0,0.0,0.0,0.5,0,0,0.0,0.0,0.0,0.0,0.0,0.0,0.0,0.0,0.0,0.0,0.0,0.5,0.0,0.0,score_exclusive_discount
539510,2,1,8,3,0.5,0.375,0.5625,Middle-age,High Spenders,0.0,0.67,5.5,0.4,1.0,0.75,0.1264222503160556,0.22333333333333336,0.18333333333333332,0.08849557522123892,0.3286666666666667,0.5625,0.42833333333333334,0.33499999999999996,score_exclusive_discount
539519,0,0,8,3,0.0,0.375,0.5,Middle-age,Medium Spenders,0.0,0.5,3.33,0.375,1.0,0.6666666666666666,0.13157894736842105,0.16666666666666666,0.111,0.09210526315789473,0.26666666666666666,0.5,0.3777,0.29579999999999995,score_exclusive_discount
539528,4,3,4,2,0.75,0.5,0.625,Middle-age,Champions,0.2,0.33,1.0,0.625,0.8,1.0,0.1342281879194631,0.11,0.03333333333333333,0.09395973154362415,0.28800000000000003,0.625,0.2633333333333333,0.4475,score_exclusive_discount
539542,2,0,6,2,0.0,0.3333333333333333,0.33333333333333337,Elderly,Champions,0.0,0.0,5.5,0.25,0.5,0.5,0.005054589567327133,0.0,0.18333333333333332,0.0035382126971289928,0.1,0.33333333333333337,0.2783333333333333,0.22999999999999998,score_exclusive_discount
539558,2,1,6,3,0.5,0.5,0.5,Middle-age,High Spenders,0.0,0.12,3.5,0.5,1.0,1.0,0.11123470522803114,0.04,0.11666666666666667,0.07786429365962179,0.232,0.5,0.38166666666666665,0.38499999999999995,score_exclusive_discount
539566,4,1,4,1,0.25,0.25,0.5,Elderly,Champions,0.0,0.25,4.0,0.25,1.0,1.0,0.007650524060898171,0.08333333333333333,0.13333333333333333,0.005355366842628719,0.26666666666666666,0.5,0.3933333333333333,0.215,score_exclusive_discount
539611,0,0,8,3,0.0,0.375,0.5,Middle-age,Low Spenders,0.0,0.67,3.0,0.375,1.0,1.0,0.10362694300518134,0.22333333333333336,0.1,0.07253886010362694,0.3786666666666667,0.5,0.37,0.2925,score_exclusive_discount
539625,3,0,5,2,0.0,0.4,0.3,Middle-age,Low Spenders,0.0,0.5,1.5,0.25,1.0,1.0,0.15337423312883436,0.16666666666666666,0.05,0.10736196319018404,0.33333333333333337,0.3,0.33499999999999996,0.19,score_free_meal
539627,2,1,6,1,0.5,0.16666666666666666,0.6666666666666667,Middle-age,Low Spenders,0.0,0.0,1.5,0.25,1.0,1.0,0.10775862068965518,0.0,0.05,0.07543103448275862,0.2,0.6666666666666667,0.33499999999999996,0.19,score_exclusive_discount
539637,7,4,1,0,0.5714285714285714,0.0,0.7857142857142857,Middle-age,Champions,0.0,0.5,5.5,0.5,1.0,0.5,0.11363636363636363,0.16666666666666666,0.18333333333333332,0.07954545454545454,0.23333333333333334,0.7857142857142857,0.42833333333333334,0.40499999999999997,score_exclusive_discount
539648,1,1,7,3,1.0,0.42857142857142855,0.7857142857142857,Middle-age,Medium Spenders,0.0,1.0,3.0,0.5,1.0,0.75,0.19083969465648853,0.3333333333333333,0.1,0.13358778625954196,0.4166666666666667,0.7857142857142857,0.37,0.38,score_exclusive_discount
539656,4,1,6,0,0.25,0.0,0.625,Elderly,At Risk,0.0,0.0,4.0,0.1,1.0,0.0,1.0,0.0,0.13333333333333333,0.7,0.0,0.625,0.3933333333333333,0.10999999999999999,score_free_cancellation
539669,1,1,7,1,1.0,0.14285714285714285,0.9285714285714286,Youth,Low Spenders,0.0,0.0,1.5,0.25,1.0,0.5,0.14104372355430184,0.0,0.05,0.09873060648801128,0.1,0.9285714285714286,0.33499999999999996,0.19,score_exclusive_discount
539671,1,0,7,1,0.0,0.14285714285714285,0.4285714285714286,Middle-age,Low Spenders,0.0,1.0,3.0,0.125,1.0,1.0,0.18315018315018314,0.3333333333333333,0.1,0.1282051282051282,0.4666666666666667,0.4285714285714286,0.37,0.1175,score_free_checkedbag
539710,2,1,6,3,0.5,0.5,0.5,Middle-age,Champions,0.0,0.25,6.5,0.5,1.0,1.0,0.13089005235602094,0.08333333333333333,0.21666666666666667,0.09162303664921466,0.26666666666666666,0.5,0.45166666666666666,0.415,score_exclusive_discount
539729,2,0,6,1,0.0,0.16666666666666666,0.4166666666666667,Middle-age,Medium Spenders,0.0,0.0,8.0,0.125,1.0,1.0,0.1524390243902439,0.0,0.26666666666666666,0.10670731707317073,0.2,0.4166666666666667,0.48666666666666664,0.16749999999999998,score_free_meal
539782,2,0,7,1,0.0,0.14285714285714285,0.4285714285714286,Middle-age,At Risk,0.0,1.0,0.0,0.1111111111111111,0.0,1.0,0.13003901170351104,0.3333333333333333,0.0,0.09102730819245772,0.4666666666666667,0.4285714285714286,0.0,0.07777777777777777,score_free_checkedbag
539794,1,1,7,3,1.0,0.42857142857142855,0.7857142857142857,Middle-age,High Spenders,0.0,0.5,3.75,0.5,1.0,1.0,0.1111111111111111,0.16666666666666666,0.125,0.07777777777777777,0.33333333333333337,0.7857142857142857,0.38749999999999996,0.38749999999999996,score_exclusive_discount
539855,1,0,7,2,0.0,0.2857142857142857,0.35714285714285715,Middle-age,Low Spenders,0.0,0.5,3.0,0.25,1.0,1.0,0.12239902080783353,0.16666666666666666,0.1,0.08567931456548347,0.33333333333333337,0.35714285714285715,0.37,0.205,score_free_meal
539864,2,1,6,3,0.5,0.5,0.5,Middle-age,Champions,0.0,0.33,3.75,0.5,0.75,0.75,0.13440860215053763,0.11,0.125,0.09408602150537633,0.23800000000000004,0.5,0.3125,0.38749999999999996,score_exclusive_discount
539866,2,0,6,0,0.0,0.0,0.5,0,0,0.0,0.0,0.0,0.0,0.0,0.0,0.0,0.0,0.0,0.0,0.0,0.5,0.0,0.0,score_exclusive_discount
539868,4,1,4,2,0.25,0.5,0.375,Middle-age,Medium Spenders,0.0,0.33,0.67,0.375,0.6666666666666666,1.0,0.09587727708533078,0.11,0.022333333333333334,0.06711409395973154,0.28800000000000003,0.375,0.21563333333333332,0.26919999999999994,score_exclusive_discount
539883,2,1,7,4,0.5,0.5714285714285714,0.4642857142857143,Middle-age,Medium Spenders,0.0,1.25,2.2,0.5555555555555556,0.8,0.8,0.08912655971479501,0.4166666666666667,0.07333333333333333,0.062388591800356503,0.4933333333333334,0.4642857142857143,0.29133333333333333,0.4108888888888889,score_free_checkedbag
539888,1,0,7,1,0.0,0.14285714285714285,0.4285714285714286,Youth,Low Spenders,0.0,0.0,7.0,0.125,1.0,0.0,1.0,0.0,0.23333333333333334,0.7,0.0,0.4285714285714286,0.4633333333333333,0.15749999999999997,score_free_cancellation
539899,1,1,7,0,1.0,0.0,1.0,Youth,At Risk,0.0,0.5,0.0,0.125,0.0,1.0,0.005058936611524258,0.16666666666666666,0.0,0.0035412556280669805,0.33333333333333337,1.0,0.0,0.0875,score_exclusive_discount
539912,2,1,7,4,0.5,0.5714285714285714,0.4642857142857143,Middle-age,Champions,0.0,0.4,3.4,0.5555555555555556,0.8,1.0,0.12610340479192939,0.13333333333333333,0.11333333333333333,0.08827238335435056,0.3066666666666667,0.4642857142857143,0.3193333333333333,0.42288888888888887,score_exclusive_discount
539916,3,2,5,1,0.6666666666666666,0.2,0.7333333333333333,Middle-age,High Spenders,0.0,0.25,6.33,0.375,0.6666666666666666,0.6666666666666666,0.11098779134295228,0.08333333333333333,0.211,0.07769145394006659,0.2,0.7333333333333333,0.3477,0.3258,score_exclusive_discount
539917,0,0,8,4,0.0,0.5,0.5,Middle-age,High Spenders,0.0,0.5,1.5,0.5,0.75,1.0,0.10672358591248667,0.16666666666666666,0.05,0.07470651013874066,0.33333333333333337,0.5,0.25999999999999995,0.365,score_exclusive_discount
539919,3,1,5,3,0.3333333333333333,0.6,0.3666666666666667,Elderly,Medium Spenders,0.25,0.0,6.0,0.5,1.0,0.25,1.0,0.0,0.2,0.7,0.05,0.3666666666666667,0.43999999999999995,0.41,score_free_cancellation
539936,1,0,8,2,0.0,0.25,0.375,Middle-age,High Spenders,0.0,0.25,2.5,0.2222222222222222,1.0,1.0,0.1545595054095827,0.08333333333333333,0.08333333333333333,0.10819165378670788,0.26666666666666666,0.375,0.35833333333333334,0.18055555555555552,score_exclusive_discount
539953,5,0,3,2,0.0,0.6666666666666666,0.16666666666666669,Middle-age,Low Spenders,0.0,0.0,2.5,0.25,1.0,1.0,0.10976948408342481,0.0,0.08333333333333333,0.07683863885839737,0.2,0.16666666666666669,0.35833333333333334,0.19999999999999998,score_free_meal
539962,3,1,5,1,0.3333333333333333,0.2,0.5666666666666667,0,0,0.0,0.0,0.0,0.0,0.0,0.0,0.0,0.0,0.0,0.0,0.0,0.5666666666666667,0.0,0.0,score_exclusive_discount
540014,2,0,6,3,0.0,0.5,0.25,Middle-age,High Spenders,0.0,0.0,1.0,0.375,1.0,1.0,0.12224938875305624,0.0,0.03333333333333333,0.08557457212713937,0.2,0.25,0.3233333333333333,0.27249999999999996,score_free_meal
540029,2,1,6,1,0.5,0.16666666666666666,0.6666666666666667,Elderly,Champions,0.0,0.5,5.0,0.25,1.0,1.0,0.008560178051703476,0.16666666666666666,0.16666666666666666,0.0059921246361924335,0.33333333333333337,0.6666666666666667,0.41666666666666663,0.22499999999999998,score_exclusive_discount
540043,4,0,4,0,0.0,0.0,0.5,0,0,0.0,0.0,0.0,0.0,0.0,0.0,0.0,0.0,0.0,0.0,0.0,0.5,0.0,0.0,score_exclusive_discount
540094,1,1,7,2,1.0,0.2857142857142857,0.8571428571428572,Middle-age,Low Spenders,0.0,1.0,0.67,0.375,0.6666666666666666,1.0,0.09823182711198429,0.3333333333333333,0.022333333333333334,0.068762278978389,0.4666666666666667,0.8571428571428572,0.21563333333333332,0.26919999999999994,score_exclusive_discount
540138,3,1,6,0,0.3333333333333333,0.0,0.6666666666666666,Middle-age,Low Spenders,0.0,0.0,6.0,0.1111111111111111,1.0,0.0,1.0,0.0,0.2,0.7,0.0,0.6666666666666666,0.43999999999999995,0.13777777777777778,score_free_cancellation
540147,2,1,6,4,0.5,0.6666666666666666,0.4166666666666667,Middle-age,Champions,0.0,0.7,1.4,0.625,1.0,1.0,0.12738853503184713,0.2333333333333333,0.04666666666666666,0.08917197452229299,0.38666666666666666,0.4166666666666667,0.33266666666666667,0.4515,score_free_night_flight
540150,4,0,4,2,0.0,0.5,0.25,Middle-age,Low Spenders,0.0,0.5,3.0,0.25,1.0,1.0,0.14184397163120568,0.16666666666666666,0.1,0.09929078014184398,0.33333333333333337,0.25,0.37,0.205,score_free_meal
540180,4,3,4,2,0.75,0.5,0.625,Middle-age,Champions,0.0,0.6,4.4,0.625,0.8,1.0,0.11376564277588169,0.19999999999999998,0.14666666666666667,0.07963594994311718,0.36,0.625,0.3426666666666667,0.4815,score_exclusive_discount
540199,4,2,6,1,0.5,0.16666666666666666,0.6666666666666667,Middle-age,High Spenders,0.0,0.33,2.33,0.3,1.0,1.0,0.11668611435239207,0.11,0.07766666666666668,0.08168028004667444,0.28800000000000003,0.6666666666666667,0.35436666666666666,0.2333,score_exclusive_discount
540226,2,0,6,0,0.0,0.0,0.5,0,0,0.0,0.0,0.0,0.0,0.0,0.0,0.0,0.0,0.0,0.0,0.0,0.5,0.0,0.0,score_exclusive_discount
540244,3,1,5,3,0.3333333333333333,0.6,0.3666666666666667,Middle-age,Medium Spenders,0.0,1.0,1.5,0.5,0.75,1.0,0.11792452830188678,0.3333333333333333,0.05,0.08254716981132074,0.4666666666666667,0.3666666666666667,0.25999999999999995,0.365,score_free_checkedbag
540252,4,1,4,1,0.25,0.25,0.5,Middle-age,Medium Spenders,0.0,1.0,6.0,0.25,1.0,0.5,0.10504201680672269,0.3333333333333333,0.2,0.07352941176470588,0.3666666666666667,0.5,0.43999999999999995,0.235,score_exclusive_discount
540253,1,0,7,1,0.0,0.14285714285714285,0.4285714285714286,Middle-age,Low Spenders,0.0,1.0,4.0,0.125,1.0,1.0,0.1510574018126888,0.3333333333333333,0.13333333333333333,0.10574018126888217,0.4666666666666667,0.4285714285714286,0.3933333333333333,0.1275,score_free_checkedbag
540260,1,0,8,3,0.0,0.375,0.3125,Middle-age,High Spenders,0.0,0.78,1.33,0.3333333333333333,1.0,1.0,0.151285930408472,0.26,0.044333333333333336,0.10590015128593039,0.40800000000000003,0.3125,0.33103333333333335,0.24663333333333332,score_free_checkedbag
540302,5,4,5,1,0.8,0.2,0.8,Middle-age,Champions,0.0,0.75,2.2,0.5,0.8,0.8,0.1485884101040119,0.25,0.07333333333333333,0.10401188707280831,0.36000000000000004,0.8,0.29133333333333333,0.372,score_exclusive_discount
540306,3,1,5,2,0.3333333333333333,0.4,0.4666666666666667,Middle-age,Medium Spenders,0.0,1.0,2.0,0.375,1.0,1.0,0.1706484641638225,0.3333333333333333,0.06666666666666667,0.11945392491467575,0.4666666666666667,0.4666666666666667,0.3466666666666667,0.2825,score_free_checkedbag
540308,3,0,5,1,0.0,0.2,0.4,Middle-age,At Risk,0.0,1.0,1.0,0.125,1.0,1.0,0.19083969465648853,0.3333333333333333,0.03333333333333333,0.13358778625954196,0.4666666666666667,0.4,0.3233333333333333,0.09749999999999999,score_free_checkedbag
540319,0,0,8,3,0.0,0.375,0.5,Middle-age,High Spenders,0.0,0.67,0.33,0.375,0.3333333333333333,1.0,0.1107419712070875,0.22333333333333336,0.011000000000000001,0.07751937984496124,0.3786666666666667,0.5,0.10769999999999999,0.2658,score_exclusive_discount
540347,3,2,5,4,0.6666666666666666,0.8,0.4333333333333333,Middle-age,High Spenders,0.0,0.33,1.67,0.75,1.0,1.0,0.11286681715575622,0.11,0.05566666666666666,0.07900677200902935,0.28800000000000003,0.4333333333333333,0.33896666666666664,0.5417,score_free_night_flight
540348,5,2,3,0,0.4,0.0,0.7,Middle-age,Low Spenders,0.0,0.5,2.5,0.25,1.0,1.0,0.13404825737265416,0.16666666666666666,0.08333333333333333,0.0938337801608579,0.33333333333333337,0.7,0.35833333333333334,0.19999999999999998,score_exclusive_discount
540413,3,0,5,2,0.0,0.4,0.3,Middle-age,Low Spenders,0.0,0.0,2.0,0.25,1.0,1.0,0.1053740779768177,0.0,0.06666666666666667,0.0737618545837724,0.2,0.3,0.3466666666666667,0.19499999999999998,score_free_meal
540415,0,0,8,2,0.0,0.25,0.5,Middle-age,Medium Spenders,0.0,0.5,3.0,0.25,1.0,1.0,0.13793103448275862,0.16666666666666666,0.1,0.09655172413793103,0.33333333333333337,0.5,0.37,0.205,score_exclusive_discount
540444,2,1,6,3,0.5,0.5,0.5,Middle-age,High Spenders,0.0,0.44,2.0,0.5,0.75,0.75,0.1,0.14666666666666667,0.06666666666666667,0.06999999999999999,0.26733333333333337,0.5,0.2716666666666666,0.37,score_exclusive_discount
540455,3,1,5,1,0.3333333333333333,0.2,0.5666666666666667,Middle-age,Medium Spenders,0.0,1.0,4.0,0.25,1.0,1.0,0.13966480446927373,0.3333333333333333,0.13333333333333333,0.09776536312849161,0.4666666666666667,0.5666666666666667,0.3933333333333333,0.215,score_exclusive_discount
540475,1,1,7,1,1.0,0.14285714285714285,0.9285714285714286,Middle-age,High Spenders,0.0,1.0,7.5,0.25,1.0,0.5,0.14144271570014144,0.3333333333333333,0.25,0.099009900990099,0.3666666666666667,0.9285714285714286,0.475,0.25,score_exclusive_discount
540502,0,0,8,4,0.0,0.5,0.5,Middle-age,High Spenders,0.0,0.33,4.75,0.5,1.0,0.75,0.12547051442910917,0.11,0.15833333333333333,0.08782936010037641,0.23800000000000004,0.5,0.41083333333333333,0.39749999999999996,score_exclusive_discount
540527,4,2,4,2,0.5,0.5,0.5,Middle-age,Medium Spenders,0.0,0.25,2.0,0.5,1.0,1.0,0.10952902519167579,0.08333333333333333,0.06666666666666667,0.07667031763417305,0.26666666666666666,0.5,0.3466666666666667,0.37,score_exclusive_discount
540557,4,2,4,2,0.5,0.5,0.5,Middle-age,High Spenders,0.0,0.67,3.5,0.5,1.0,0.75,0.13280212483399734,0.22333333333333336,0.11666666666666667,0.09296148738379813,0.3286666666666667,0.5,0.38166666666666665,0.38499999999999995,score_exclusive_discount
540572,3,2,5,4,0.6666666666666666,0.8,0.4333333333333333,Middle-age,Champions,0.0,0.37,4.33,0.75,1.0,0.8333333333333334,0.024096385542168676,0.12333333333333334,0.14433333333333334,0.016867469879518072,0.26533333333333337,0.4333333333333333,0.40103333333333335,0.5682999999999999,score_free_night_flight
540580,0,0,8,4,0.0,0.5,0.5,Middle-age,Medium Spenders,0.0,0.67,1.75,0.5,0.75,0.75,0.1360544217687075,0.22333333333333336,0.058333333333333334,0.09523809523809525,0.3286666666666667,0.5,0.2658333333333333,0.3675,score_exclusive_discount
540597,2,0,7,2,0.0,0.2857142857142857,0.35714285714285715,Middle-age,At Risk,0.0,0.0,1.0,0.2222222222222222,0.5,1.0,0.12062726176115804,0.0,0.03333333333333333,0.08443908323281062,0.2,0.35714285714285715,0.17333333333333334,0.16555555555555554,score_exclusive_discount
540605,2,1,6,0,0.5,0.0,0.75,Youth,Low Spenders,0.0,0.0,7.0,0.125,1.0,1.0,0.07147962830593281,0.0,0.23333333333333334,0.05003573981415296,0.2,0.75,0.4633333333333333,0.15749999999999997,score_exclusive_discount
540614,5,3,3,2,0.6,0.6666666666666666,0.4666666666666667,Middle-age,Champions,0.2,0.17,2.0,0.625,1.0,1.0,0.13793103448275862,0.05666666666666667,0.06666666666666667,0.09655172413793103,0.24533333333333335,0.4666666666666667,0.3466666666666667,0.4575,score_exclusive_discount
540622,2,1,6,2,0.5,0.3333333333333333,0.5833333333333334,Middle-age,High Spenders,0.0,0.33,5.33,0.375,1.0,1.0,0.1447178002894356,0.11,0.17766666666666667,0.10130246020260492,0.28800000000000003,0.5833333333333334,0.42436666666666667,0.31579999999999997,score_exclusive_discount
540642,1,0,7,1,0.0,0.14285714285714285,0.4285714285714286,Elderly,At Risk,0.0,0.0,27.0,0.125,1.0,0.0,1.0,0.0,0.9,0.7,0.0,0.4285714285714286,0.9299999999999999,0.35750000000000004,score_free_meal
540652,2,0,6,0,0.0,0.0,0.5,0,0,0.0,0.0,0.0,0.0,0.0,0.0,0.0,0.0,0.0,0.0,0.0,0.5,0.0,0.0,score_exclusive_discount
540653,3,1,5,0,0.3333333333333333,0.0,0.6666666666666666,Middle-age,Low Spenders,0.0,0.0,5.0,0.125,1.0,0.0,1.0,0.0,0.16666666666666666,0.7,0.0,0.6666666666666666,0.41666666666666663,0.13749999999999998,score_free_cancellation
540654,2,0,6,4,0.0,0.6666666666666666,0.16666666666666669,Middle-age,Champions,0.0,0.33,2.75,0.5,1.0,1.0,0.09950248756218905,0.11,0.09166666666666666,0.06965174129353233,0.28800000000000003,0.16666666666666669,0.36416666666666664,0.37749999999999995,score_free_night_flight
540656,3,1,6,5,0.3333333333333333,0.8333333333333334,0.25,Middle-age,Champions,0.0,0.3,3.33,0.6666666666666666,1.0,0.8333333333333334,0.12484394506866417,0.09999999999999999,0.111,0.08739076154806491,0.2466666666666667,0.25,0.3777,0.4999666666666666,score_free_night_flight
540664,2,0,6,2,0.0,0.3333333333333333,0.33333333333333337,Middle-age,Low Spenders,0.0,0.5,1.5,0.25,0.5,1.0,0.11848341232227487,0.16666666666666666,0.05,0.0829383886255924,0.33333333333333337,0.33333333333333337,0.185,0.19,score_free_checkedbag
540666,2,0,7,2,0.0,0.2857142857142857,0.35714285714285715,Middle-age,Low Spenders,0.0,0.0,2.0,0.2222222222222222,1.0,1.0,0.09775171065493646,0.0,0.06666666666666667,0.06842619745845552,0.2,0.35714285714285715,0.3466666666666667,0.17555555555555552,score_exclusive_discount
540698,3,2,5,1,0.6666666666666666,0.2,0.7333333333333333,Middle-age,Medium Spenders,0.0,0.0,2.33,0.375,1.0,1.0,0.1053740779768177,0.0,0.07766666666666668,0.0737618545837724,0.2,0.7333333333333333,0.35436666666666666,0.28579999999999994,score_exclusive_discount
540708,1,0,7,4,0.0,0.5714285714285714,0.2142857142857143,Middle-age,High Spenders,0.0,0.33,5.25,0.5,1.0,0.75,0.10964912280701755,0.11,0.175,0.07675438596491228,0.23800000000000004,0.2142857142857143,0.4225,0.40249999999999997,score_free_meal
540718,3,0,5,3,0.0,0.6,0.2,Middle-age,High Spenders,0.0,0.5,5.33,0.375,0.6666666666666666,0.6666666666666666,0.11547344110854503,0.16666666666666666,0.17766666666666667,0.08083140877598152,0.26666666666666666,0.2,0.32436666666666664,0.31579999999999997,score_free_meal
540733,2,1,6,3,0.5,0.5,0.5,Middle-age,High Spenders,0.0,0.17,2.25,0.5,0.75,0.75,0.13850415512465375,0.05666666666666667,0.075,0.09695290858725762,0.19533333333333336,0.5,0.27749999999999997,0.3725,score_exclusive_discount
540777,2,1,8,0,0.5,0.0,0.75,Elderly,Medium Spenders,0.0,0.0,28.0,0.1,1.0,0.0,1.0,0.0,0.9333333333333333,0.7,0.0,0.75,0.9533333333333334,0.35,score_free_meal
540819,5,3,4,2,0.6,0.5,0.55,Middle-age,Medium Spenders,0.2,0.67,2.0,0.5555555555555556,1.0,1.0,0.15015015015015015,0.22333333333333336,0.06666666666666667,0.1051051051051051,0.3786666666666667,0.55,0.3466666666666667,0.4088888888888889,score_exclusive_discount
540837,2,0,6,1,0.0,0.16666666666666666,0.4166666666666667,Middle-age,At Risk,0.0,0.0,1.0,0.125,1.0,1.0,0.151285930408472,0.0,0.03333333333333333,0.10590015128593039,0.2,0.4166666666666667,0.3233333333333333,0.09749999999999999,score_exclusive_discount
540857,3,0,5,0,0.0,0.0,0.5,0,0,0.0,0.0,0.0,0.0,0.0,0.0,0.0,0.0,0.0,0.0,0.0,0.5,0.0,0.0,score_exclusive_discount
540863,0,0,9,2,0.0,0.2222222222222222,0.5,Middle-age,Champions,0.0,0.83,4.0,0.2222222222222222,0.5,0.5,0.0035505059470974615,0.27666666666666667,0.13333333333333333,0.002485354162968223,0.32133333333333336,0.5,0.24333333333333332,0.19555555555555554,score_exclusive_discount
540924,2,2,6,1,1.0,0.16666666666666666,0.9166666666666667,Middle-age,High Spenders,0.0,0.0,9.33,0.375,1.0,0.0,1.0,0.0,0.311,0.7,0.0,0.9166666666666667,0.5176999999999999,0.35579999999999995,score_exclusive_discount
540941,4,1,4,1,0.25,0.25,0.5,Youth,Medium Spenders,0.0,0.0,0.5,0.25,0.5,0.5,0.002731643356643357,0.0,0.016666666666666666,0.0019121503496503497,0.1,0.5,0.16166666666666665,0.18,score_exclusive_discount
540966,1,0,8,0,0.0,0.0,0.5,0,0,0.0,0.0,0.0,0.0,0.0,0.0,0.0,0.0,0.0,0.0,0.0,0.5,0.0,0.0,score_exclusive_discount
540973,3,0,5,3,0.0,0.6,0.2,Middle-age,Medium Spenders,0.0,1.0,1.0,0.375,1.0,1.0,0.12610340479192939,0.3333333333333333,0.03333333333333333,0.08827238335435056,0.4666666666666667,0.2,0.3233333333333333,0.27249999999999996,score_free_checkedbag
540974,1,0,7,2,0.0,0.2857142857142857,0.35714285714285715,Middle-age,At Risk,0.0,1.0,3.0,0.25,1.0,0.5,0.1400560224089636,0.3333333333333333,0.1,0.09803921568627451,0.3666666666666667,0.35714285714285715,0.37,0.205,score_free_meal
541001,0,0,8,2,0.0,0.25,0.5,Middle-age,Low Spenders,0.0,0.5,1.0,0.25,0.5,1.0,0.12091898428053205,0.16666666666666666,0.03333333333333333,0.08464328899637243,0.33333333333333337,0.5,0.17333333333333334,0.185,score_exclusive_discount
541034,5,1,3,0,0.2,0.0,0.6,Youth,Low Spenders,0.0,0.0,5.0,0.125,1.0,0.0,1.0,0.0,0.16666666666666666,0.7,0.0,0.6,0.41666666666666663,0.13749999999999998,score_free_cancellation
541040,4,3,5,1,0.75,0.2,0.775,Middle-age,Medium Spenders,0.25,1.0,4.0,0.4444444444444444,1.0,0.75,0.10438413361169102,0.3333333333333333,0.13333333333333333,0.07306889352818371,0.4166666666666667,0.775,0.3933333333333333,0.35111111111111104,score_exclusive_discount
541041,1,0,8,1,0.0,0.125,0.4375,Youth,Low Spenders,0.0,0.0,5.0,0.1111111111111111,1.0,1.0,0.15527950310559005,0.0,0.16666666666666666,0.10869565217391303,0.2,0.4375,0.41666666666666663,0.12777777777777777,score_exclusive_discount
541047,3,1,5,2,0.3333333333333333,0.4,0.4666666666666667,Elderly,High Spenders,0.33,0.0,6.0,0.375,1.0,0.6666666666666666,1.0,0.0,0.2,0.7,0.13333333333333333,0.4666666666666667,0.43999999999999995,0.32249999999999995,score_free_cancellation
541061,3,2,5,0,0.6666666666666666,0.0,0.8333333333333333,Middle-age,Low Spenders,0.0,1.0,1.0,0.25,0.5,0.5,0.12987012987012986,0.3333333333333333,0.03333333333333333,0.0909090909090909,0.3666666666666667,0.8333333333333333,0.17333333333333334,0.185,score_exclusive_discount
541083,2,1,6,0,0.5,0.0,0.75,Elderly,High Spenders,0.0,0.0,1.0,0.125,1.0,1.0,0.13245033112582782,0.0,0.03333333333333333,0.09271523178807947,0.2,0.75,0.3233333333333333,0.09749999999999999,score_exclusive_discount
541084,3,2,6,3,0.6666666666666666,0.5,0.5833333333333333,Middle-age,Champions,0.0,0.5,5.8,0.5555555555555556,1.0,0.4,0.1020408163265306,0.16666666666666666,0.19333333333333333,0.07142857142857141,0.21333333333333335,0.5833333333333333,0.43533333333333335,0.4468888888888889,score_exclusive_discount
541112,3,1,5,3,0.3333333333333333,0.6,0.3666666666666667,Middle-age,High Spenders,0.0,0.67,3.25,0.5,1.0,0.75,0.11389521640091115,0.22333333333333336,0.10833333333333334,0.0797266514806378,0.3286666666666667,0.3666666666666667,0.37583333333333335,0.38249999999999995,score_free_night_flight
541132,1,0,7,0,0.0,0.0,0.5,0,0,0.0,0.0,0.0,0.0,0.0,0.0,0.0,0.0,0.0,0.0,0.0,0.5,0.0,0.0,score_exclusive_discount
541150,2,0,7,3,0.0,0.42857142857142855,0.2857142857142857,Middle-age,High Spenders,0.0,1.0,5.67,0.3333333333333333,1.0,0.6666666666666666,0.09960159362549802,0.3333333333333333,0.189,0.06972111553784861,0.4,0.2857142857142857,0.4323,0.2900333333333333,score_free_meal
541162,3,2,6,4,0.6666666666666666,0.6666666666666666,0.5,Middle-age,Medium Spenders,0.17,0.5,1.0,0.6666666666666666,0.8333333333333334,1.0,0.08680555555555555,0.16666666666666666,0.03333333333333333,0.06076388888888888,0.33333333333333337,0.5,0.2733333333333333,0.4766666666666666,score_exclusive_discount
541168,1,1,7,5,1.0,0.7142857142857143,0.6428571428571428,Middle-age,High Spenders,0.0,0.6,2.17,0.75,0.6666666666666666,0.8333333333333334,0.12077294685990336,0.19999999999999998,0.07233333333333333,0.08454106280193235,0.32666666666666666,0.6428571428571428,0.2506333333333333,0.5467,score_exclusive_discount
541176,3,2,5,1,0.6666666666666666,0.2,0.7333333333333333,Middle-age,Medium Spenders,0.0,0.67,2.0,0.375,1.0,1.0,0.1579778830963665,0.22333333333333336,0.06666666666666667,0.11058451816745656,0.3786666666666667,0.7333333333333333,0.3466666666666667,0.2825,score_exclusive_discount
541193,2,0,6,0,0.0,0.0,0.5,0,0,0.0,0.0,0.0,0.0,0.0,0.0,0.0,0.0,0.0,0.0,0.0,0.5,0.0,0.0,score_exclusive_discount
541216,2,1,7,0,0.5,0.0,0.75,Youth,At Risk,0.0,0.0,2.0,0.1111111111111111,1.0,1.0,0.1288659793814433,0.0,0.06666666666666667,0.09020618556701031,0.2,0.75,0.3466666666666667,0.09777777777777777,score_exclusive_discount
541224,4,0,4,2,0.0,0.5,0.25,Middle-age,Medium Spenders,0.0,0.5,2.0,0.25,1.0,1.0,0.09699321047526673,0.16666666666666666,0.06666666666666667,0.0678952473326867,0.33333333333333337,0.25,0.3466666666666667,0.19499999999999998,score_free_meal
541235,3,2,5,3,0.6666666666666666,0.6,0.5333333333333333,Middle-age,Champions,0.0,0.25,2.6,0.625,1.0,1.0,0.12658227848101264,0.08333333333333333,0.08666666666666667,0.08860759493670885,0.26666666666666666,0.5333333333333333,0.36066666666666664,0.4635,score_exclusive_discount
541236,4,0,4,0,0.0,0.0,0.5,0,0,0.0,0.0,0.0,0.0,0.0,0.0,0.0,0.0,0.0,0.0,0.0,0.5,0.0,0.0,score_exclusive_discount
541240,3,1,5,1,0.3333333333333333,0.2,0.5666666666666667,Youth,Low Spenders,0.0,0.0,2.5,0.25,1.0,0.5,0.0791765637371338,0.0,0.08333333333333333,0.05542359461599366,0.1,0.5666666666666667,0.35833333333333334,0.19999999999999998,score_exclusive_discount
541249,2,2,6,1,1.0,0.16666666666666666,0.9166666666666667,Middle-age,Champions,0.0,0.0,4.0,0.375,1.0,0.6666666666666666,0.10989010989010989,0.0,0.13333333333333333,0.07692307692307691,0.13333333333333333,0.9166666666666667,0.3933333333333333,0.30249999999999994,score_exclusive_discount
541259,2,1,6,4,0.5,0.6666666666666666,0.4166666666666667,Middle-age,Champions,0.0,0.25,2.2,0.625,0.6,0.8,0.1288659793814433,0.08333333333333333,0.07333333333333333,0.09020618556701031,0.22666666666666668,0.4166666666666667,0.23133333333333334,0.4595,score_free_night_flight
541262,2,2,7,3,1.0,0.42857142857142855,0.7857142857142857,Middle-age,Medium Spenders,0.2,1.0,1.67,0.5555555555555556,1.0,1.0,0.10080645161290323,0.3333333333333333,0.05566666666666666,0.07056451612903226,0.4666666666666667,0.7857142857142857,0.33896666666666664,0.4055888888888889,score_exclusive_discount
541282,5,3,5,0,0.6,0.0,0.8,Middle-age,Low Spenders,0.33,0.0,16.0,0.3,1.0,0.6666666666666666,1.0,0.0,0.5333333333333333,0.7,0.13333333333333333,0.8,0.6733333333333333,0.37,score_exclusive_discount
541289,2,2,6,2,1.0,0.3333333333333333,0.8333333333333334,Middle-age,High Spenders,0.0,0.5,5.75,0.5,1.0,1.0,0.1272264631043257,0.16666666666666666,0.19166666666666668,0.08905852417302798,0.33333333333333337,0.8333333333333334,0.43416666666666665,0.4075,score_exclusive_discount
541326,3,1,6,1,0.3333333333333333,0.16666666666666666,0.5833333333333334,Middle-age,Low Spenders,0.0,0.0,3.5,0.2222222222222222,0.5,1.0,0.09157509157509157,0.0,0.11666666666666667,0.0641025641025641,0.2,0.5833333333333334,0.23166666666666666,0.19055555555555553,score_exclusive_discount
541352,2,0,6,2,0.0,0.3333333333333333,0.33333333333333337,Middle-age,Medium Spenders,0.0,0.5,4.0,0.25,1.0,1.0,0.1336898395721925,0.16666666666666666,0.13333333333333333,0.09358288770053474,0.33333333333333337,0.33333333333333337,0.3933333333333333,0.215,score_free_meal
541357,4,2,4,2,0.5,0.5,0.5,Middle-age,Medium Spenders,0.0,0.75,1.5,0.5,0.75,1.0,0.023872045834328,0.25,0.05,0.0167104320840296,0.4,0.5,0.25999999999999995,0.365,score_exclusive_discount
541382,3,1,7,4,0.3333333333333333,0.5714285714285714,0.38095238095238093,Middle-age,High Spenders,0.0,0.4,2.6,0.5,1.0,1.0,0.10405827263267431,0.13333333333333333,0.08666666666666667,0.07284079084287201,0.3066666666666667,0.38095238095238093,0.36066666666666664,0.376,score_exclusive_discount
541389,1,0,8,5,0.0,0.625,0.1875,Middle-age,High Spenders,0.0,0.8,2.2,0.5555555555555556,0.6,1.0,0.11123470522803114,0.26666666666666666,0.07333333333333333,0.07786429365962179,0.41333333333333333,0.1875,0.23133333333333334,0.4108888888888889,score_free_checkedbag
541438,3,0,6,2,0.0,0.3333333333333333,0.33333333333333337,Middle-age,At Risk,0.0,0.5,2.0,0.2222222222222222,1.0,1.0,0.117096018735363,0.16666666666666666,0.06666666666666667,0.08196721311475409,0.33333333333333337,0.33333333333333337,0.3466666666666667,0.17555555555555552,score_free_meal
541454,3,1,5,4,0.3333333333333333,0.8,0.2666666666666666,Middle-age,Champions,0.0,1.2,3.6,0.625,1.0,1.0,0.11778563015312131,0.39999999999999997,0.12000000000000001,0.08244994110718491,0.52,0.2666666666666666,0.384,0.47350000000000003,score_free_checkedbag
541497,2,0,6,0,0.0,0.0,0.5,0,0,0.0,0.0,0.0,0.0,0.0,0.0,0.0,0.0,0.0,0.0,0.0,0.5,0.0,0.0,score_exclusive_discount
541505,4,1,4,2,0.25,0.5,0.375,Middle-age,Medium Spenders,0.0,0.67,2.33,0.375,1.0,1.0,0.10090817356205853,0.22333333333333336,0.07766666666666668,0.07063572149344097,0.3786666666666667,0.375,0.35436666666666666,0.28579999999999994,score_free_checkedbag
541516,3,1,5,2,0.3333333333333333,0.4,0.4666666666666667,Middle-age,Medium Spenders,0.0,1.0,3.0,0.375,1.0,0.6666666666666666,0.13717421124828533,0.3333333333333333,0.1,0.09602194787379972,0.4,0.4666666666666667,0.37,0.2925,score_exclusive_discount
541539,5,2,4,0,0.4,0.0,0.7,0,0,0.0,0.0,0.0,0.0,0.0,0.0,0.0,0.0,0.0,0.0,0.0,0.7,0.0,0.0,score_exclusive_discount
541540,3,1,5,3,0.3333333333333333,0.6,0.3666666666666667,Middle-age,Champions,0.0,0.42,3.75,0.5,0.75,1.0,0.12062726176115804,0.13999999999999999,0.125,0.08443908323281062,0.312,0.3666666666666667,0.3125,0.38749999999999996,score_free_night_flight
541612,3,1,5,4,0.3333333333333333,0.8,0.2666666666666666,Middle-age,High Spenders,0.0,0.4,1.2,0.625,0.6,1.0,0.11402508551881414,0.13333333333333333,0.04,0.07981755986316989,0.3066666666666667,0.2666666666666666,0.208,0.4495,score_free_night_flight
541649,4,3,4,3,0.75,0.75,0.5,Middle-age,Champions,0.0,0.33,1.33,0.75,1.0,1.0,0.18281535648994515,0.11,0.044333333333333336,0.1279707495429616,0.28800000000000003,0.5,0.33103333333333335,0.5382999999999999,score_free_night_flight
541672,2,0,7,4,0.0,0.5714285714285714,0.2142857142857143,Middle-age,Champions,0.0,0.38,2.5,0.4444444444444444,1.0,1.0,0.12820512820512822,0.12666666666666668,0.08333333333333333,0.08974358974358974,0.30133333333333334,0.2142857142857143,0.35833333333333334,0.3361111111111111,score_free_meal
541699,2,2,8,4,1.0,0.5,0.75,Middle-age,Champions,0.0,0.0,3.67,0.6,0.5,0.8333333333333334,0.10952902519167579,0.0,0.12233333333333334,0.07667031763417305,0.16666666666666669,0.75,0.2356333333333333,0.4567,score_exclusive_discount
541700,3,1,5,1,0.3333333333333333,0.2,0.5666666666666667,Middle-age,Medium Spenders,0.0,1.0,3.0,0.25,0.5,1.0,0.10416666666666667,0.3333333333333333,0.1,0.07291666666666667,0.4666666666666667,0.5666666666666667,0.21999999999999997,0.205,score_exclusive_discount
541734,4,2,4,1,0.5,0.25,0.625,Middle-age,Medium Spenders,0.0,1.0,2.0,0.375,1.0,1.0,0.15625,0.3333333333333333,0.06666666666666667,0.109375,0.4666666666666667,0.625,0.3466666666666667,0.2825,score_exclusive_discount
541735,2,0,6,1,0.0,0.16666666666666666,0.4166666666666667,Middle-age,Medium Spenders,0.0,0.0,4.0,0.125,1.0,0.0,1.0,0.0,0.13333333333333333,0.7,0.0,0.4166666666666667,0.3933333333333333,0.1275,score_free_cancellation
541752,1,0,7,4,0.0,0.5714285714285714,0.2142857142857143,Middle-age,Medium Spenders,0.0,0.5,6.0,0.5,1.0,1.0,0.11098779134295228,0.16666666666666666,0.2,0.07769145394006659,0.33333333333333337,0.2142857142857143,0.43999999999999995,0.41,score_free_meal
541764,3,1,5,2,0.3333333333333333,0.4,0.4666666666666667,Middle-age,Medium Spenders,0.0,0.5,4.67,0.375,1.0,0.6666666666666666,0.15015015015015015,0.16666666666666666,0.15566666666666668,0.1051051051051051,0.26666666666666666,0.4666666666666667,0.40896666666666665,0.3092,score_exclusive_discount
541812,2,1,7,5,0.5,0.7142857142857143,0.39285714285714285,Middle-age,Champions,0.0,0.2,2.5,0.6666666666666666,0.8333333333333334,0.8333333333333334,0.11235955056179775,0.06666666666666667,0.08333333333333333,0.07865168539325842,0.22000000000000003,0.39285714285714285,0.30833333333333335,0.49166666666666664,score_free_night_flight
541878,1,0,7,2,0.0,0.2857142857142857,0.35714285714285715,Youth,High Spenders,0.0,1.0,4.5,0.25,1.0,0.5,0.08635578583765112,0.3333333333333333,0.15,0.06044905008635578,0.3666666666666667,0.35714285714285715,0.40499999999999997,0.21999999999999997,score_free_meal
541901,1,1,7,5,1.0,0.7142857142857143,0.6428571428571428,Middle-age,Champions,0.0,0.8,4.67,0.75,0.8333333333333334,0.8333333333333334,0.10940919037199125,0.26666666666666666,0.15566666666666668,0.07658643326039387,0.38,0.6428571428571428,0.35896666666666666,0.5716999999999999,score_exclusive_discount
541906,2,1,6,4,0.5,0.6666666666666666,0.4166666666666667,Middle-age,Medium Spenders,0.2,1.5,4.33,0.625,0.8,0.8,0.13071895424836602,0.5,0.14433333333333334,0.0915032679738562,0.56,0.4166666666666667,0.3410333333333333,0.4808,score_free_checkedbag
541921,1,0,7,2,0.0,0.2857142857142857,0.35714285714285715,Middle-age,Champions,0.0,0.0,2.0,0.25,1.0,0.5,0.17921146953405018,0.0,0.06666666666666667,0.12544802867383512,0.1,0.35714285714285715,0.3466666666666667,0.19499999999999998,score_exclusive_discount
541923,3,2,5,1,0.6666666666666666,0.2,0.7333333333333333,Middle-age,High Spenders,0.0,0.0,6.0,0.375,1.0,0.6666666666666666,0.1584786053882726,0.0,0.2,0.11093502377179082,0.13333333333333333,0.7333333333333333,0.43999999999999995,0.32249999999999995,score_exclusive_discount
541931,0,0,8,4,0.0,0.5,0.5,Middle-age,Champions,0.0,0.25,6.75,0.5,1.0,0.5,0.11415525114155252,0.08333333333333333,0.225,0.07990867579908675,0.16666666666666669,0.5,0.4575,0.4175,score_exclusive_discount
541939,3,0,5,4,0.0,0.8,0.09999999999999998,Middle-age,High Spenders,0.0,0.0,3.25,0.5,0.75,0.75,0.11764705882352941,0.0,0.10833333333333334,0.08235294117647059,0.15000000000000002,0.09999999999999998,0.3008333333333333,0.38249999999999995,score_free_night_flight
541967,3,1,5,3,0.3333333333333333,0.6,0.3666666666666667,Middle-age,Champions,0.0,1.0,1.5,0.5,0.75,1.0,0.1203369434416366,0.3333333333333333,0.05,0.08423586040914562,0.4666666666666667,0.3666666666666667,0.25999999999999995,0.365,score_free_checkedbag
541972,2,0,6,2,0.0,0.3333333333333333,0.33333333333333337,Middle-age,Champions,0.0,1.0,5.5,0.25,1.0,1.0,0.12594458438287154,0.3333333333333333,0.18333333333333332,0.08816120906801007,0.4666666666666667,0.33333333333333337,0.42833333333333334,0.22999999999999998,score_free_checkedbag
541980,3,1,5,0,0.3333333333333333,0.0,0.6666666666666666,Elderly,Low Spenders,0.0,0.0,3.0,0.125,1.0,1.0,0.12755102040816327,0.0,0.1,0.08928571428571429,0.2,0.6666666666666666,0.37,0.1175,score_exclusive_discount
541988,5,0,4,0,0.0,0.0,0.5,0,0,0.0,0.0,0.0,0.0,0.0,0.0,0.0,0.0,0.0,0.0,0.0,0.5,0.0,0.0,score_exclusive_discount
541998,0,0,8,3,0.0,0.375,0.5,Middle-age,Low Spenders,0.0,0.67,3.0,0.375,1.0,1.0,0.17211703958691912,0.22333333333333336,0.1,0.12048192771084337,0.3786666666666667,0.5,0.37,0.2925,score_exclusive_discount
541999,3,1,6,1,0.3333333333333333,0.16666666666666666,0.5833333333333334,Elderly,Champions,0.0,0.0,16.5,0.2222222222222222,1.0,0.0,1.0,0.0,0.55,0.7,0.0,0.5833333333333334,0.685,0.32055555555555554,score_free_cancellation
542012,1,1,7,2,1.0,0.2857142857142857,0.8571428571428572,Middle-age,Medium Spenders,0.0,1.0,2.33,0.375,1.0,1.0,0.12210012210012208,0.3333333333333333,0.07766666666666668,0.08547008547008546,0.4666666666666667,0.8571428571428572,0.35436666666666666,0.28579999999999994,score_exclusive_discount
542015,1,1,7,5,1.0,0.7142857142857143,0.6428571428571428,Middle-age,Champions,0.0,1.0,5.17,0.75,1.0,0.6666666666666666,0.12610340479192939,0.3333333333333333,0.17233333333333334,0.08827238335435056,0.4,0.6428571428571428,0.4206333333333333,0.5766999999999999,score_exclusive_discount
542027,4,2,4,2,0.5,0.5,0.5,Middle-age,High Spenders,0.0,0.33,3.0,0.5,1.0,0.75,0.12391573729863692,0.11,0.1,0.08674101610904583,0.23800000000000004,0.5,0.37,0.38,score_exclusive_discount
542036,2,0,6,2,0.0,0.3333333333333333,0.33333333333333337,Middle-age,Low Spenders,0.0,0.5,1.5,0.25,1.0,1.0,0.12121212121212122,0.16666666666666666,0.05,0.08484848484848484,0.33333333333333337,0.33333333333333337,0.33499999999999996,0.19,score_free_meal
542056,1,1,7,2,1.0,0.2857142857142857,0.8571428571428572,Middle-age,Medium Spenders,0.33,0.0,11.0,0.375,1.0,0.3333333333333333,1.0,0.0,0.36666666666666664,0.7,0.06666666666666667,0.8571428571428572,0.5566666666666666,0.37249999999999994,score_exclusive_discount
542059,2,1,6,2,0.5,0.3333333333333333,0.5833333333333334,Middle-age,Low Spenders,0.0,0.33,1.0,0.375,0.6666666666666666,1.0,0.11890606420927467,0.11,0.03333333333333333,0.08323424494649227,0.28800000000000003,0.5833333333333334,0.22333333333333333,0.27249999999999996,score_exclusive_discount
542065,3,2,5,1,0.6666666666666666,0.2,0.7333333333333333,Middle-age,Low Spenders,0.33,0.0,3.0,0.375,1.0,1.0,0.18083182640144665,0.0,0.1,0.12658227848101264,0.2,0.7333333333333333,0.37,0.2925,score_exclusive_discount
542080,3,2,5,1,0.6666666666666666,0.2,0.7333333333333333,Middle-age,High Spenders,0.0,0.33,4.67,0.375,1.0,1.0,0.1358695652173913,0.11,0.15566666666666668,0.0951086956521739,0.28800000000000003,0.7333333333333333,0.40896666666666665,0.3092,score_exclusive_discount
542095,3,1,5,1,0.3333333333333333,0.2,0.5666666666666667,0,0,0.0,0.0,0.0,0.0,0.0,0.0,0.0,0.0,0.0,0.0,0.0,0.5666666666666667,0.0,0.0,score_exclusive_discount
542142,2,2,7,5,1.0,0.7142857142857143,0.6428571428571428,Middle-age,Champions,0.14,0.5,5.4,0.7777777777777778,0.8571428571428571,0.8571428571428571,0.012906556530717603,0.16666666666666666,0.18000000000000002,0.009034589571502322,0.3047619047619048,0.6428571428571428,0.3831428571428571,0.5984444444444444,score_exclusive_discount
542153,1,0,7,2,0.0,0.2857142857142857,0.35714285714285715,Middle-age,Medium Spenders,0.0,0.5,2.5,0.25,1.0,1.0,0.1231527093596059,0.16666666666666666,0.08333333333333333,0.08620689655172413,0.33333333333333337,0.35714285714285715,0.35833333333333334,0.19999999999999998,score_free_meal
542189,2,1,7,0,0.5,0.0,0.75,Youth,At Risk,0.0,0.0,2.0,0.1111111111111111,1.0,1.0,0.13123359580052493,0.0,0.06666666666666667,0.09186351706036745,0.2,0.75,0.3466666666666667,0.09777777777777777,score_exclusive_discount
542194,1,0,7,3,0.0,0.42857142857142855,0.2857142857142857,Middle-age,High Spenders,0.0,0.33,0.67,0.375,0.3333333333333333,1.0,0.10764262648008613,0.11,0.022333333333333334,0.07534983853606028,0.28800000000000003,0.2857142857142857,0.11563333333333332,0.26919999999999994,score_free_checkedbag
542196,3,1,5,1,0.3333333333333333,0.2,0.5666666666666667,Middle-age,Low Spenders,0.0,1.0,6.0,0.25,0.5,0.5,0.10460251046025104,0.3333333333333333,0.2,0.07322175732217573,0.3666666666666667,0.5666666666666667,0.29,0.235,score_exclusive_discount
542208,1,1,7,4,1.0,0.5714285714285714,0.7142857142857143,Middle-age,Champions,0.0,0.3,4.0,0.625,1.0,1.0,0.11848341232227487,0.09999999999999999,0.13333333333333333,0.0829383886255924,0.28,0.7142857142857143,0.3933333333333333,0.4775,score_exclusive_discount
542230,4,0,6,1,0.0,0.16666666666666666,0.4166666666666667,Middle-age,Champions,0.0,0.0,4.0,0.1,1.0,1.0,0.11025358324145534,0.0,0.13333333333333333,0.07717750826901873,0.2,0.4166666666666667,0.3933333333333333,0.10999999999999999,score_exclusive_discount
542254,3,0,5,2,0.0,0.4,0.3,Middle-age,Medium Spenders,0.0,1.0,3.5,0.25,1.0,1.0,0.13054830287206265,0.3333333333333333,0.11666666666666667,0.09138381201044385,0.4666666666666667,0.3,0.38166666666666665,0.21,score_free_checkedbag
542267,2,0,6,0,0.0,0.0,0.5,0,0,0.0,0.0,0.0,0.0,0.0,0.0,0.0,0.0,0.0,0.0,0.0,0.5,0.0,0.0,score_exclusive_discount
542270,3,1,6,2,0.3333333333333333,0.3333333333333333,0.5,Middle-age,High Spenders,0.0,0.17,2.67,0.3333333333333333,1.0,0.6666666666666666,0.1183431952662722,0.05666666666666667,0.089,0.08284023668639054,0.17866666666666667,0.5,0.36229999999999996,0.2600333333333333,score_exclusive_discount
542277,2,1,6,1,0.5,0.16666666666666666,0.6666666666666667,Middle-age,Medium Spenders,0.0,1.0,3.0,0.25,1.0,1.0,0.11402508551881414,0.3333333333333333,0.1,0.07981755986316989,0.4666666666666667,0.6666666666666667,0.37,0.205,score_exclusive_discount
542282,3,2,5,2,0.6666666666666666,0.4,0.6333333333333333,Middle-age,Medium Spenders,0.0,0.38,1.0,0.5,1.0,1.0,0.10593220338983052,0.12666666666666668,0.03333333333333333,0.07415254237288135,0.30133333333333334,0.6333333333333333,0.3233333333333333,0.36,score_exclusive_discount
542303,2,0,6,1,0.0,0.16666666666666666,0.4166666666666667,Middle-age,Low Spenders,0.0,0.0,3.0,0.125,1.0,1.0,0.08203445447087777,0.0,0.1,0.05742411812961444,0.2,0.4166666666666667,0.37,0.1175,score_exclusive_discount
542316,3,0,5,2,0.0,0.4,0.3,Youth,Low Spenders,0.0,0.0,13.0,0.25,1.0,0.0,1.0,0.0,0.43333333333333335,0.7,0.0,0.3,0.6033333333333333,0.305,score_free_cancellation
542326,1,0,7,3,0.0,0.42857142857142855,0.2857142857142857,Middle-age,Medium Spenders,0.0,0.0,1.67,0.375,1.0,1.0,0.10976948408342481,0.0,0.05566666666666666,0.07683863885839737,0.2,0.2857142857142857,0.33896666666666664,0.27919999999999995,score_free_meal
542334,2,1,6,1,0.5,0.16666666666666666,0.6666666666666667,Middle-age,Champions,0.0,1.0,4.5,0.25,1.0,0.5,0.1183431952662722,0.3333333333333333,0.15,0.08284023668639054,0.3666666666666667,0.6666666666666667,0.40499999999999997,0.21999999999999997,score_exclusive_discount
542358,4,0,4,3,0.0,0.75,0.125,Middle-age,Champions,0.0,0.0,6.33,0.375,1.0,0.6666666666666666,0.10845986984815617,0.0,0.211,0.07592190889370931,0.13333333333333333,0.125,0.4477,0.3258,score_free_meal
542366,2,1,6,2,0.5,0.3333333333333333,0.5833333333333334,Middle-age,Low Spenders,0.0,0.67,1.67,0.375,1.0,1.0,0.13793103448275862,0.22333333333333336,0.05566666666666666,0.09655172413793103,0.3786666666666667,0.5833333333333334,0.33896666666666664,0.27919999999999995,score_exclusive_discount
542383,2,0,6,3,0.0,0.5,0.25,Middle-age,Low Spenders,0.0,0.67,1.67,0.375,1.0,1.0,0.07782101167315175,0.22333333333333336,0.05566666666666666,0.054474708171206226,0.3786666666666667,0.25,0.33896666666666664,0.27919999999999995,score_free_checkedbag
542418,3,2,5,3,0.6666666666666666,0.6,0.5333333333333333,Middle-age,Medium Spenders,0.2,0.17,1.33,0.625,1.0,1.0,0.14084507042253522,0.05666666666666667,0.044333333333333336,0.09859154929577464,0.24533333333333335,0.5333333333333333,0.33103333333333335,0.4508,score_exclusive_discount
542451,1,0,8,2,0.0,0.25,0.375,Middle-age,Low Spenders,0.0,1.0,1.0,0.2222222222222222,1.0,1.0,0.10090817356205853,0.3333333333333333,0.03333333333333333,0.07063572149344097,0.4666666666666667,0.375,0.3233333333333333,0.16555555555555554,score_free_checkedbag
542471,3,2,5,2,0.6666666666666666,0.4,0.6333333333333333,Middle-age,Champions,0.0,0.5,4.25,0.5,0.75,1.0,0.09191176470588235,0.16666666666666666,0.14166666666666666,0.06433823529411764,0.33333333333333337,0.6333333333333333,0.3241666666666666,0.39249999999999996,score_exclusive_discount
542482,3,1,5,0,0.3333333333333333,0.0,0.6666666666666666,Middle-age,At Risk,0.0,1.0,0.0,0.125,0.0,1.0,0.07974481658692185,0.3333333333333333,0.0,0.05582137161084529,0.4666666666666667,0.6666666666666666,0.0,0.0875,score_exclusive_discount
542570,5,0,3,1,0.0,0.3333333333333333,0.33333333333333337,Middle-age,At Risk,0.0,1.0,2.0,0.125,1.0,1.0,0.15313935681470137,0.3333333333333333,0.06666666666666667,0.10719754977029095,0.4666666666666667,0.33333333333333337,0.3466666666666667,0.1075,score_free_checkedbag
542585,3,2,5,1,0.6666666666666666,0.2,0.7333333333333333,Middle-age,Medium Spenders,0.0,0.25,3.33,0.375,0.6666666666666666,0.6666666666666666,0.13850415512465375,0.08333333333333333,0.111,0.09695290858725762,0.2,0.7333333333333333,0.27769999999999995,0.29579999999999995,score_exclusive_discount
542605,4,0,4,1,0.0,0.25,0.375,Middle-age,Low Spenders,0.0,0.0,2.0,0.125,1.0,1.0,0.11976047904191617,0.0,0.06666666666666667,0.08383233532934131,0.2,0.375,0.3466666666666667,0.1075,score_exclusive_discount
542638,0,0,8,0,0.0,0.0,0.5,0,0,0.0,0.0,0.0,0.0,0.0,0.0,0.0,0.0,0.0,0.0,0.0,0.5,0.0,0.0,score_exclusive_discount
542657,6,3,2,1,0.5,0.5,0.5,Middle-age,Champions,0.0,0.25,0.75,0.5,0.75,1.0,0.12091898428053205,0.08333333333333333,0.025,0.08464328899637243,0.26666666666666666,0.5,0.24249999999999997,0.3575,score_exclusive_discount
542658,1,1,7,2,1.0,0.2857142857142857,0.8571428571428572,Youth,High Spenders,0.0,0.67,0.33,0.375,0.3333333333333333,1.0,0.09652509652509653,0.22333333333333336,0.011000000000000001,0.06756756756756756,0.3786666666666667,0.8571428571428572,0.10769999999999999,0.2658,score_exclusive_discount
542663,2,1,6,4,0.5,0.6666666666666666,0.4166666666666667,Middle-age,High Spenders,0.0,0.4,2.4,0.625,1.0,1.0,0.09746588693957116,0.13333333333333333,0.08,0.0682261208576998,0.3066666666666667,0.4166666666666667,0.356,0.4615,score_free_night_flight
542670,5,0,3,3,0.0,1.0,0.0,Middle-age,Champions,0.0,0.5,8.33,0.375,1.0,0.6666666666666666,0.08928571428571429,0.16666666666666666,0.2776666666666667,0.0625,0.26666666666666666,0.0,0.4943666666666666,0.34579999999999994,score_free_meal
542706,0,0,8,1,0.0,0.125,0.5,Youth,Low Spenders,0.0,0.0,10.0,0.125,1.0,0.0,1.0,0.0,0.3333333333333333,0.7,0.0,0.5,0.5333333333333333,0.1875,score_free_cancellation
542752,3,1,6,2,0.3333333333333333,0.3333333333333333,0.5,Middle-age,High Spenders,0.0,0.67,1.67,0.3333333333333333,1.0,1.0,0.111731843575419,0.22333333333333336,0.05566666666666666,0.0782122905027933,0.3786666666666667,0.5,0.33896666666666664,0.25003333333333333,score_exclusive_discount
542760,1,0,7,5,0.0,0.7142857142857143,0.14285714285714285,Middle-age,Champions,0.0,0.0,3.6,0.625,1.0,0.8,0.11350737797956868,0.0,0.12000000000000001,0.07945516458569807,0.16000000000000003,0.14285714285714285,0.384,0.47350000000000003,score_free_night_flight
542767,3,1,5,1,0.3333333333333333,0.2,0.5666666666666667,Middle-age,High Spenders,0.0,0.5,8.5,0.25,1.0,1.0,0.011336583153837435,0.16666666666666666,0.2833333333333333,0.007935608207686204,0.33333333333333337,0.5666666666666667,0.4983333333333333,0.26,score_exclusive_discount
542795,1,1,7,3,1.0,0.42857142857142855,0.7857142857142857,Middle-age,Low Spenders,0.0,0.25,2.0,0.5,1.0,1.0,0.11764705882352941,0.08333333333333333,0.06666666666666667,0.08235294117647059,0.26666666666666666,0.7857142857142857,0.3466666666666667,0.37,score_exclusive_discount
542796,1,1,7,3,1.0,0.42857142857142855,0.7857142857142857,Middle-age,Champions,0.0,0.75,0.5,0.5,0.5,1.0,0.1631321370309951,0.25,0.016666666666666666,0.11419249592169657,0.4,0.7857142857142857,0.16166666666666665,0.355,score_exclusive_discount
542805,3,1,5,3,0.3333333333333333,0.6,0.3666666666666667,Middle-age,High Spenders,0.0,1.0,2.75,0.5,1.0,1.0,0.14684287812041116,0.3333333333333333,0.09166666666666666,0.1027900146842878,0.4666666666666667,0.3666666666666667,0.36416666666666664,0.37749999999999995,score_free_checkedbag
542812,5,1,4,0,0.2,0.0,0.6,Youth,Low Spenders,0.0,0.0,8.0,0.1111111111111111,1.0,0.0,1.0,0.0,0.26666666666666666,0.7,0.0,0.6,0.48666666666666664,0.15777777777777777,score_free_cancellation
542815,3,0,5,0,0.0,0.0,0.5,0,0,0.0,0.0,0.0,0.0,0.0,0.0,0.0,0.0,0.0,0.0,0.0,0.5,0.0,0.0,score_exclusive_discount
542825,2,1,6,3,0.5,0.5,0.5,Middle-age,High Spenders,0.0,0.5,2.0,0.5,1.0,1.0,0.1388888888888889,0.16666666666666666,0.06666666666666667,0.09722222222222222,0.33333333333333337,0.5,0.3466666666666667,0.37,score_exclusive_discount
542843,1,0,7,2,0.0,0.2857142857142857,0.35714285714285715,Middle-age,Champions,0.0,0.83,5.0,0.25,1.0,1.0,0.1072961373390558,0.27666666666666667,0.16666666666666666,0.07510729613733905,0.42133333333333334,0.35714285714285715,0.41666666666666663,0.22499999999999998,score_free_checkedbag
542850,1,0,7,4,0.0,0.5714285714285714,0.2142857142857143,Middle-age,High Spenders,0.0,0.25,4.25,0.5,0.75,1.0,0.10810810810810811,0.08333333333333333,0.14166666666666666,0.07567567567567568,0.26666666666666666,0.2142857142857143,0.3241666666666666,0.39249999999999996,score_free_night_flight
542857,3,0,5,0,0.0,0.0,0.5,0,0,0.0,0.0,0.0,0.0,0.0,0.0,0.0,0.0,0.0,0.0,0.0,0.5,0.0,0.0,score_exclusive_discount
542874,6,2,2,0,0.3333333333333333,0.0,0.6666666666666666,0,0,0.0,0.0,0.0,0.0,0.0,0.0,0.0,0.0,0.0,0.0,0.0,0.6666666666666666,0.0,0.0,score_exclusive_discount
542914,3,0,5,3,0.0,0.6,0.2,Middle-age,Champions,0.0,0.5,7.33,0.375,0.6666666666666666,0.6666666666666666,0.10111223458038422,0.16666666666666666,0.24433333333333335,0.07077856420626895,0.26666666666666666,0.2,0.3710333333333333,0.3358,score_free_meal
542918,2,1,6,3,0.5,0.5,0.5,Middle-age,Champions,0.0,0.7,3.0,0.5,0.75,1.0,0.0160333493666827,0.2333333333333333,0.1,0.01122334455667789,0.38666666666666666,0.5,0.295,0.38,score_exclusive_discount
542937,2,0,6,5,0.0,0.8333333333333334,0.08333333333333331,Middle-age,Champions,0.0,0.4,2.0,0.625,1.0,1.0,0.13280212483399734,0.13333333333333333,0.06666666666666667,0.09296148738379813,0.3066666666666667,0.08333333333333331,0.3466666666666667,0.4575,score_free_night_flight
542965,3,0,6,1,0.0,0.16666666666666666,0.4166666666666667,Youth,At Risk,0.0,0.0,3.0,0.1111111111111111,1.0,0.0,1.0,0.0,0.1,0.7,0.0,0.4166666666666667,0.37,0.10777777777777776,score_free_cancellation
542976,3,2,5,1,0.6666666666666666,0.2,0.7333333333333333,Middle-age,Medium Spenders,0.0,1.0,3.33,0.375,1.0,0.6666666666666666,0.10482180293501049,0.3333333333333333,0.111,0.07337526205450734,0.4,0.7333333333333333,0.3777,0.29579999999999995,score_exclusive_discount
543008,3,1,5,2,0.3333333333333333,0.4,0.4666666666666667,Middle-age,At Risk,0.33,0.0,5.0,0.375,0.6666666666666666,1.0,0.10604453870625663,0.0,0.16666666666666666,0.07423117709437964,0.2,0.4666666666666667,0.31666666666666665,0.31249999999999994,score_exclusive_discount
543038,2,0,6,3,0.0,0.5,0.25,Middle-age,Low Spenders,0.0,0.0,2.0,0.375,1.0,1.0,0.1079913606911447,0.0,0.06666666666666667,0.07559395248380128,0.2,0.25,0.3466666666666667,0.2825,score_free_meal
543052,3,1,5,4,0.3333333333333333,0.8,0.2666666666666666,Middle-age,Champions,0.0,0.13,1.4,0.625,0.6,1.0,0.14064697609001406,0.043333333333333335,0.04666666666666666,0.09845288326300984,0.2346666666666667,0.2666666666666666,0.21266666666666667,0.4515,score_free_night_flight
543074,2,1,6,0,0.5,0.0,0.75,Middle-age,At Risk,0.0,0.0,2.0,0.125,1.0,1.0,0.10593220338983052,0.0,0.06666666666666667,0.07415254237288135,0.2,0.75,0.3466666666666667,0.1075,score_exclusive_discount
543075,1,0,7,1,0.0,0.14285714285714285,0.4285714285714286,Middle-age,Low Spenders,0.0,1.0,2.0,0.125,1.0,1.0,0.15015015015015015,0.3333333333333333,0.06666666666666667,0.1051051051051051,0.4666666666666667,0.4285714285714286,0.3466666666666667,0.1075,score_free_checkedbag
543081,1,1,7,3,1.0,0.42857142857142855,0.7857142857142857,Middle-age,Champions,0.0,0.25,2.75,0.5,1.0,1.0,0.08635578583765112,0.08333333333333333,0.09166666666666666,0.06044905008635578,0.26666666666666666,0.7857142857142857,0.36416666666666664,0.37749999999999995,score_exclusive_discount
543114,3,1,5,4,0.3333333333333333,0.8,0.2666666666666666,Middle-age,Champions,0.0,0.5,3.6,0.625,1.0,0.8,0.13440860215053763,0.16666666666666666,0.12000000000000001,0.09408602150537633,0.29333333333333333,0.2666666666666666,0.384,0.47350000000000003,score_free_night_flight
543126,2,1,6,2,0.5,0.3333333333333333,0.5833333333333334,Youth,Medium Spenders,0.0,0.67,4.0,0.375,1.0,0.6666666666666666,0.14285714285714285,0.22333333333333336,0.13333333333333333,0.09999999999999999,0.31200000000000006,0.5833333333333334,0.3933333333333333,0.30249999999999994,score_exclusive_discount
543165,2,2,7,1,1.0,0.14285714285714285,0.9285714285714286,Middle-age,Low Spenders,0.0,0.33,1.0,0.3333333333333333,0.6666666666666666,1.0,0.10695187165775401,0.11,0.03333333333333333,0.0748663101604278,0.28800000000000003,0.9285714285714286,0.22333333333333333,0.24333333333333332,score_exclusive_discount
543222,2,2,6,2,1.0,0.3333333333333333,0.8333333333333334,Middle-age,Medium Spenders,0.25,0.5,2.5,0.5,0.75,1.0,0.10857763300760043,0.16666666666666666,0.08333333333333333,0.0760043431053203,0.33333333333333337,0.8333333333333334,0.2833333333333333,0.375,score_exclusive_discount
543237,3,1,5,2,0.3333333333333333,0.4,0.4666666666666667,Elderly,Medium Spenders,0.0,0.5,3.33,0.375,0.6666666666666666,1.0,0.09149130832570906,0.16666666666666666,0.111,0.06404391582799634,0.33333333333333337,0.4666666666666667,0.27769999999999995,0.29579999999999995,score_exclusive_discount
543240,2,1,6,2,0.5,0.3333333333333333,0.5833333333333334,Elderly,High Spenders,0.0,0.0,9.33,0.375,1.0,0.3333333333333333,0.12853470437017994,0.0,0.311,0.08997429305912595,0.06666666666666667,0.5833333333333334,0.5176999999999999,0.35579999999999995,score_exclusive_discount
543271,2,0,7,2,0.0,0.2857142857142857,0.35714285714285715,Middle-age,Champions,0.0,0.5,2.0,0.2222222222222222,1.0,1.0,0.10857763300760043,0.16666666666666666,0.06666666666666667,0.0760043431053203,0.33333333333333337,0.35714285714285715,0.3466666666666667,0.17555555555555552,score_exclusive_discount
543273,1,0,8,5,0.0,0.625,0.1875,Middle-age,Champions,0.0,0.33,8.6,0.5555555555555556,1.0,0.6,0.13717421124828533,0.11,0.2866666666666667,0.09602194787379972,0.20800000000000002,0.1875,0.5006666666666666,0.4748888888888889,score_free_meal
543304,1,1,7,2,1.0,0.2857142857142857,0.8571428571428572,Middle-age,Champions,0.0,0.75,2.0,0.375,1.0,1.0,0.08481764206955048,0.25,0.06666666666666667,0.05937234944868533,0.4,0.8571428571428572,0.3466666666666667,0.2825,score_exclusive_discount
543306,1,1,7,2,1.0,0.2857142857142857,0.8571428571428572,Middle-age,Medium Spenders,0.0,1.0,2.67,0.375,0.6666666666666666,0.6666666666666666,0.12422360248447203,0.3333333333333333,0.089,0.08695652173913042,0.4,0.8571428571428572,0.2623,0.28919999999999996,score_exclusive_discount
543327,1,0,7,4,0.0,0.5714285714285714,0.2142857142857143,Middle-age,Medium Spenders,0.0,0.25,2.0,0.5,1.0,1.0,0.11376564277588169,0.08333333333333333,0.06666666666666667,0.07963594994311718,0.26666666666666666,0.2142857142857143,0.3466666666666667,0.37,score_free_night_flight
543339,1,0,7,3,0.0,0.42857142857142855,0.2857142857142857,Middle-age,High Spenders,0.0,0.33,6.33,0.375,1.0,1.0,0.11723329425556857,0.11,0.211,0.082063305978898,0.28800000000000003,0.2857142857142857,0.4477,0.3258,score_free_meal
543352,2,1,6,3,0.5,0.5,0.5,Middle-age,High Spenders,0.0,0.67,1.5,0.5,0.75,0.75,0.1404494382022472,0.22333333333333336,0.05,0.09831460674157304,0.3286666666666667,0.5,0.25999999999999995,0.365,score_exclusive_discount
543375,3,1,6,3,0.3333333333333333,0.5,0.41666666666666663,Middle-age,Champions,0.0,0.38,1.25,0.4444444444444444,1.0,1.0,0.0970873786407767,0.12666666666666668,0.041666666666666664,0.06796116504854369,0.30133333333333334,0.41666666666666663,0.32916666666666666,0.32361111111111107,score_exclusive_discount
543385,4,4,4,2,1.0,0.5,0.75,Middle-age,Champions,0.0,0.25,2.83,0.75,1.0,0.8333333333333334,0.09940357852882703,0.08333333333333333,0.09433333333333334,0.06958250497017891,0.23333333333333334,0.75,0.3660333333333333,0.5532999999999999,score_exclusive_discount
543428,5,1,3,1,0.2,0.3333333333333333,0.43333333333333335,Middle-age,Medium Spenders,0.0,0.0,7.0,0.25,1.0,0.0,1.0,0.0,0.23333333333333334,0.7,0.0,0.43333333333333335,0.4633333333333333,0.245,score_free_cancellation
543437,2,1,7,1,0.5,0.14285714285714285,0.6785714285714286,Middle-age,Low Spenders,0.0,0.0,1.5,0.2222222222222222,1.0,0.5,0.13297872340425532,0.0,0.05,0.09308510638297872,0.1,0.6785714285714286,0.33499999999999996,0.17055555555555552,score_exclusive_discount
543476,4,1,4,0,0.25,0.0,0.625,Middle-age,At Risk,0.0,0.0,8.0,0.125,1.0,0.0,1.0,0.0,0.26666666666666666,0.7,0.0,0.625,0.48666666666666664,0.16749999999999998,score_free_cancellation
543497,3,2,5,3,0.6666666666666666,0.6,0.5333333333333333,Middle-age,Champions,0.0,0.3,1.8,0.625,0.8,1.0,0.1203369434416366,0.09999999999999999,0.060000000000000005,0.08423586040914562,0.28,0.5333333333333333,0.282,0.4555,score_exclusive_discount
543557,3,0,5,2,0.0,0.4,0.3,Middle-age,Low Spenders,0.0,0.5,2.0,0.25,1.0,1.0,0.11049723756906077,0.16666666666666666,0.06666666666666667,0.07734806629834254,0.33333333333333337,0.3,0.3466666666666667,0.19499999999999998,score_free_meal
543559,1,1,7,1,1.0,0.14285714285714285,0.9285714285714286,Middle-age,Low Spenders,0.0,0.0,2.0,0.25,1.0,1.0,0.11534025374855825,0.0,0.06666666666666667,0.08073817762399077,0.2,0.9285714285714286,0.3466666666666667,0.19499999999999998,score_exclusive_discount
543618,2,0,6,1,0.0,0.16666666666666666,0.4166666666666667,Middle-age,At Risk,0.0,1.0,1.0,0.125,1.0,1.0,0.12484394506866417,0.3333333333333333,0.03333333333333333,0.08739076154806491,0.4666666666666667,0.4166666666666667,0.3233333333333333,0.09749999999999999,score_free_checkedbag
543620,2,0,6,0,0.0,0.0,0.5,0,0,0.0,0.0,0.0,0.0,0.0,0.0,0.0,0.0,0.0,0.0,0.0,0.5,0.0,0.0,score_exclusive_discount
543659,2,1,6,4,0.5,0.6666666666666666,0.4166666666666667,Middle-age,Medium Spenders,0.0,0.8,1.8,0.625,0.8,1.0,0.13003901170351104,0.26666666666666666,0.060000000000000005,0.09102730819245772,0.41333333333333333,0.4166666666666667,0.282,0.4555,score_free_night_flight
543660,3,2,5,0,0.6666666666666666,0.0,0.8333333333333333,Youth,Champions,0.0,0.5,6.5,0.25,0.5,0.5,0.003223830555466005,0.16666666666666666,0.21666666666666667,0.0022566813888262034,0.23333333333333334,0.8333333333333333,0.30166666666666664,0.24,score_exclusive_discount
543666,0,0,8,4,0.0,0.5,0.5,Middle-age,High Spenders,0.0,0.0,1.75,0.5,1.0,1.0,0.13458950201884254,0.0,0.058333333333333334,0.09421265141318977,0.2,0.5,0.3408333333333333,0.3675,score_exclusive_discount
543668,2,2,7,3,1.0,0.42857142857142855,0.7857142857142857,Middle-age,Champions,0.0,0.3,2.4,0.5555555555555556,1.0,1.0,0.11098779134295228,0.09999999999999999,0.08,0.07769145394006659,0.28,0.7857142857142857,0.356,0.4128888888888889,score_exclusive_discount
543671,6,2,3,0,0.3333333333333333,0.0,0.6666666666666666,Middle-age,Low Spenders,0.0,0.0,2.5,0.2222222222222222,1.0,0.5,0.11049723756906077,0.0,0.08333333333333333,0.07734806629834254,0.1,0.6666666666666666,0.35833333333333334,0.18055555555555552,score_exclusive_discount
543694,3,0,5,1,0.0,0.2,0.4,Middle-age,At Risk,0.0,0.0,1.0,0.125,1.0,1.0,0.1111111111111111,0.0,0.03333333333333333,0.07777777777777777,0.2,0.4,0.3233333333333333,0.09749999999999999,score_exclusive_discount
543696,3,0,5,0,0.0,0.0,0.5,0,0,0.0,0.0,0.0,0.0,0.0,0.0,0.0,0.0,0.0,0.0,0.0,0.5,0.0,0.0,score_exclusive_discount
543713,1,1,7,2,1.0,0.2857142857142857,0.8571428571428572,Middle-age,High Spenders,0.0,0.0,6.33,0.375,1.0,0.6666666666666666,0.09950248756218905,0.0,0.211,0.06965174129353233,0.13333333333333333,0.8571428571428572,0.4477,0.3258,score_exclusive_discount
543716,2,0,8,4,0.0,0.5,0.25,Middle-age,High Spenders,0.0,0.88,2.5,0.4,1.0,1.0,0.09823182711198429,0.29333333333333333,0.08333333333333333,0.068762278978389,0.4346666666666667,0.25,0.35833333333333334,0.305,score_free_checkedbag
543723,2,0,6,0,0.0,0.0,0.5,0,0,0.0,0.0,0.0,0.0,0.0,0.0,0.0,0.0,0.0,0.0,0.0,0.5,0.0,0.0,score_exclusive_discount
543728,1,1,7,4,1.0,0.5714285714285714,0.7142857142857143,Middle-age,High Spenders,0.0,0.4,3.2,0.625,1.0,1.0,0.11481056257175659,0.13333333333333333,0.10666666666666667,0.08036739380022961,0.3066666666666667,0.7142857142857143,0.37466666666666665,0.46950000000000003,score_exclusive_discount
543778,5,3,3,1,0.6,0.3333333333333333,0.6333333333333333,Middle-age,Medium Spenders,0.0,0.33,3.25,0.5,1.0,0.75,0.14347202295552366,0.11,0.10833333333333334,0.10043041606886656,0.23800000000000004,0.6333333333333333,0.37583333333333335,0.38249999999999995,score_exclusive_discount
543810,3,3,5,3,1.0,0.6,0.7,Middle-age,High Spenders,0.0,0.6,1.83,0.75,1.0,0.8333333333333334,0.09737098344693282,0.19999999999999998,0.061000000000000006,0.06815968841285297,0.32666666666666666,0.7,0.3427,0.5432999999999999,score_exclusive_discount
543816,2,0,6,0,0.0,0.0,0.5,0,0,0.0,0.0,0.0,0.0,0.0,0.0,0.0,0.0,0.0,0.0,0.0,0.5,0.0,0.0,score_exclusive_discount
543817,2,0,6,1,0.0,0.16666666666666666,0.4166666666666667,Youth,At Risk,0.0,0.0,1.0,0.125,1.0,1.0,0.08103727714748785,0.0,0.03333333333333333,0.05672609400324149,0.2,0.4166666666666667,0.3233333333333333,0.09749999999999999,score_exclusive_discount
543826,3,2,5,1,0.6666666666666666,0.2,0.7333333333333333,Middle-age,Medium Spenders,0.0,0.5,4.33,0.375,1.0,0.6666666666666666,0.13020833333333334,0.16666666666666666,0.14433333333333334,0.09114583333333333,0.26666666666666666,0.7333333333333333,0.40103333333333335,0.30579999999999996,score_exclusive_discount
543885,0,0,10,1,0.0,0.1,0.5,Middle-age,Low Spenders,0.0,0.0,6.0,0.1,1.0,0.0,1.0,0.0,0.2,0.7,0.0,0.5,0.43999999999999995,0.13,score_free_cancellation
543900,1,1,7,1,1.0,0.14285714285714285,0.9285714285714286,Middle-age,High Spenders,0.0,0.5,5.5,0.25,1.0,1.0,0.151285930408472,0.16666666666666666,0.18333333333333332,0.10590015128593039,0.33333333333333337,0.9285714285714286,0.42833333333333334,0.22999999999999998,score_exclusive_discount
543927,4,1,4,2,0.25,0.5,0.375,Middle-age,High Spenders,0.0,0.33,3.0,0.375,1.0,1.0,0.16474464579901152,0.11,0.1,0.11532125205930806,0.28800000000000003,0.375,0.37,0.2925,score_exclusive_discount
543928,2,0,6,2,0.0,0.3333333333333333,0.33333333333333337,Youth,Low Spenders,0.0,0.5,4.0,0.25,1.0,1.0,0.10660980810234541,0.16666666666666666,0.13333333333333333,0.07462686567164178,0.33333333333333337,0.33333333333333337,0.3933333333333333,0.215,score_free_meal
543937,2,0,6,3,0.0,0.5,0.25,Middle-age,High Spenders,0.0,1.0,3.0,0.375,1.0,0.6666666666666666,0.11312217194570136,0.3333333333333333,0.1,0.07918552036199095,0.4,0.25,0.37,0.2925,score_free_checkedbag
543952,3,2,5,3,0.6666666666666666,0.6,0.5333333333333333,Middle-age,High Spenders,0.0,0.0,2.4,0.625,0.8,1.0,0.012616704516780217,0.0,0.08,0.008831693161746151,0.2,0.5333333333333333,0.296,0.4615,score_exclusive_discount
543968,3,3,5,3,1.0,0.6,0.7,Middle-age,Champions,0.0,0.5,2.67,0.75,1.0,1.0,0.13175230566534915,0.16666666666666666,0.089,0.0922266139657444,0.33333333333333337,0.7,0.36229999999999996,0.5516999999999999,score_exclusive_discount
543976,2,1,7,4,0.5,0.5714285714285714,0.4642857142857143,Middle-age,Medium Spenders,0.2,1.0,2.33,0.5555555555555556,1.0,0.8,0.12453300124533,0.3333333333333333,0.07766666666666668,0.087173100871731,0.4266666666666667,0.4642857142857143,0.35436666666666666,0.4121888888888889,score_exclusive_discount
544002,1,0,7,3,0.0,0.42857142857142855,0.2857142857142857,Middle-age,Low Spenders,0.0,0.67,1.33,0.375,1.0,1.0,0.09891196834817013,0.22333333333333336,0.044333333333333336,0.06923837784371908,0.3786666666666667,0.2857142857142857,0.33103333333333335,0.27579999999999993,score_free_checkedbag
544008,2,0,6,3,0.0,0.5,0.25,Middle-age,High Spenders,0.0,0.33,1.67,0.375,0.6666666666666666,1.0,0.11428571428571428,0.11,0.05566666666666666,0.07999999999999999,0.28800000000000003,0.25,0.23896666666666666,0.27919999999999995,score_free_checkedbag
544012,4,1,4,3,0.25,0.75,0.25,Middle-age,High Spenders,0.0,0.17,3.0,0.5,1.0,0.75,0.09337068160597571,0.05666666666666667,0.1,0.065359477124183,0.19533333333333336,0.25,0.37,0.38,score_free_night_flight
544015,2,0,6,1,0.0,0.16666666666666666,0.4166666666666667,Middle-age,Low Spenders,0.0,1.0,3.0,0.125,1.0,1.0,0.09389671361502347,0.3333333333333333,0.1,0.06572769953051642,0.4666666666666667,0.4166666666666667,0.37,0.1175,score_free_checkedbag
544043,2,1,8,3,0.5,0.375,0.5625,Middle-age,Medium Spenders,0.0,0.67,2.75,0.4,1.0,0.75,0.13089005235602094,0.22333333333333336,0.09166666666666666,0.09162303664921466,0.3286666666666667,0.5625,0.36416666666666664,0.3075,score_exclusive_discount
544163,4,2,4,2,0.5,0.5,0.5,Middle-age,Champions,0.0,0.75,4.5,0.5,1.0,0.5,0.12048192771084336,0.25,0.15,0.08433734939759034,0.30000000000000004,0.5,0.40499999999999997,0.39499999999999996,score_exclusive_discount
544207,0,0,8,4,0.0,0.5,0.5,Middle-age,Medium Spenders,0.0,1.0,3.0,0.5,1.0,0.75,0.12165450121654503,0.3333333333333333,0.1,0.08515815085158152,0.4166666666666667,0.5,0.37,0.38,score_exclusive_discount
544254,1,1,7,3,1.0,0.42857142857142855,0.7857142857142857,Middle-age,Champions,0.0,0.12,2.25,0.5,0.75,1.0,0.09337068160597571,0.04,0.075,0.065359477124183,0.232,0.7857142857142857,0.27749999999999997,0.3725,score_exclusive_discount
544256,3,0,6,1,0.0,0.16666666666666666,0.4166666666666667,Middle-age,Low Spenders,0.0,0.5,3.0,0.1111111111111111,1.0,1.0,0.06983240223463687,0.16666666666666666,0.1,0.04888268156424581,0.33333333333333337,0.4166666666666667,0.37,0.10777777777777776,score_exclusive_discount
544271,0,0,9,1,0.0,0.1111111111111111,0.5,Middle-age,At Risk,0.0,1.0,1.0,0.1111111111111111,1.0,1.0,0.08695652173913043,0.3333333333333333,0.03333333333333333,0.0608695652173913,0.4666666666666667,0.5,0.3233333333333333,0.08777777777777776,score_exclusive_discount
544333,3,0,7,0,0.0,0.0,0.5,0,0,0.0,0.0,0.0,0.0,0.0,0.0,0.0,0.0,0.0,0.0,0.0,0.5,0.0,0.0,score_exclusive_discount
544364,5,0,4,0,0.0,0.0,0.5,0,0,0.0,0.0,0.0,0.0,0.0,0.0,0.0,0.0,0.0,0.0,0.0,0.5,0.0,0.0,score_exclusive_discount
544367,2,0,6,3,0.0,0.5,0.25,Middle-age,Medium Spenders,0.0,0.5,1.67,0.375,0.6666666666666666,1.0,0.11737089201877934,0.16666666666666666,0.05566666666666666,0.08215962441314553,0.33333333333333337,0.25,0.23896666666666666,0.27919999999999995,score_free_checkedbag
544391,4,2,4,1,0.5,0.25,0.625,Middle-age,High Spenders,0.0,0.5,4.0,0.375,1.0,0.6666666666666666,0.1149425287356322,0.16666666666666666,0.13333333333333333,0.08045977011494253,0.26666666666666666,0.625,0.3933333333333333,0.30249999999999994,score_exclusive_discount
544406,3,2,6,3,0.6666666666666666,0.5,0.5833333333333333,Middle-age,Medium Spenders,0.2,0.67,2.0,0.5555555555555556,0.8,1.0,0.09337068160597571,0.22333333333333336,0.06666666666666667,0.065359477124183,0.3786666666666667,0.5833333333333333,0.2866666666666666,0.4088888888888889,score_exclusive_discount
544414,0,0,8,3,0.0,0.375,0.5,Middle-age,Champions,0.0,0.5,3.0,0.375,1.0,1.0,0.1231527093596059,0.16666666666666666,0.1,0.08620689655172413,0.33333333333333337,0.5,0.37,0.2925,score_exclusive_discount
544425,3,0,5,0,0.0,0.0,0.5,0,0,0.0,0.0,0.0,0.0,0.0,0.0,0.0,0.0,0.0,0.0,0.0,0.5,0.0,0.0,score_exclusive_discount
544444,2,1,6,1,0.5,0.16666666666666666,0.6666666666666667,Middle-age,Low Spenders,0.0,0.5,3.0,0.25,1.0,1.0,0.11198208286674133,0.16666666666666666,0.1,0.07838745800671892,0.33333333333333337,0.6666666666666667,0.37,0.205,score_exclusive_discount
544447,3,1,5,1,0.3333333333333333,0.2,0.5666666666666667,Middle-age,At Risk,0.0,1.0,0.5,0.25,0.5,0.5,0.09000900090009001,0.3333333333333333,0.016666666666666666,0.063006300630063,0.3666666666666667,0.5666666666666667,0.16166666666666665,0.18,score_exclusive_discount
544449,4,2,4,2,0.5,0.5,0.5,Middle-age,Champions,0.0,0.5,5.25,0.5,1.0,0.5,0.11778563015312131,0.16666666666666666,0.175,0.08244994110718491,0.23333333333333334,0.5,0.4225,0.40249999999999997,score_exclusive_discount
544469,4,1,5,2,0.25,0.4,0.425,Middle-age,High Spenders,0.0,0.5,1.67,0.3333333333333333,0.6666666666666666,1.0,0.10952902519167579,0.16666666666666666,0.05566666666666666,0.07667031763417305,0.33333333333333337,0.425,0.23896666666666666,0.25003333333333333,score_exclusive_discount
544472,2,0,6,0,0.0,0.0,0.5,0,0,0.0,0.0,0.0,0.0,0.0,0.0,0.0,0.0,0.0,0.0,0.0,0.5,0.0,0.0,score_exclusive_discount
544476,2,0,6,1,0.0,0.16666666666666666,0.4166666666666667,Middle-age,At Risk,0.0,2.0,1.0,0.125,1.0,1.0,0.10256410256410256,0.6666666666666666,0.03333333333333333,0.07179487179487179,0.7333333333333334,0.4166666666666667,0.3233333333333333,0.09749999999999999,score_free_checkedbag
544480,3,2,6,1,0.6666666666666666,0.16666666666666666,0.75,Middle-age,Low Spenders,0.0,0.67,2.0,0.3333333333333333,1.0,1.0,0.1072961373390558,0.22333333333333336,0.06666666666666667,0.07510729613733905,0.3786666666666667,0.75,0.3466666666666667,0.2533333333333333,score_exclusive_discount
544495,4,1,4,3,0.25,0.75,0.25,Elderly,High Spenders,0.25,0.0,2.0,0.5,0.75,0.75,0.12300123001230014,0.0,0.06666666666666667,0.08610086100861009,0.15000000000000002,0.25,0.2716666666666666,0.37,score_free_night_flight
544497,2,0,6,1,0.0,0.16666666666666666,0.4166666666666667,Youth,Low Spenders,0.0,0.0,4.0,0.125,1.0,0.0,1.0,0.0,0.13333333333333333,0.7,0.0,0.4166666666666667,0.3933333333333333,0.1275,score_free_cancellation
544507,2,0,6,0,0.0,0.0,0.5,0,0,0.0,0.0,0.0,0.0,0.0,0.0,0.0,0.0,0.0,0.0,0.0,0.5,0.0,0.0,score_exclusive_discount
544513,5,3,3,1,0.6,0.3333333333333333,0.6333333333333333,Middle-age,Medium Spenders,0.0,1.0,1.75,0.5,0.75,1.0,0.1303780964797914,0.3333333333333333,0.058333333333333334,0.09126466753585398,0.4666666666666667,0.6333333333333333,0.2658333333333333,0.3675,score_exclusive_discount
544536,2,0,6,1,0.0,0.16666666666666666,0.4166666666666667,Middle-age,Low Spenders,0.0,0.0,6.0,0.125,1.0,0.0,1.0,0.0,0.2,0.7,0.0,0.4166666666666667,0.43999999999999995,0.1475,score_free_cancellation
544549,2,1,6,3,0.5,0.5,0.5,Middle-age,High Spenders,0.0,1.0,2.25,0.5,1.0,1.0,0.12376237623762376,0.3333333333333333,0.075,0.08663366336633663,0.4666666666666667,0.5,0.3525,0.3725,score_exclusive_discount
544595,5,2,3,2,0.4,0.6666666666666666,0.3666666666666667,Middle-age,High Spenders,0.0,0.25,1.5,0.5,1.0,1.0,0.1149425287356322,0.08333333333333333,0.05,0.08045977011494253,0.26666666666666666,0.3666666666666667,0.33499999999999996,0.365,score_exclusive_discount
544604,3,1,5,1,0.3333333333333333,0.2,0.5666666666666667,Middle-age,At Risk,0.0,0.5,1.5,0.25,0.5,1.0,0.09881422924901187,0.16666666666666666,0.05,0.0691699604743083,0.33333333333333337,0.5666666666666667,0.185,0.19,score_exclusive_discount
544627,1,1,7,3,1.0,0.42857142857142855,0.7857142857142857,Middle-age,Medium Spenders,0.0,0.75,2.75,0.5,0.75,1.0,0.12269938650306748,0.25,0.09166666666666666,0.08588957055214723,0.4,0.7857142857142857,0.2891666666666666,0.37749999999999995,score_exclusive_discount
544640,2,1,6,4,0.5,0.6666666666666666,0.4166666666666667,Middle-age,Champions,0.0,0.8,4.0,0.625,0.8,1.0,0.10672358591248667,0.26666666666666666,0.13333333333333333,0.07470651013874066,0.41333333333333333,0.4166666666666667,0.3333333333333333,0.4775,score_free_night_flight
544647,2,0,6,1,0.0,0.16666666666666666,0.4166666666666667,Youth,At Risk,0.0,0.0,7.0,0.125,1.0,0.0,1.0,0.0,0.23333333333333334,0.7,0.0,0.4166666666666667,0.4633333333333333,0.15749999999999997,score_free_cancellation
544680,1,0,7,4,0.0,0.5714285714285714,0.2142857142857143,Middle-age,Champions,0.0,0.5,4.0,0.5,1.0,1.0,0.12836970474967907,0.16666666666666666,0.13333333333333333,0.08985879332477534,0.33333333333333337,0.2142857142857143,0.3933333333333333,0.38999999999999996,score_free_meal
544683,1,0,7,4,0.0,0.5714285714285714,0.2142857142857143,Middle-age,High Spenders,0.0,0.5,4.0,0.5,1.0,1.0,0.12531328320802004,0.16666666666666666,0.13333333333333333,0.08771929824561403,0.33333333333333337,0.2142857142857143,0.3933333333333333,0.38999999999999996,score_free_meal
544685,2,1,6,2,0.5,0.3333333333333333,0.5833333333333334,Middle-age,Low Spenders,0.33,0.0,2.0,0.375,1.0,1.0,0.1278772378516624,0.0,0.06666666666666667,0.08951406649616368,0.2,0.5833333333333334,0.3466666666666667,0.2825,score_exclusive_discount
544694,1,1,7,1,1.0,0.14285714285714285,0.9285714285714286,Middle-age,Low Spenders,0.0,0.5,1.5,0.25,1.0,1.0,0.1383125864453665,0.16666666666666666,0.05,0.09681881051175655,0.33333333333333337,0.9285714285714286,0.33499999999999996,0.19,score_exclusive_discount
544698,3,1,5,0,0.3333333333333333,0.0,0.6666666666666666,Middle-age,At Risk,0.0,0.0,5.0,0.125,1.0,0.0,1.0,0.0,0.16666666666666666,0.7,0.0,0.6666666666666666,0.41666666666666663,0.13749999999999998,score_free_cancellation
544747,6,3,2,1,0.5,0.5,0.5,Middle-age,High Spenders,0.0,1.0,4.75,0.5,1.0,0.75,0.1303780964797914,0.3333333333333333,0.15833333333333333,0.09126466753585398,0.4166666666666667,0.5,0.41083333333333333,0.39749999999999996,score_exclusive_discount
544749,2,0,6,1,0.0,0.16666666666666666,0.4166666666666667,Middle-age,Low Spenders,0.0,0.0,2.0,0.125,1.0,1.0,0.0851063829787234,0.0,0.06666666666666667,0.05957446808510638,0.2,0.4166666666666667,0.3466666666666667,0.1075,score_exclusive_discount
544818,2,1,6,1,0.5,0.16666666666666666,0.6666666666666667,Middle-age,Low Spenders,0.0,1.0,1.0,0.25,1.0,1.0,0.1287001287001287,0.3333333333333333,0.03333333333333333,0.09009009009009009,0.4666666666666667,0.6666666666666667,0.3233333333333333,0.185,score_exclusive_discount
544839,2,1,6,2,0.5,0.3333333333333333,0.5833333333333334,Middle-age,Low Spenders,0.0,0.33,1.0,0.375,0.6666666666666666,1.0,0.12239902080783353,0.11,0.03333333333333333,0.08567931456548347,0.28800000000000003,0.5833333333333334,0.22333333333333333,0.27249999999999996,score_exclusive_discount
544868,1,0,7,2,0.0,0.2857142857142857,0.35714285714285715,Middle-age,Low Spenders,0.0,0.0,1.0,0.25,0.5,1.0,0.09389671361502347,0.0,0.03333333333333333,0.06572769953051642,0.2,0.35714285714285715,0.17333333333333334,0.185,score_exclusive_discount
544926,5,2,4,1,0.4,0.25,0.575,Middle-age,Medium Spenders,0.0,0.0,1.33,0.3333333333333333,1.0,1.0,0.12269938650306748,0.0,0.044333333333333336,0.08588957055214723,0.2,0.575,0.33103333333333335,0.24663333333333332,score_exclusive_discount
545010,3,0,6,3,0.0,0.5,0.25,Middle-age,High Spenders,0.0,0.33,1.0,0.3333333333333333,0.6666666666666666,1.0,0.11990407673860912,0.11,0.03333333333333333,0.08393285371702637,0.28800000000000003,0.25,0.22333333333333333,0.24333333333333332,score_free_checkedbag
545011,2,2,6,2,1.0,0.3333333333333333,0.8333333333333334,Middle-age,Champions,0.0,0.88,2.25,0.5,0.75,1.0,0.12150668286755771,0.29333333333333333,0.075,0.0850546780072904,0.4346666666666667,0.8333333333333334,0.27749999999999997,0.3725,score_exclusive_discount
545012,3,0,5,3,0.0,0.6,0.2,Middle-age,Champions,0.0,0.5,5.67,0.375,1.0,0.6666666666666666,0.10493179433368312,0.16666666666666666,0.189,0.07345225603357818,0.26666666666666666,0.2,0.4323,0.31919999999999993,score_free_meal
545063,3,0,5,0,0.0,0.0,0.5,0,0,0.0,0.0,0.0,0.0,0.0,0.0,0.0,0.0,0.0,0.0,0.0,0.5,0.0,0.0,score_exclusive_discount
545070,3,0,6,3,0.0,0.5,0.25,Middle-age,High Spenders,0.0,0.0,6.67,0.3333333333333333,1.0,0.3333333333333333,0.13404825737265416,0.0,0.22233333333333333,0.0938337801608579,0.06666666666666667,0.25,0.45563333333333333,0.3000333333333333,score_free_meal
545089,2,1,6,1,0.5,0.16666666666666666,0.6666666666666667,0,0,0.0,0.0,0.0,0.0,0.0,0.0,0.0,0.0,0.0,0.0,0.0,0.6666666666666667,0.0,0.0,score_exclusive_discount
545109,1,0,7,2,0.0,0.2857142857142857,0.35714285714285715,Middle-age,Low Spenders,0.0,0.0,5.0,0.25,1.0,1.0,0.1584786053882726,0.0,0.16666666666666666,0.11093502377179082,0.2,0.35714285714285715,0.41666666666666663,0.22499999999999998,score_free_meal
545115,0,0,8,1,0.0,0.125,0.5,Middle-age,Low Spenders,0.0,1.0,2.0,0.125,1.0,1.0,0.10319917440660475,0.3333333333333333,0.06666666666666667,0.07223942208462332,0.4666666666666667,0.5,0.3466666666666667,0.1075,score_exclusive_discount
545132,1,1,7,0,1.0,0.0,1.0,Youth,At Risk,0.0,0.0,1.0,0.125,1.0,1.0,0.15267175572519084,0.0,0.03333333333333333,0.10687022900763359,0.2,1.0,0.3233333333333333,0.09749999999999999,score_exclusive_discount
545208,2,0,7,1,0.0,0.14285714285714285,0.4285714285714286,Middle-age,Low Spenders,0.0,0.0,1.0,0.1111111111111111,1.0,1.0,0.12853470437017994,0.0,0.03333333333333333,0.08997429305912595,0.2,0.4285714285714286,0.3233333333333333,0.08777777777777776,score_exclusive_discount
545209,5,1,3,3,0.2,1.0,0.09999999999999998,Middle-age,High Spenders,0.25,0.5,3.5,0.5,1.0,1.0,0.07627765064836003,0.16666666666666666,0.11666666666666667,0.05339435545385202,0.33333333333333337,0.09999999999999998,0.38166666666666665,0.38499999999999995,score_free_night_flight
545226,1,0,7,3,0.0,0.42857142857142855,0.2857142857142857,Middle-age,Medium Spenders,0.0,0.5,8.67,0.375,1.0,0.6666666666666666,0.14084507042253522,0.16666666666666666,0.289,0.09859154929577464,0.26666666666666666,0.2857142857142857,0.5023,0.34919999999999995,score_free_meal
545247,0,0,8,1,0.0,0.125,0.5,Youth,Champions,0.0,0.0,6.0,0.125,1.0,0.0,1.0,0.0,0.2,0.7,0.0,0.5,0.43999999999999995,0.1475,score_free_cancellation
545249,3,2,5,3,0.6666666666666666,0.6,0.5333333333333333,Middle-age,High Spenders,0.0,0.5,3.0,0.625,0.8,0.8,0.117096018735363,0.16666666666666666,0.1,0.08196721311475409,0.29333333333333333,0.5333333333333333,0.31,0.4675,score_exclusive_discount
545264,2,0,6,0,0.0,0.0,0.5,0,0,0.0,0.0,0.0,0.0,0.0,0.0,0.0,0.0,0.0,0.0,0.0,0.5,0.0,0.0,score_exclusive_discount
545272,2,1,6,0,0.5,0.0,0.75,Middle-age,High Spenders,0.0,1.0,5.0,0.125,1.0,1.0,0.10050251256281408,0.3333333333333333,0.16666666666666666,0.07035175879396985,0.4666666666666667,0.75,0.41666666666666663,0.13749999999999998,score_exclusive_discount
545281,1,0,8,0,0.0,0.0,0.5,0,0,0.0,0.0,0.0,0.0,0.0,0.0,0.0,0.0,0.0,0.0,0.0,0.5,0.0,0.0,score_exclusive_discount
545290,3,3,5,1,1.0,0.2,0.9,Middle-age,Medium Spenders,0.0,0.25,1.25,0.5,0.75,1.0,0.15037593984962405,0.08333333333333333,0.041666666666666664,0.10526315789473684,0.26666666666666666,0.9,0.25416666666666665,0.3625,score_exclusive_discount
545300,2,1,6,4,0.5,0.6666666666666666,0.4166666666666667,Middle-age,High Spenders,0.0,0.3,3.6,0.625,1.0,1.0,0.1092896174863388,0.09999999999999999,0.12000000000000001,0.07650273224043715,0.28,0.4166666666666667,0.384,0.47350000000000003,score_free_night_flight
545317,1,1,8,5,1.0,0.625,0.6875,Middle-age,Champions,0.0,0.42,2.33,0.6666666666666666,0.8333333333333334,1.0,0.10362694300518134,0.13999999999999999,0.07766666666666668,0.07253886010362694,0.312,0.6875,0.3043666666666667,0.4899666666666666,score_exclusive_discount
545318,2,1,6,2,0.5,0.3333333333333333,0.5833333333333334,Middle-age,High Spenders,0.0,0.33,3.0,0.375,1.0,1.0,0.13157894736842105,0.11,0.1,0.09210526315789473,0.28800000000000003,0.5833333333333334,0.37,0.2925,score_exclusive_discount
545327,2,1,6,3,0.5,0.5,0.5,Middle-age,Low Spenders,0.0,0.17,1.75,0.5,1.0,0.75,0.14367816091954022,0.05666666666666667,0.058333333333333334,0.10057471264367815,0.19533333333333336,0.5,0.3408333333333333,0.3675,score_exclusive_discount
545344,3,2,6,1,0.6666666666666666,0.16666666666666666,0.75,Youth,Low Spenders,0.33,0.0,3.0,0.3333333333333333,1.0,0.6666666666666666,1.0,0.0,0.1,0.7,0.13333333333333333,0.75,0.37,0.2633333333333333,score_exclusive_discount
545345,1,0,7,1,0.0,0.14285714285714285,0.4285714285714286,Middle-age,At Risk,0.0,1.0,2.0,0.125,1.0,1.0,0.13386880856760375,0.3333333333333333,0.06666666666666667,0.09370816599732262,0.4666666666666667,0.4285714285714286,0.3466666666666667,0.1075,score_free_checkedbag
545360,0,0,8,2,0.0,0.25,0.5,Middle-age,Low Spenders,0.0,0.0,2.0,0.25,0.5,0.5,0.17543859649122806,0.0,0.06666666666666667,0.12280701754385963,0.1,0.5,0.19666666666666666,0.19499999999999998,score_exclusive_discount
545375,1,1,7,1,1.0,0.14285714285714285,0.9285714285714286,Middle-age,Low Spenders,0.0,1.0,3.5,0.25,1.0,0.5,0.10626992561105207,0.3333333333333333,0.11666666666666667,0.07438894792773644,0.3666666666666667,0.9285714285714286,0.38166666666666665,0.21,score_exclusive_discount
545399,1,0,8,1,0.0,0.125,0.4375,Middle-age,Low Spenders,0.0,1.0,7.0,0.1111111111111111,1.0,1.0,0.10460251046025104,0.3333333333333333,0.23333333333333334,0.07322175732217573,0.4666666666666667,0.4375,0.4633333333333333,0.14777777777777776,score_free_checkedbag
545404,4,3,6,4,0.75,0.6666666666666666,0.5416666666666667,Middle-age,High Spenders,0.14,0.4,2.8,0.7,0.8571428571428571,1.0,0.12195121951219513,0.13333333333333333,0.09333333333333332,0.08536585365853659,0.3066666666666667,0.5416666666666667,0.32247619047619047,0.5179999999999999,score_exclusive_discount
545446,1,0,7,3,0.0,0.42857142857142855,0.2857142857142857,Middle-age,Champions,0.0,0.0,6.0,0.375,0.6666666666666666,0.6666666666666666,0.13351134846461948,0.0,0.2,0.09345794392523363,0.13333333333333333,0.2857142857142857,0.33999999999999997,0.32249999999999995,score_free_meal
545465,5,1,3,0,0.2,0.0,0.6,Middle-age,Low Spenders,0.0,2.0,2.0,0.125,1.0,1.0,0.13089005235602094,0.6666666666666666,0.06666666666666667,0.09162303664921466,0.7333333333333334,0.6,0.3466666666666667,0.1075,score_free_checkedbag
545510,4,2,4,1,0.5,0.25,0.625,Middle-age,High Spenders,0.0,0.0,3.67,0.375,0.6666666666666666,0.6666666666666666,0.09765625,0.0,0.12233333333333334,0.068359375,0.13333333333333333,0.625,0.2856333333333333,0.29919999999999997,score_exclusive_discount
545518,4,2,4,3,0.5,0.75,0.375,Middle-age,High Spenders,0.2,0.0,3.0,0.625,1.0,1.0,0.08833922261484099,0.0,0.1,0.06183745583038869,0.2,0.375,0.37,0.4675,score_free_night_flight
545551,3,2,5,2,0.6666666666666666,0.4,0.6333333333333333,Middle-age,Champions,0.0,0.5,5.25,0.5,1.0,1.0,0.13089005235602094,0.16666666666666666,0.175,0.09162303664921466,0.33333333333333337,0.6333333333333333,0.4225,0.40249999999999997,score_exclusive_discount
545577,1,1,7,4,1.0,0.5714285714285714,0.7142857142857143,Middle-age,Medium Spenders,0.0,0.4,2.0,0.625,1.0,1.0,0.12468827930174564,0.13333333333333333,0.06666666666666667,0.08728179551122195,0.3066666666666667,0.7142857142857143,0.3466666666666667,0.4575,score_exclusive_discount
545629,2,0,7,5,0.0,0.7142857142857143,0.14285714285714285,Middle-age,High Spenders,0.0,0.6,1.2,0.5555555555555556,1.0,1.0,0.11350737797956868,0.19999999999999998,0.04,0.07945516458569807,0.36,0.14285714285714285,0.32799999999999996,0.4008888888888889,score_free_night_flight
545633,4,3,4,0,0.75,0.0,0.875,Middle-age,Low Spenders,0.0,0.33,3.0,0.375,1.0,1.0,0.11312217194570136,0.11,0.1,0.07918552036199095,0.28800000000000003,0.875,0.37,0.2925,score_exclusive_discount
545634,5,1,3,2,0.2,0.6666666666666666,0.2666666666666667,Middle-age,High Spenders,0.0,0.0,4.33,0.375,1.0,1.0,0.09049773755656108,0.0,0.14433333333333334,0.06334841628959276,0.2,0.2666666666666667,0.40103333333333335,0.30579999999999996,score_free_meal
545652,0,0,8,3,0.0,0.375,0.5,Middle-age,Low Spenders,0.0,0.0,2.33,0.375,1.0,1.0,0.11806375442739081,0.0,0.07766666666666668,0.08264462809917356,0.2,0.5,0.35436666666666666,0.28579999999999994,score_exclusive_discount
545684,4,1,4,2,0.25,0.5,0.375,Middle-age,Low Spenders,0.33,0.5,1.0,0.375,1.0,1.0,0.1694915254237288,0.16666666666666666,0.03333333333333333,0.11864406779661016,0.33333333333333337,0.375,0.3233333333333333,0.27249999999999996,score_exclusive_discount
545736,4,3,4,1,0.75,0.25,0.75,Youth,Medium Spenders,0.25,0.0,8.5,0.5,0.75,0.75,0.09596928982725528,0.0,0.2833333333333333,0.06717850287907869,0.15000000000000002,0.75,0.4233333333333333,0.43499999999999994,score_exclusive_discount
545745,1,0,7,2,0.0,0.2857142857142857,0.35714285714285715,Middle-age,Low Spenders,0.0,0.5,0.5,0.25,0.5,1.0,0.1203369434416366,0.16666666666666666,0.016666666666666666,0.08423586040914562,0.33333333333333337,0.35714285714285715,0.16166666666666665,0.18,score_exclusive_discount
545748,1,0,7,2,0.0,0.2857142857142857,0.35714285714285715,Middle-age,Medium Spenders,0.0,1.0,2.5,0.25,0.5,1.0,0.06920415224913495,0.3333333333333333,0.08333333333333333,0.04844290657439446,0.4666666666666667,0.35714285714285715,0.20833333333333331,0.19999999999999998,score_free_checkedbag
545754,3,0,5,0,0.0,0.0,0.5,0,0,0.0,0.0,0.0,0.0,0.0,0.0,0.0,0.0,0.0,0.0,0.0,0.5,0.0,0.0,score_exclusive_discount
545755,3,2,5,3,0.6666666666666666,0.6,0.5333333333333333,Middle-age,Champions,0.0,0.25,9.8,0.625,0.8,0.8,0.12239902080783353,0.08333333333333333,0.3266666666666667,0.08567931456548347,0.22666666666666668,0.5333333333333333,0.4686666666666667,0.5355,score_free_night_flight
545758,3,1,5,1,0.3333333333333333,0.2,0.5666666666666667,Middle-age,Medium Spenders,0.0,0.5,3.0,0.25,1.0,1.0,0.1383125864453665,0.16666666666666666,0.1,0.09681881051175655,0.33333333333333337,0.5666666666666667,0.37,0.205,score_exclusive_discount
545763,3,3,5,0,1.0,0.0,1.0,Elderly,Low Spenders,0.33,0.0,12.0,0.375,0.6666666666666666,0.6666666666666666,1.0,0.0,0.4,0.7,0.13333333333333333,1.0,0.48,0.38249999999999995,score_exclusive_discount
545770,1,0,8,4,0.0,0.5,0.25,Middle-age,High Spenders,0.0,0.25,4.25,0.4444444444444444,1.0,1.0,0.11049723756906077,0.08333333333333333,0.14166666666666666,0.07734806629834254,0.26666666666666666,0.25,0.39916666666666667,0.35361111111111104,score_free_meal
545771,2,0,6,2,0.0,0.3333333333333333,0.33333333333333337,Middle-age,Low Spenders,0.0,0.0,2.5,0.25,1.0,1.0,0.07604562737642585,0.0,0.08333333333333333,0.053231939163498096,0.2,0.33333333333333337,0.35833333333333334,0.19999999999999998,score_free_meal
545803,2,0,7,3,0.0,0.42857142857142855,0.2857142857142857,Middle-age,Medium Spenders,0.0,0.67,4.0,0.3333333333333333,1.0,1.0,0.11049723756906077,0.22333333333333336,0.13333333333333333,0.07734806629834254,0.3786666666666667,0.2857142857142857,0.3933333333333333,0.2733333333333333,score_free_meal
545805,5,3,3,1,0.6,0.3333333333333333,0.6333333333333333,Middle-age,Champions,0.0,0.67,6.0,0.5,1.0,0.75,0.0710732054015636,0.22333333333333336,0.2,0.049751243781094516,0.3286666666666667,0.6333333333333333,0.43999999999999995,0.41,score_exclusive_discount
545810,5,1,3,0,0.2,0.0,0.6,Youth,Low Spenders,0.0,0.0,7.0,0.125,1.0,0.0,1.0,0.0,0.23333333333333334,0.7,0.0,0.6,0.4633333333333333,0.15749999999999997,score_free_cancellation
545848,2,0,6,1,0.0,0.16666666666666666,0.4166666666666667,Middle-age,At Risk,0.0,0.0,6.0,0.125,1.0,0.0,1.0,0.0,0.2,0.7,0.0,0.4166666666666667,0.43999999999999995,0.1475,score_free_cancellation
545865,3,1,5,3,0.3333333333333333,0.6,0.3666666666666667,Middle-age,High Spenders,0.0,0.75,2.25,0.5,0.75,1.0,0.12738853503184713,0.25,0.075,0.08917197452229299,0.4,0.3666666666666667,0.27749999999999997,0.3725,score_free_checkedbag
545879,3,1,5,3,0.3333333333333333,0.6,0.3666666666666667,Youth,Low Spenders,0.25,0.0,1.5,0.5,1.0,1.0,0.15337423312883436,0.0,0.05,0.10736196319018404,0.2,0.3666666666666667,0.33499999999999996,0.365,score_exclusive_discount
545936,2,1,6,2,0.5,0.3333333333333333,0.5833333333333334,Middle-age,High Spenders,0.0,0.0,3.67,0.375,1.0,0.6666666666666666,0.14124293785310735,0.0,0.12233333333333334,0.09887005649717513,0.13333333333333333,0.5833333333333334,0.38563333333333333,0.29919999999999997,score_exclusive_discount
545939,2,0,7,4,0.0,0.5714285714285714,0.2142857142857143,Middle-age,Medium Spenders,0.0,0.5,1.25,0.4444444444444444,0.75,1.0,0.09643201542912247,0.16666666666666666,0.041666666666666664,0.06750241080038573,0.33333333333333337,0.2142857142857143,0.25416666666666665,0.32361111111111107,score_free_checkedbag
545958,3,1,6,0,0.3333333333333333,0.0,0.6666666666666666,Middle-age,At Risk,0.0,0.0,0.0,0.1111111111111111,0.0,1.0,0.14836795252225518,0.0,0.0,0.10385756676557863,0.2,0.6666666666666666,0.0,0.07777777777777777,score_exclusive_discount
545981,2,2,6,3,1.0,0.5,0.75,Middle-age,Champions,0.0,0.33,5.4,0.625,1.0,0.6,0.08064516129032258,0.11,0.18000000000000002,0.0564516129032258,0.20800000000000002,0.75,0.426,0.4915,score_exclusive_discount
546008,3,1,5,3,0.3333333333333333,0.6,0.3666666666666667,Middle-age,Champions,0.0,0.12,3.25,0.5,1.0,1.0,0.13175230566534915,0.04,0.10833333333333334,0.0922266139657444,0.232,0.3666666666666667,0.37583333333333335,0.38249999999999995,score_free_night_flight
546050,2,0,7,2,0.0,0.2857142857142857,0.35714285714285715,Middle-age,Medium Spenders,0.0,0.5,1.0,0.2222222222222222,1.0,1.0,0.14513788098693758,0.16666666666666666,0.03333333333333333,0.1015965166908563,0.33333333333333337,0.35714285714285715,0.3233333333333333,0.16555555555555554,score_exclusive_discount
546061,3,2,5,2,0.6666666666666666,0.4,0.6333333333333333,Middle-age,Medium Spenders,0.0,0.0,1.25,0.5,0.75,1.0,0.1314060446780552,0.0,0.041666666666666664,0.09198423127463863,0.2,0.6333333333333333,0.25416666666666665,0.3625,score_exclusive_discount
546064,2,1,6,4,0.5,0.6666666666666666,0.4166666666666667,Middle-age,Champions,0.0,0.6,4.4,0.625,1.0,1.0,0.1017293997965412,0.19999999999999998,0.14666666666666667,0.07121057985757884,0.36,0.4166666666666667,0.4026666666666666,0.4815,score_free_night_flight
546065,0,0,8,3,0.0,0.375,0.5,Middle-age,Medium Spenders,0.0,0.33,5.33,0.375,1.0,1.0,0.15673981191222572,0.11,0.17766666666666667,0.109717868338558,0.28800000000000003,0.5,0.42436666666666667,0.31579999999999997,score_exclusive_discount
546072,2,1,6,3,0.5,0.5,0.5,Middle-age,High Spenders,0.0,0.67,3.5,0.5,1.0,0.75,0.07524454477050414,0.22333333333333336,0.11666666666666667,0.0526711813393529,0.3286666666666667,0.5,0.38166666666666665,0.38499999999999995,score_exclusive_discount
546121,2,0,6,1,0.0,0.16666666666666666,0.4166666666666667,Youth,At Risk,0.0,0.0,1.0,0.125,1.0,1.0,0.151285930408472,0.0,0.03333333333333333,0.10590015128593039,0.2,0.4166666666666667,0.3233333333333333,0.09749999999999999,score_exclusive_discount
546127,1,0,8,4,0.0,0.5,0.25,Middle-age,High Spenders,0.0,0.25,4.25,0.4444444444444444,1.0,1.0,0.11299435028248588,0.08333333333333333,0.14166666666666666,0.0790960451977401,0.26666666666666666,0.25,0.39916666666666667,0.35361111111111104,score_free_meal
546130,4,0,5,2,0.0,0.4,0.3,Middle-age,Medium Spenders,0.0,1.0,3.0,0.2222222222222222,0.5,1.0,0.1362397820163488,0.3333333333333333,0.1,0.09536784741144415,0.4666666666666667,0.3,0.21999999999999997,0.18555555555555553,score_free_checkedbag
546131,4,3,4,2,0.75,0.5,0.625,Middle-age,Champions,0.2,0.67,6.33,0.625,0.8,0.8,0.10857763300760043,0.22333333333333336,0.211,0.0760043431053203,0.3386666666666667,0.625,0.3877,0.5008,score_exclusive_discount
546161,4,1,4,2,0.25,0.5,0.375,Middle-age,High Spenders,0.0,0.0,6.33,0.375,1.0,1.0,0.0949667616334283,0.0,0.211,0.06647673314339982,0.2,0.375,0.4477,0.3258,score_free_meal
546164,1,1,7,2,1.0,0.2857142857142857,0.8571428571428572,Youth,Medium Spenders,0.33,0.0,7.0,0.375,1.0,0.6666666666666666,1.0,0.0,0.23333333333333334,0.7,0.13333333333333333,0.8571428571428572,0.4633333333333333,0.33249999999999996,score_exclusive_discount
546190,3,0,6,3,0.0,0.5,0.25,Middle-age,High Spenders,0.0,0.67,3.0,0.3333333333333333,1.0,1.0,0.10070493454179255,0.22333333333333336,0.1,0.07049345417925477,0.3786666666666667,0.25,0.37,0.2633333333333333,score_free_checkedbag
546224,5,0,3,2,0.0,0.6666666666666666,0.16666666666666669,Middle-age,At Risk,0.0,1.0,1.0,0.25,1.0,1.0,0.0968054211035818,0.3333333333333333,0.03333333333333333,0.06776379477250725,0.4666666666666667,0.16666666666666669,0.3233333333333333,0.185,score_free_checkedbag
546256,2,1,6,4,0.5,0.6666666666666666,0.4166666666666667,Middle-age,Champions,0.0,0.0,5.4,0.625,1.0,0.6,0.11547344110854503,0.0,0.18000000000000002,0.08083140877598152,0.12,0.4166666666666667,0.426,0.4915,score_free_night_flight
546280,5,3,4,1,0.6,0.25,0.675,Middle-age,Medium Spenders,0.25,0.5,1.0,0.4444444444444444,1.0,1.0,0.09380863039399624,0.16666666666666666,0.03333333333333333,0.06566604127579737,0.33333333333333337,0.675,0.3233333333333333,0.32111111111111107,score_exclusive_discount
546282,2,0,8,2,0.0,0.25,0.375,Middle-age,Medium Spenders,0.0,0.0,3.0,0.2,1.0,1.0,0.11389521640091115,0.0,0.1,0.0797266514806378,0.2,0.375,0.37,0.16999999999999998,score_exclusive_discount
546307,3,2,6,4,0.6666666666666666,0.6666666666666666,0.5,Middle-age,High Spenders,0.17,0.67,3.0,0.6666666666666666,0.8333333333333334,0.8333333333333334,0.14598540145985403,0.22333333333333336,0.1,0.10218978102189781,0.3453333333333334,0.5,0.32,0.4966666666666666,score_exclusive_discount
546334,1,0,7,1,0.0,0.14285714285714285,0.4285714285714286,Middle-age,At Risk,0.0,0.0,1.0,0.125,1.0,1.0,0.12987012987012986,0.0,0.03333333333333333,0.0909090909090909,0.2,0.4285714285714286,0.3233333333333333,0.09749999999999999,score_exclusive_discount
546395,2,2,6,3,1.0,0.5,0.75,Middle-age,Low Spenders,0.2,0.67,1.67,0.625,1.0,1.0,0.12437810945273634,0.22333333333333336,0.05566666666666666,0.08706467661691543,0.3786666666666667,0.75,0.33896666666666664,0.4542,score_exclusive_discount
546399,2,0,6,1,0.0,0.16666666666666666,0.4166666666666667,Middle-age,At Risk,0.0,0.0,0.0,0.125,0.0,1.0,0.23094688221709006,0.0,0.0,0.16166281755196305,0.2,0.4166666666666667,0.0,0.0875,score_exclusive_discount
546419,5,3,3,2,0.6,0.6666666666666666,0.4666666666666667,Middle-age,Medium Spenders,0.2,0.33,0.67,0.625,0.8,1.0,0.09699321047526673,0.11,0.022333333333333334,0.0678952473326867,0.28800000000000003,0.4666666666666667,0.2556333333333333,0.4442,score_exclusive_discount
546437,3,1,5,4,0.3333333333333333,0.8,0.2666666666666666,Middle-age,High Spenders,0.0,0.4,2.0,0.625,1.0,1.0,0.10570824524312895,0.13333333333333333,0.06666666666666667,0.07399577167019027,0.3066666666666667,0.2666666666666666,0.3466666666666667,0.4575,score_free_night_flight
546462,2,2,6,0,1.0,0.0,1.0,Elderly,Medium Spenders,0.0,0.0,5.5,0.25,1.0,0.0,1.0,0.0,0.18333333333333332,0.7,0.0,1.0,0.42833333333333334,0.22999999999999998,score_exclusive_discount
546470,4,1,4,0,0.25,0.0,0.625,Middle-age,At Risk,0.0,0.0,0.0,0.125,0.0,1.0,0.13157894736842105,0.0,0.0,0.09210526315789473,0.2,0.625,0.0,0.0875,score_exclusive_discount
546485,1,0,7,4,0.0,0.5714285714285714,0.2142857142857143,Middle-age,High Spenders,0.0,1.0,2.5,0.5,1.0,1.0,0.09000900090009001,0.3333333333333333,0.08333333333333333,0.063006300630063,0.4666666666666667,0.2142857142857143,0.35833333333333334,0.375,score_free_checkedbag
546509,4,2,4,1,0.5,0.25,0.625,Middle-age,Medium Spenders,0.0,0.33,2.0,0.375,1.0,1.0,0.11778563015312131,0.11,0.06666666666666667,0.08244994110718491,0.28800000000000003,0.625,0.3466666666666667,0.2825,score_exclusive_discount
546529,2,2,8,3,1.0,0.375,0.8125,Middle-age,High Spenders,0.2,0.83,0.67,0.5,0.8,1.0,0.009260116677470136,0.27666666666666667,0.022333333333333334,0.006482081674229095,0.42133333333333334,0.8125,0.2556333333333333,0.35669999999999996,score_exclusive_discount
546587,4,2,4,2,0.5,0.5,0.5,Middle-age,High Spenders,0.0,0.38,1.0,0.5,0.25,1.0,0.1107419712070875,0.12666666666666668,0.03333333333333333,0.07751937984496124,0.30133333333333334,0.5,0.09833333333333333,0.36,score_exclusive_discount
546612,3,0,5,1,0.0,0.2,0.4,Youth,Low Spenders,0.0,0.0,1.0,0.125,1.0,1.0,0.12594458438287154,0.0,0.03333333333333333,0.08816120906801007,0.2,0.4,0.3233333333333333,0.09749999999999999,score_exclusive_discount
546648,4,3,4,1,0.75,0.25,0.75,Middle-age,Champions,0.0,0.67,3.25,0.5,0.75,0.75,0.09633911368015413,0.22333333333333336,0.10833333333333334,0.06743737957610789,0.3286666666666667,0.75,0.3008333333333333,0.38249999999999995,score_exclusive_discount
546664,5,1,3,0,0.2,0.0,0.6,Middle-age,At Risk,0.0,1.0,6.0,0.125,1.0,1.0,0.0681198910081744,0.3333333333333333,0.2,0.047683923705722074,0.4666666666666667,0.6,0.43999999999999995,0.1475,score_exclusive_discount
546671,3,0,5,1,0.0,0.2,0.4,Middle-age,Low Spenders,0.0,0.0,3.0,0.125,1.0,1.0,0.12836970474967907,0.0,0.1,0.08985879332477534,0.2,0.4,0.37,0.1175,score_exclusive_discount
546679,3,1,5,3,0.3333333333333333,0.6,0.3666666666666667,Middle-age,Medium Spenders,0.0,1.0,2.75,0.5,0.75,0.75,0.1079913606911447,0.3333333333333333,0.09166666666666666,0.07559395248380128,0.4166666666666667,0.3666666666666667,0.2891666666666666,0.37749999999999995,score_free_checkedbag
546688,3,1,5,3,0.3333333333333333,0.6,0.3666666666666667,Middle-age,Medium Spenders,0.25,0.5,4.0,0.5,1.0,1.0,0.08771929824561403,0.16666666666666666,0.13333333333333333,0.061403508771929814,0.33333333333333337,0.3666666666666667,0.3933333333333333,0.38999999999999996,score_free_meal
546702,2,0,6,3,0.0,0.5,0.25,Middle-age,High Spenders,0.0,0.0,2.0,0.375,1.0,1.0,0.141643059490085,0.0,0.06666666666666667,0.09915014164305949,0.2,0.25,0.3466666666666667,0.2825,score_free_meal
546728,2,0,6,2,0.0,0.3333333333333333,0.33333333333333337,Middle-age,Champions,0.0,0.25,6.5,0.25,1.0,1.0,0.006234413965087281,0.08333333333333333,0.21666666666666667,0.004364089775561097,0.26666666666666666,0.33333333333333337,0.45166666666666666,0.24,score_free_meal
546740,1,0,7,2,0.0,0.2857142857142857,0.35714285714285715,Middle-age,Low Spenders,0.0,1.0,2.0,0.25,1.0,1.0,0.11890606420927467,0.3333333333333333,0.06666666666666667,0.08323424494649227,0.4666666666666667,0.35714285714285715,0.3466666666666667,0.19499999999999998,score_free_checkedbag
546756,1,0,7,2,0.0,0.2857142857142857,0.35714285714285715,Middle-age,High Spenders,0.0,0.0,2.0,0.25,0.5,1.0,0.10214504596527069,0.0,0.06666666666666667,0.07150153217568947,0.2,0.35714285714285715,0.19666666666666666,0.19499999999999998,score_exclusive_discount
546774,2,1,6,2,0.5,0.3333333333333333,0.5833333333333334,Middle-age,High Spenders,0.0,0.75,11.67,0.375,0.6666666666666666,0.6666666666666666,0.1152073732718894,0.25,0.389,0.08064516129032258,0.33333333333333337,0.5833333333333334,0.47229999999999994,0.3792,score_exclusive_discount
546842,2,1,6,0,0.5,0.0,0.75,Middle-age,At Risk,0.0,0.0,6.0,0.125,1.0,0.0,1.0,0.0,0.2,0.7,0.0,0.75,0.43999999999999995,0.1475,score_exclusive_discount
546844,3,1,5,4,0.3333333333333333,0.8,0.2666666666666666,Middle-age,High Spenders,0.0,0.6,1.6,0.625,1.0,1.0,0.09624639076034648,0.19999999999999998,0.05333333333333334,0.06737247353224253,0.36,0.2666666666666666,0.3373333333333333,0.4535,score_free_night_flight
546847,4,3,5,3,0.75,0.6,0.575,Middle-age,Champions,0.17,0.83,4.5,0.6666666666666666,1.0,0.8333333333333334,0.11098779134295228,0.27666666666666667,0.15,0.07769145394006659,0.388,0.575,0.40499999999999997,0.5116666666666666,score_exclusive_discount
546857,2,0,6,1,0.0,0.16666666666666666,0.4166666666666667,Elderly,Champions,0.0,0.0,16.0,0.125,1.0,0.0,1.0,0.0,0.5333333333333333,0.7,0.0,0.4166666666666667,0.6733333333333333,0.2475,score_free_cancellation
546864,2,2,6,1,1.0,0.16666666666666666,0.9166666666666667,Middle-age,Medium Spenders,0.33,0.0,7.0,0.375,1.0,1.0,0.08673026886383348,0.0,0.23333333333333334,0.06071118820468343,0.2,0.9166666666666667,0.4633333333333333,0.33249999999999996,score_exclusive_discount
546867,4,2,4,1,0.5,0.25,0.625,Middle-age,Champions,0.0,0.5,3.33,0.375,1.0,1.0,0.11363636363636363,0.16666666666666666,0.111,0.07954545454545454,0.33333333333333337,0.625,0.3777,0.29579999999999995,score_exclusive_discount
546881,3,0,5,2,0.0,0.4,0.3,Middle-age,Low Spenders,0.0,0.5,2.0,0.25,1.0,1.0,0.08424599831508003,0.16666666666666666,0.06666666666666667,0.05897219882055602,0.33333333333333337,0.3,0.3466666666666667,0.19499999999999998,score_free_meal
546882,2,0,6,2,0.0,0.3333333333333333,0.33333333333333337,Youth,Champions,0.0,0.0,8.0,0.25,0.5,1.0,0.00968804495252858,0.0,0.26666666666666666,0.006781631466770006,0.2,0.33333333333333337,0.33666666666666667,0.255,score_free_meal
546884,1,0,7,1,0.0,0.14285714285714285,0.4285714285714286,Youth,At Risk,0.0,0.0,4.0,0.125,1.0,0.0,1.0,0.0,0.13333333333333333,0.7,0.0,0.4285714285714286,0.3933333333333333,0.1275,score_free_cancellation
546888,2,2,6,1,1.0,0.16666666666666666,0.9166666666666667,Middle-age,Champions,0.33,0.0,6.0,0.375,0.6666666666666666,1.0,0.1277139208173691,0.0,0.2,0.08939974457215837,0.2,0.9166666666666667,0.33999999999999997,0.32249999999999995,score_exclusive_discount
546900,2,1,6,2,0.5,0.3333333333333333,0.5833333333333334,Middle-age,High Spenders,0.0,0.67,4.67,0.375,1.0,1.0,0.11286681715575622,0.22333333333333336,0.15566666666666668,0.07900677200902935,0.3786666666666667,0.5833333333333334,0.40896666666666665,0.3092,score_exclusive_discount
546937,4,0,4,0,0.0,0.0,0.5,0,0,0.0,0.0,0.0,0.0,0.0,0.0,0.0,0.0,0.0,0.0,0.0,0.5,0.0,0.0,score_exclusive_discount
546964,3,3,5,3,1.0,0.6,0.7,Middle-age,Champions,0.0,0.33,1.5,0.75,0.8333333333333334,1.0,0.11918951132300357,0.11,0.05,0.0834326579261025,0.28800000000000003,0.7,0.285,0.5399999999999999,score_exclusive_discount
546972,3,1,6,2,0.3333333333333333,0.3333333333333333,0.5,Middle-age,Medium Spenders,0.0,0.5,1.67,0.3333333333333333,1.0,0.6666666666666666,0.08525149190110827,0.16666666666666666,0.05566666666666666,0.059676044330775786,0.26666666666666666,0.5,0.33896666666666664,0.25003333333333333,score_exclusive_discount
547006,1,1,7,1,1.0,0.14285714285714285,0.9285714285714286,0,0,0.0,0.0,0.0,0.0,0.0,0.0,0.0,0.0,0.0,0.0,0.0,0.9285714285714286,0.0,0.0,score_exclusive_discount
547007,1,0,7,5,0.0,0.7142857142857143,0.14285714285714285,Middle-age,Champions,0.0,0.25,5.4,0.625,1.0,0.8,0.11792452830188678,0.08333333333333333,0.18000000000000002,0.08254716981132074,0.22666666666666668,0.14285714285714285,0.426,0.4915,score_free_night_flight
547037,3,0,5,3,0.0,0.6,0.2,Middle-age,Medium Spenders,0.0,0.0,2.67,0.375,1.0,0.6666666666666666,0.10764262648008613,0.0,0.089,0.07534983853606028,0.13333333333333333,0.2,0.36229999999999996,0.28919999999999996,score_free_meal
547070,3,3,5,3,1.0,0.6,0.7,Middle-age,Champions,0.0,0.4,3.33,0.75,0.8333333333333334,0.8333333333333334,0.11737089201877934,0.13333333333333333,0.111,0.08215962441314553,0.2733333333333334,0.7,0.3277,0.5582999999999999,score_exclusive_discount
547100,3,1,5,3,0.3333333333333333,0.6,0.3666666666666667,Middle-age,Medium Spenders,0.25,1.0,2.5,0.5,1.0,1.0,0.12547051442910917,0.3333333333333333,0.08333333333333333,0.08782936010037641,0.4666666666666667,0.3666666666666667,0.35833333333333334,0.375,score_free_checkedbag
547130,3,1,5,2,0.3333333333333333,0.4,0.4666666666666667,Youth,At Risk,0.33,0.0,5.0,0.375,0.6666666666666666,0.6666666666666666,1.0,0.0,0.16666666666666666,0.7,0.13333333333333333,0.4666666666666667,0.31666666666666665,0.31249999999999994,score_free_cancellation
547150,4,2,4,2,0.5,0.5,0.5,Middle-age,Low Spenders,0.25,0.5,6.0,0.5,0.75,1.0,0.16583747927031509,0.16666666666666666,0.2,0.11608623548922055,0.33333333333333337,0.5,0.365,0.41,score_exclusive_discount
547164,3,2,5,1,0.6666666666666666,0.2,0.7333333333333333,Middle-age,High Spenders,0.33,0.0,25.0,0.375,1.0,0.6666666666666666,0.09541984732824427,0.0,0.8333333333333334,0.06679389312977098,0.13333333333333333,0.7333333333333333,0.8833333333333333,0.5125,score_free_meal
547175,3,1,5,1,0.3333333333333333,0.2,0.5666666666666667,Youth,Low Spenders,0.0,0.0,8.5,0.25,1.0,0.5,0.09363295880149813,0.0,0.2833333333333333,0.0655430711610487,0.1,0.5666666666666667,0.4983333333333333,0.26,score_exclusive_discount
547180,3,1,5,1,0.3333333333333333,0.2,0.5666666666666667,Middle-age,Low Spenders,0.0,0.0,2.5,0.25,1.0,0.5,0.11723329425556857,0.0,0.08333333333333333,0.082063305978898,0.1,0.5666666666666667,0.35833333333333334,0.19999999999999998,score_exclusive_discount
547181,2,0,6,3,0.0,0.5,0.25,Elderly,High Spenders,0.0,0.5,3.33,0.375,1.0,0.3333333333333333,0.129366106080207,0.16666666666666666,0.111,0.09055627425614489,0.2,0.25,0.3777,0.29579999999999995,score_free_meal
547201,2,0,6,1,0.0,0.16666666666666666,0.4166666666666667,Youth,Medium Spenders,0.0,0.0,16.0,0.125,1.0,0.0,1.0,0.0,0.5333333333333333,0.7,0.0,0.4166666666666667,0.6733333333333333,0.2475,score_free_cancellation
547266,2,1,6,2,0.5,0.3333333333333333,0.5833333333333334,Middle-age,Medium Spenders,0.0,0.75,2.0,0.375,1.0,0.6666666666666666,0.07782101167315175,0.25,0.06666666666666667,0.054474708171206226,0.33333333333333337,0.5833333333333334,0.3466666666666667,0.2825,score_exclusive_discount
547301,3,0,5,2,0.0,0.4,0.3,Middle-age,Medium Spenders,0.0,0.5,3.5,0.25,0.5,0.5,0.07189072609633357,0.16666666666666666,0.11666666666666667,0.050323508267433495,0.23333333333333334,0.3,0.23166666666666666,0.21,score_exclusive_discount
547320,2,1,6,0,0.5,0.0,0.75,Middle-age,Low Spenders,0.0,0.0,9.0,0.125,1.0,0.0,1.0,0.0,0.3,0.7,0.0,0.75,0.51,0.1775,score_exclusive_discount
547325,0,0,8,2,0.0,0.25,0.5,Middle-age,Low Spenders,0.0,1.0,2.5,0.25,1.0,1.0,0.11467889908256883,0.3333333333333333,0.08333333333333333,0.08027522935779817,0.4666666666666667,0.5,0.35833333333333334,0.19999999999999998,score_exclusive_discount
547336,2,0,7,1,0.0,0.14285714285714285,0.4285714285714286,Middle-age,At Risk,0.0,0.0,1.0,0.1111111111111111,1.0,1.0,0.1251564455569462,0.0,0.03333333333333333,0.08760951188986232,0.2,0.4285714285714286,0.3233333333333333,0.08777777777777776,score_exclusive_discount
547342,2,0,6,1,0.0,0.16666666666666666,0.4166666666666667,Youth,Low Spenders,0.0,1.0,4.0,0.125,1.0,1.0,0.13404825737265416,0.3333333333333333,0.13333333333333333,0.0938337801608579,0.4666666666666667,0.4166666666666667,0.3933333333333333,0.1275,score_free_checkedbag
547412,2,0,6,2,0.0,0.3333333333333333,0.33333333333333337,Middle-age,High Spenders,0.0,0.67,3.5,0.25,1.0,1.0,0.15503875968992248,0.22333333333333336,0.11666666666666667,0.10852713178294573,0.3786666666666667,0.33333333333333337,0.38166666666666665,0.21,score_free_meal
547453,2,1,6,2,0.5,0.3333333333333333,0.5833333333333334,Middle-age,Medium Spenders,0.0,0.5,2.33,0.375,1.0,0.6666666666666666,0.10845986984815617,0.16666666666666666,0.07766666666666668,0.07592190889370931,0.26666666666666666,0.5833333333333334,0.35436666666666666,0.28579999999999994,score_exclusive_discount
547458,1,1,7,3,1.0,0.42857142857142855,0.7857142857142857,Middle-age,Champions,0.0,0.5,3.75,0.5,0.75,0.75,0.11764705882352941,0.16666666666666666,0.125,0.08235294117647059,0.2833333333333333,0.7857142857142857,0.3125,0.38749999999999996,score_exclusive_discount
547459,1,1,7,3,1.0,0.42857142857142855,0.7857142857142857,Middle-age,Champions,0.0,0.25,8.25,0.5,1.0,0.5,0.00950660709192889,0.08333333333333333,0.275,0.0066546249643502225,0.16666666666666669,0.7857142857142857,0.4925,0.4325,score_exclusive_discount
547483,2,0,6,2,0.0,0.3333333333333333,0.33333333333333337,Middle-age,Medium Spenders,0.0,1.0,3.5,0.25,1.0,1.0,0.11123470522803114,0.3333333333333333,0.11666666666666667,0.07786429365962179,0.4666666666666667,0.33333333333333337,0.38166666666666665,0.21,score_free_checkedbag
547512,3,2,5,2,0.6666666666666666,0.4,0.6333333333333333,Middle-age,Champions,0.0,1.0,5.25,0.5,1.0,1.0,0.13793103448275862,0.3333333333333333,0.175,0.09655172413793103,0.4666666666666667,0.6333333333333333,0.4225,0.40249999999999997,score_exclusive_discount
547555,2,1,7,5,0.5,0.7142857142857143,0.39285714285714285,Middle-age,High Spenders,0.17,0.88,1.0,0.6666666666666666,0.8333333333333334,1.0,0.11248593925759279,0.29333333333333333,0.03333333333333333,0.07874015748031495,0.4346666666666667,0.39285714285714285,0.2733333333333333,0.4766666666666666,score_free_night_flight
547559,5,3,3,3,0.6,1.0,0.3,Middle-age,Champions,0.0,0.5,3.83,0.75,0.8333333333333334,1.0,0.01893580761219466,0.16666666666666666,0.12766666666666668,0.01325506532853626,0.33333333333333337,0.3,0.33936666666666665,0.5632999999999999,score_free_night_flight
547568,5,2,3,0,0.4,0.0,0.7,Middle-age,Champions,0.0,2.0,12.5,0.25,1.0,0.5,0.14836795252225518,0.6666666666666666,0.4166666666666667,0.10385756676557863,0.6333333333333333,0.7,0.5916666666666667,0.3,score_exclusive_discount
547594,2,1,6,1,0.5,0.16666666666666666,0.6666666666666667,0,0,0.0,0.0,0.0,0.0,0.0,0.0,0.0,0.0,0.0,0.0,0.0,0.6666666666666667,0.0,0.0,score_exclusive_discount
547606,3,1,5,2,0.3333333333333333,0.4,0.4666666666666667,Middle-age,High Spenders,0.0,0.33,2.0,0.375,1.0,1.0,0.13175230566534915,0.11,0.06666666666666667,0.0922266139657444,0.28800000000000003,0.4666666666666667,0.3466666666666667,0.2825,score_exclusive_discount
547613,1,0,7,4,0.0,0.5714285714285714,0.2142857142857143,Middle-age,Medium Spenders,0.0,0.0,3.25,0.5,0.75,0.75,0.12594458438287154,0.0,0.10833333333333334,0.08816120906801007,0.15000000000000002,0.2142857142857143,0.3008333333333333,0.38249999999999995,score_free_night_flight
547617,4,0,5,3,0.0,0.6,0.2,Middle-age,Low Spenders,0.0,0.0,2.67,0.3333333333333333,0.3333333333333333,0.6666666666666666,0.08176614881439084,0.0,0.089,0.05723630417007359,0.13333333333333333,0.2,0.1623,0.2600333333333333,score_free_night_flight
547663,1,1,7,1,1.0,0.14285714285714285,0.9285714285714286,Middle-age,Medium Spenders,0.0,0.0,3.5,0.25,1.0,1.0,0.13071895424836602,0.0,0.11666666666666667,0.0915032679738562,0.2,0.9285714285714286,0.38166666666666665,0.21,score_exclusive_discount
547664,1,0,7,4,0.0,0.5714285714285714,0.2142857142857143,Middle-age,Medium Spenders,0.0,0.5,0.75,0.5,0.5,1.0,0.1347708894878706,0.16666666666666666,0.025,0.09433962264150943,0.33333333333333337,0.2142857142857143,0.16749999999999998,0.3575,score_free_night_flight
547693,3,2,5,0,0.6666666666666666,0.0,0.8333333333333333,0,0,0.0,0.0,0.0,0.0,0.0,0.0,0.0,0.0,0.0,0.0,0.0,0.8333333333333333,0.0,0.0,score_exclusive_discount
547761,5,1,3,1,0.2,0.3333333333333333,0.43333333333333335,Middle-age,Low Spenders,0.0,0.5,5.0,0.25,1.0,1.0,0.14619883040935672,0.16666666666666666,0.16666666666666666,0.1023391812865497,0.33333333333333337,0.43333333333333335,0.41666666666666663,0.22499999999999998,score_exclusive_discount
547776,4,2,4,1,0.5,0.25,0.625,Middle-age,High Spenders,0.0,0.67,2.33,0.375,1.0,1.0,0.09900990099009901,0.22333333333333336,0.07766666666666668,0.0693069306930693,0.3786666666666667,0.625,0.35436666666666666,0.28579999999999994,score_exclusive_discount
547779,2,1,6,2,0.5,0.3333333333333333,0.5833333333333334,Middle-age,High Spenders,0.0,0.83,4.33,0.375,1.0,1.0,0.12690355329949238,0.27666666666666667,0.14433333333333334,0.08883248730964466,0.42133333333333334,0.5833333333333334,0.40103333333333335,0.30579999999999996,score_exclusive_discount
547792,2,2,6,3,1.0,0.5,0.75,Middle-age,Champions,0.0,0.38,2.8,0.625,0.6,0.8,0.14285714285714285,0.12666666666666668,0.09333333333333332,0.09999999999999999,0.26133333333333336,0.75,0.24533333333333332,0.4655,score_exclusive_discount
547817,3,1,5,2,0.3333333333333333,0.4,0.4666666666666667,Middle-age,Champions,0.0,0.0,8.0,0.375,1.0,0.3333333333333333,0.09775171065493646,0.0,0.26666666666666666,0.06842619745845552,0.06666666666666667,0.4666666666666667,0.48666666666666664,0.34249999999999997,score_free_meal
547823,2,0,6,5,0.0,0.8333333333333334,0.08333333333333331,Middle-age,Champions,0.0,0.25,4.8,0.625,1.0,0.8,0.11210762331838565,0.08333333333333333,0.16,0.07847533632286996,0.22666666666666668,0.08333333333333331,0.412,0.4855,score_free_night_flight
547825,1,1,7,1,1.0,0.14285714285714285,0.9285714285714286,Youth,Medium Spenders,0.0,1.0,6.0,0.25,1.0,0.5,0.11325028312570781,0.3333333333333333,0.2,0.07927519818799546,0.3666666666666667,0.9285714285714286,0.43999999999999995,0.235,score_exclusive_discount
547834,3,0,5,0,0.0,0.0,0.5,0,0,0.0,0.0,0.0,0.0,0.0,0.0,0.0,0.0,0.0,0.0,0.0,0.5,0.0,0.0,score_exclusive_discount
547836,2,1,6,2,0.5,0.3333333333333333,0.5833333333333334,Middle-age,High Spenders,0.0,0.0,5.0,0.375,0.6666666666666666,0.6666666666666666,0.10741138560687433,0.0,0.16666666666666666,0.07518796992481203,0.13333333333333333,0.5833333333333334,0.31666666666666665,0.31249999999999994,score_exclusive_discount
547857,2,0,7,1,0.0,0.14285714285714285,0.4285714285714286,Elderly,Low Spenders,0.0,1.0,2.0,0.1111111111111111,1.0,1.0,0.09643201542912247,0.3333333333333333,0.06666666666666667,0.06750241080038573,0.4666666666666667,0.4285714285714286,0.3466666666666667,0.09777777777777777,score_free_checkedbag
547862,2,0,6,4,0.0,0.6666666666666666,0.16666666666666669,Middle-age,High Spenders,0.0,1.0,4.75,0.5,1.0,0.75,0.12330456226880396,0.3333333333333333,0.15833333333333333,0.08631319358816276,0.4166666666666667,0.16666666666666669,0.41083333333333333,0.39749999999999996,score_free_checkedbag
547878,6,4,2,0,0.6666666666666666,0.0,0.8333333333333333,Youth,Medium Spenders,0.25,0.0,4.0,0.5,1.0,0.5,1.0,0.0,0.13333333333333333,0.7,0.1,0.8333333333333333,0.3933333333333333,0.38999999999999996,score_exclusive_discount
547911,1,0,7,2,0.0,0.2857142857142857,0.35714285714285715,Middle-age,Low Spenders,0.0,0.5,1.5,0.25,1.0,1.0,0.10070493454179255,0.16666666666666666,0.05,0.07049345417925477,0.33333333333333337,0.35714285714285715,0.33499999999999996,0.19,score_exclusive_discount
547938,2,0,6,1,0.0,0.16666666666666666,0.4166666666666667,Youth,Medium Spenders,0.0,0.0,0.0,0.125,0.0,1.0,0.00395335046451868,0.0,0.0,0.0027673453251630758,0.2,0.4166666666666667,0.0,0.0875,score_exclusive_discount
547951,3,2,5,2,0.6666666666666666,0.4,0.6333333333333333,Middle-age,High Spenders,0.0,0.5,1.5,0.5,1.0,1.0,0.08849557522123894,0.16666666666666666,0.05,0.06194690265486725,0.33333333333333337,0.6333333333333333,0.33499999999999996,0.365,score_exclusive_discount
547966,2,0,6,2,0.0,0.3333333333333333,0.33333333333333337,Middle-age,Champions,0.0,0.5,9.0,0.25,1.0,0.5,0.1251564455569462,0.16666666666666666,0.3,0.08760951188986232,0.23333333333333334,0.33333333333333337,0.51,0.265,score_free_meal
547997,1,0,7,1,0.0,0.14285714285714285,0.4285714285714286,Middle-age,At Risk,0.0,1.0,0.0,0.125,0.0,1.0,0.11312217194570136,0.3333333333333333,0.0,0.07918552036199095,0.4666666666666667,0.4285714285714286,0.0,0.0875,score_free_checkedbag
548006,3,1,5,1,0.3333333333333333,0.2,0.5666666666666667,Middle-age,Low Spenders,0.0,1.5,1.5,0.25,1.0,1.0,0.12239902080783353,0.5,0.05,0.08567931456548347,0.6000000000000001,0.5666666666666667,0.33499999999999996,0.19,score_free_checkedbag
548022,2,1,6,3,0.5,0.5,0.5,Middle-age,High Spenders,0.0,0.75,5.5,0.5,1.0,1.0,0.11792452830188678,0.25,0.18333333333333332,0.08254716981132074,0.4,0.5,0.42833333333333334,0.40499999999999997,score_exclusive_discount
548032,0,0,8,3,0.0,0.375,0.5,Middle-age,High Spenders,0.0,0.44,1.0,0.375,0.6666666666666666,1.0,0.12077294685990336,0.14666666666666667,0.03333333333333333,0.08454106280193235,0.31733333333333336,0.5,0.22333333333333333,0.27249999999999996,score_exclusive_discount
548037,0,0,8,2,0.0,0.25,0.5,Middle-age,Low Spenders,0.0,1.0,2.0,0.25,1.0,1.0,0.12391573729863692,0.3333333333333333,0.06666666666666667,0.08674101610904583,0.4666666666666667,0.5,0.3466666666666667,0.19499999999999998,score_exclusive_discount
548040,1,0,7,3,0.0,0.42857142857142855,0.2857142857142857,Middle-age,High Spenders,0.0,0.33,1.33,0.375,1.0,1.0,0.151285930408472,0.11,0.044333333333333336,0.10590015128593039,0.28800000000000003,0.2857142857142857,0.33103333333333335,0.27579999999999993,score_free_meal
548093,1,0,7,1,0.0,0.14285714285714285,0.4285714285714286,Youth,Low Spenders,0.0,0.0,6.0,0.125,1.0,0.0,1.0,0.0,0.2,0.7,0.0,0.4285714285714286,0.43999999999999995,0.1475,score_free_cancellation
548109,1,1,7,4,1.0,0.5714285714285714,0.7142857142857143,Middle-age,Champions,0.0,0.6,1.6,0.625,0.8,1.0,0.1107419712070875,0.19999999999999998,0.05333333333333334,0.07751937984496124,0.36,0.7142857142857143,0.2773333333333333,0.4535,score_exclusive_discount
548113,3,1,5,3,0.3333333333333333,0.6,0.3666666666666667,Middle-age,Medium Spenders,0.0,0.5,2.75,0.5,0.75,1.0,0.09033423667570009,0.16666666666666666,0.09166666666666666,0.06323396567299006,0.33333333333333337,0.3666666666666667,0.2891666666666666,0.37749999999999995,score_free_night_flight
548120,4,2,5,1,0.5,0.2,0.65,Middle-age,Low Spenders,0.0,1.0,0.67,0.3333333333333333,0.6666666666666666,1.0,0.15384615384615385,0.3333333333333333,0.022333333333333334,0.1076923076923077,0.4666666666666667,0.65,0.21563333333333332,0.24003333333333332,score_exclusive_discount
548123,1,0,7,0,0.0,0.0,0.5,0,0,0.0,0.0,0.0,0.0,0.0,0.0,0.0,0.0,0.0,0.0,0.0,0.5,0.0,0.0,score_exclusive_discount
548185,1,0,8,2,0.0,0.25,0.375,Youth,Medium Spenders,0.0,0.0,8.0,0.2222222222222222,1.0,0.0,1.0,0.0,0.26666666666666666,0.7,0.0,0.375,0.48666666666666664,0.23555555555555552,score_free_cancellation
548189,4,3,4,2,0.75,0.5,0.625,Middle-age,Champions,0.2,0.0,4.67,0.625,0.8,0.6,0.1510574018126888,0.0,0.15566666666666668,0.10574018126888217,0.12,0.625,0.34896666666666665,0.4842,score_exclusive_discount
548190,3,1,5,2,0.3333333333333333,0.4,0.4666666666666667,Middle-age,High Spenders,0.0,1.0,6.0,0.375,1.0,0.6666666666666666,0.10660980810234541,0.3333333333333333,0.2,0.07462686567164178,0.4,0.4666666666666667,0.43999999999999995,0.32249999999999995,score_exclusive_discount
548193,3,1,5,2,0.3333333333333333,0.4,0.4666666666666667,Youth,At Risk,0.33,1.0,0.0,0.375,0.3333333333333333,1.0,0.10256410256410256,0.3333333333333333,0.0,0.07179487179487179,0.4666666666666667,0.4666666666666667,0.09999999999999999,0.26249999999999996,score_free_checkedbag
548222,4,2,4,2,0.5,0.5,0.5,Middle-age,Champions,0.0,0.58,4.0,0.5,0.75,0.75,0.01010407194099222,0.19333333333333333,0.13333333333333333,0.007072850358694554,0.3046666666666667,0.5,0.3183333333333333,0.38999999999999996,score_exclusive_discount
548228,3,0,5,1,0.0,0.2,0.4,Elderly,Low Spenders,0.0,0.0,10.0,0.125,1.0,0.0,1.0,0.0,0.3333333333333333,0.7,0.0,0.4,0.5333333333333333,0.1875,score_free_cancellation
548230,3,1,5,2,0.3333333333333333,0.4,0.4666666666666667,Middle-age,Champions,0.0,0.0,6.67,0.375,1.0,0.3333333333333333,0.1557632398753894,0.0,0.22233333333333333,0.10903426791277257,0.06666666666666667,0.4666666666666667,0.45563333333333333,0.32919999999999994,score_exclusive_discount
548256,0,0,8,4,0.0,0.5,0.5,Middle-age,Medium Spenders,0.0,0.33,2.25,0.5,0.75,0.75,0.11389521640091115,0.11,0.075,0.0797266514806378,0.23800000000000004,0.5,0.27749999999999997,0.3725,score_exclusive_discount
548258,2,2,7,4,1.0,0.5714285714285714,0.7142857142857143,Middle-age,High Spenders,0.0,0.33,2.17,0.6666666666666666,1.0,1.0,0.09652509652509653,0.11,0.07233333333333333,0.06756756756756756,0.28800000000000003,0.7142857142857143,0.3506333333333333,0.4883666666666666,score_exclusive_discount
548272,2,1,6,2,0.5,0.3333333333333333,0.5833333333333334,Middle-age,Champions,0.0,1.0,6.0,0.375,1.0,1.0,0.09737098344693282,0.3333333333333333,0.2,0.06815968841285297,0.4666666666666667,0.5833333333333334,0.43999999999999995,0.32249999999999995,score_exclusive_discount
548307,1,0,7,2,0.0,0.2857142857142857,0.35714285714285715,Middle-age,Low Spenders,0.0,0.0,5.0,0.25,1.0,1.0,0.10570824524312895,0.0,0.16666666666666666,0.07399577167019027,0.2,0.35714285714285715,0.41666666666666663,0.22499999999999998,score_free_meal
548310,1,0,7,1,0.0,0.14285714285714285,0.4285714285714286,Middle-age,Low Spenders,0.0,0.5,1.0,0.125,1.0,1.0,0.1557632398753894,0.16666666666666666,0.03333333333333333,0.10903426791277257,0.33333333333333337,0.4285714285714286,0.3233333333333333,0.09749999999999999,score_exclusive_discount
548391,2,0,6,1,0.0,0.16666666666666666,0.4166666666666667,Middle-age,Low Spenders,0.0,1.0,2.0,0.125,1.0,1.0,0.17211703958691912,0.3333333333333333,0.06666666666666667,0.12048192771084337,0.4666666666666667,0.4166666666666667,0.3466666666666667,0.1075,score_free_checkedbag
548408,3,3,5,2,1.0,0.4,0.8,Middle-age,Champions,0.0,0.9,3.8,0.625,1.0,1.0,0.10288065843621398,0.3,0.12666666666666665,0.07201646090534979,0.44,0.8,0.3886666666666666,0.4755,score_exclusive_discount
548422,2,2,6,4,1.0,0.6666666666666666,0.6666666666666667,Middle-age,High Spenders,0.17,1.0,3.25,0.75,1.0,1.0,0.11376564277588169,0.3333333333333333,0.10833333333333334,0.07963594994311718,0.4666666666666667,0.6666666666666667,0.37583333333333335,0.5574999999999999,score_exclusive_discount
548434,3,2,6,1,0.6666666666666666,0.16666666666666666,0.75,Middle-age,Champions,0.0,0.0,2.33,0.3333333333333333,0.6666666666666666,0.6666666666666666,0.11467889908256883,0.0,0.07766666666666668,0.08027522935779817,0.13333333333333333,0.75,0.25436666666666663,0.2566333333333333,score_exclusive_discount
548448,1,0,7,3,0.0,0.42857142857142855,0.2857142857142857,Elderly,Champions,0.0,0.0,9.33,0.375,1.0,0.3333333333333333,0.10405827263267431,0.0,0.311,0.07284079084287201,0.06666666666666667,0.2857142857142857,0.5176999999999999,0.35579999999999995,score_free_meal
548474,3,0,5,3,0.0,0.6,0.2,Middle-age,High Spenders,0.0,0.0,4.67,0.375,0.6666666666666666,0.3333333333333333,0.12048192771084336,0.0,0.15566666666666668,0.08433734939759034,0.06666666666666667,0.2,0.30896666666666667,0.3092,score_free_night_flight
548488,1,0,7,3,0.0,0.42857142857142855,0.2857142857142857,Middle-age,Medium Spenders,0.0,0.33,1.67,0.375,1.0,1.0,0.0927643784786642,0.11,0.05566666666666666,0.06493506493506494,0.28800000000000003,0.2857142857142857,0.33896666666666664,0.27919999999999995,score_free_meal
548490,2,1,6,1,0.5,0.16666666666666666,0.6666666666666667,Middle-age,Low Spenders,0.0,0.0,3.5,0.25,1.0,1.0,0.10559662090813093,0.0,0.11666666666666667,0.07391763463569165,0.2,0.6666666666666667,0.38166666666666665,0.21,score_exclusive_discount
548504,0,0,8,7,0.0,0.875,0.5,Middle-age,Champions,0.0,0.43,1.57,0.875,0.7142857142857143,1.0,0.025647601949217745,0.14333333333333334,0.052333333333333336,0.01795332136445242,0.3146666666666667,0.5,0.2509190476190476,0.6282,score_free_night_flight
548560,2,0,6,1,0.0,0.16666666666666666,0.4166666666666667,Middle-age,Low Spenders,0.0,0.0,3.0,0.125,1.0,1.0,0.07898894154818326,0.0,0.1,0.05529225908372828,0.2,0.4166666666666667,0.37,0.1175,score_exclusive_discount
548568,3,0,6,4,0.0,0.6666666666666666,0.16666666666666669,Middle-age,Champions,0.0,0.75,2.25,0.4444444444444444,1.0,1.0,0.09900990099009901,0.25,0.075,0.0693069306930693,0.4,0.16666666666666669,0.3525,0.3336111111111111,score_free_checkedbag
548587,1,0,7,2,0.0,0.2857142857142857,0.35714285714285715,Middle-age,High Spenders,0.0,0.5,4.5,0.25,1.0,1.0,0.11160714285714285,0.16666666666666666,0.15,0.07812499999999999,0.33333333333333337,0.35714285714285715,0.40499999999999997,0.21999999999999997,score_free_meal
548635,1,0,7,4,0.0,0.5714285714285714,0.2142857142857143,Middle-age,High Spenders,0.0,0.0,1.75,0.5,1.0,1.0,0.12903225806451613,0.0,0.058333333333333334,0.09032258064516129,0.2,0.2142857142857143,0.3408333333333333,0.3675,score_free_night_flight
548651,5,4,3,1,0.8,0.3333333333333333,0.7333333333333334,Middle-age,High Spenders,0.0,0.27,1.6,0.625,0.8,1.0,0.13386880856760375,0.09000000000000001,0.05333333333333334,0.09370816599732262,0.272,0.7333333333333334,0.2773333333333333,0.4535,score_exclusive_discount
548653,3,2,5,3,0.6666666666666666,0.6,0.5333333333333333,Middle-age,Champions,0.0,0.27,2.6,0.625,1.0,1.0,0.13351134846461948,0.09000000000000001,0.08666666666666667,0.09345794392523363,0.272,0.5333333333333333,0.36066666666666664,0.4635,score_exclusive_discount
548672,2,1,6,3,0.5,0.5,0.5,Middle-age,High Spenders,0.0,0.38,1.25,0.5,1.0,1.0,0.11248593925759279,0.12666666666666668,0.041666666666666664,0.07874015748031495,0.30133333333333334,0.5,0.32916666666666666,0.3625,score_exclusive_discount
548708,3,1,5,2,0.3333333333333333,0.4,0.4666666666666667,Middle-age,Champions,0.0,0.0,6.0,0.375,1.0,0.6666666666666666,0.15723270440251572,0.0,0.2,0.110062893081761,0.13333333333333333,0.4666666666666667,0.43999999999999995,0.32249999999999995,score_exclusive_discount
548743,4,1,5,1,0.25,0.2,0.525,Youth,Low Spenders,0.0,1.0,2.0,0.2222222222222222,1.0,0.5,0.1044932079414838,0.3333333333333333,0.06666666666666667,0.07314524555903866,0.3666666666666667,0.525,0.3466666666666667,0.17555555555555552,score_exclusive_discount
548853,2,1,6,2,0.5,0.3333333333333333,0.5833333333333334,Middle-age,High Spenders,0.0,0.67,2.0,0.375,0.6666666666666666,0.6666666666666666,0.15313935681470137,0.22333333333333336,0.06666666666666667,0.10719754977029095,0.31200000000000006,0.5833333333333334,0.24666666666666665,0.2825,score_exclusive_discount
548859,3,1,5,2,0.3333333333333333,0.4,0.4666666666666667,Middle-age,Medium Spenders,0.0,0.67,3.0,0.375,1.0,1.0,0.1088139281828074,0.22333333333333336,0.1,0.07616974972796517,0.3786666666666667,0.4666666666666667,0.37,0.2925,score_exclusive_discount
548872,4,1,4,0,0.25,0.0,0.625,Youth,At Risk,0.0,0.0,4.0,0.125,1.0,0.0,1.0,0.0,0.13333333333333333,0.7,0.0,0.625,0.3933333333333333,0.1275,score_free_cancellation
548961,3,2,5,3,0.6666666666666666,0.6,0.5333333333333333,Middle-age,High Spenders,0.2,0.5,3.67,0.625,0.6,0.8,0.12224938875305624,0.16666666666666666,0.12233333333333334,0.08557457212713937,0.29333333333333333,0.5333333333333333,0.26563333333333333,0.4742,score_exclusive_discount
548967,1,0,8,6,0.0,0.75,0.125,Middle-age,Champions,0.0,0.33,4.67,0.6666666666666666,1.0,1.0,0.09182736455463728,0.11,0.15566666666666668,0.06427915518824609,0.28800000000000003,0.125,0.40896666666666665,0.5133666666666666,score_free_night_flight
548978,2,1,6,3,0.5,0.5,0.5,Middle-age,Champions,0.0,1.0,7.75,0.5,1.0,0.25,0.08620689655172414,0.3333333333333333,0.25833333333333336,0.0603448275862069,0.31666666666666665,0.5,0.48083333333333333,0.4275,score_exclusive_discount
548988,4,3,4,1,0.75,0.25,0.75,Middle-age,Medium Spenders,0.0,1.0,2.75,0.5,1.0,0.75,0.09765625,0.3333333333333333,0.09166666666666666,0.068359375,0.4166666666666667,0.75,0.36416666666666664,0.37749999999999995,score_exclusive_discount
548990,3,1,5,1,0.3333333333333333,0.2,0.5666666666666667,Middle-age,Low Spenders,0.0,1.0,4.0,0.25,1.0,0.5,0.14836795252225518,0.3333333333333333,0.13333333333333333,0.10385756676557863,0.3666666666666667,0.5666666666666667,0.3933333333333333,0.215,score_exclusive_discount
549058,4,1,4,1,0.25,0.25,0.5,Middle-age,Champions,0.0,0.75,8.0,0.25,1.0,1.0,0.005360205831903945,0.25,0.26666666666666666,0.003752144082332761,0.4,0.5,0.48666666666666664,0.255,score_exclusive_discount
549115,0,0,8,1,0.0,0.125,0.5,Middle-age,High Spenders,0.0,0.0,12.0,0.125,1.0,1.0,0.0039449287940352675,0.0,0.4,0.0027614501558246873,0.2,0.5,0.58,0.2075,score_free_meal
549116,2,0,6,3,0.0,0.5,0.25,Middle-age,Champions,0.0,0.0,5.0,0.375,1.0,1.0,0.16501650165016502,0.0,0.16666666666666666,0.11551155115511551,0.2,0.25,0.41666666666666663,0.31249999999999994,score_free_meal
549121,3,1,5,2,0.3333333333333333,0.4,0.4666666666666667,Elderly,At Risk,0.33,1.0,3.0,0.375,1.0,0.6666666666666666,0.12578616352201258,0.3333333333333333,0.1,0.0880503144654088,0.4,0.4666666666666667,0.37,0.2925,score_exclusive_discount
549141,3,1,5,1,0.3333333333333333,0.2,0.5666666666666667,Middle-age,Champions,0.0,0.0,4.0,0.25,1.0,0.0,1.0,0.0,0.13333333333333333,0.7,0.0,0.5666666666666667,0.3933333333333333,0.215,score_free_cancellation
549152,4,2,4,3,0.5,0.75,0.375,Middle-age,High Spenders,0.2,0.0,4.33,0.625,0.8,0.8,0.13003901170351104,0.0,0.14433333333333334,0.09102730819245772,0.16000000000000003,0.375,0.3410333333333333,0.4808,score_free_night_flight
549154,5,4,3,1,0.8,0.3333333333333333,0.7333333333333334,Middle-age,Champions,0.0,0.33,5.2,0.625,1.0,0.6,0.18450184501845018,0.11,0.17333333333333334,0.12915129151291513,0.20800000000000002,0.7333333333333334,0.42133333333333334,0.4895,score_exclusive_discount
549190,1,1,7,2,1.0,0.2857142857142857,0.8571428571428572,Youth,At Risk,0.33,0.0,6.0,0.375,0.6666666666666666,0.6666666666666666,1.0,0.0,0.2,0.7,0.13333333333333333,0.8571428571428572,0.33999999999999997,0.32249999999999995,score_exclusive_discount
549202,1,1,7,4,1.0,0.5714285714285714,0.7142857142857143,Middle-age,High Spenders,0.0,0.33,4.6,0.625,1.0,0.6,0.09970089730807578,0.11,0.15333333333333332,0.06979062811565305,0.20800000000000002,0.7142857142857143,0.4073333333333333,0.4835,score_exclusive_discount
549235,2,1,7,1,0.5,0.14285714285714285,0.6785714285714286,Middle-age,High Spenders,0.0,0.0,7.5,0.2222222222222222,1.0,0.0,1.0,0.0,0.25,0.7,0.0,0.6785714285714286,0.475,0.2305555555555555,score_free_cancellation
549251,0,0,8,2,0.0,0.25,0.5,Middle-age,Medium Spenders,0.0,0.0,1.5,0.25,0.5,1.0,0.007561436672967864,0.0,0.05,0.005293005671077504,0.2,0.5,0.185,0.19,score_exclusive_discount
549274,2,0,6,1,0.0,0.16666666666666666,0.4166666666666667,Middle-age,At Risk,0.0,1.0,1.0,0.125,1.0,1.0,0.13351134846461948,0.3333333333333333,0.03333333333333333,0.09345794392523363,0.4666666666666667,0.4166666666666667,0.3233333333333333,0.09749999999999999,score_free_checkedbag
549281,4,3,4,2,0.75,0.5,0.625,Middle-age,Champions,0.0,0.6,6.6,0.625,1.0,1.0,0.09900990099009901,0.19999999999999998,0.22,0.0693069306930693,0.36,0.625,0.45399999999999996,0.5035000000000001,score_exclusive_discount
549290,2,0,6,1,0.0,0.16666666666666666,0.4166666666666667,Youth,Low Spenders,0.0,0.0,11.0,0.125,1.0,0.0,1.0,0.0,0.36666666666666664,0.7,0.0,0.4166666666666667,0.5566666666666666,0.19749999999999998,score_free_cancellation
549292,3,0,5,3,0.0,0.6,0.2,Middle-age,Champions,0.0,0.67,2.0,0.375,1.0,1.0,0.10764262648008613,0.22333333333333336,0.06666666666666667,0.07534983853606028,0.3786666666666667,0.2,0.3466666666666667,0.2825,score_free_checkedbag
549293,2,0,6,0,0.0,0.0,0.5,0,0,0.0,0.0,0.0,0.0,0.0,0.0,0.0,0.0,0.0,0.0,0.0,0.5,0.0,0.0,score_exclusive_discount
549303,3,1,5,2,0.3333333333333333,0.4,0.4666666666666667,Middle-age,Medium Spenders,0.0,0.33,1.67,0.375,1.0,1.0,0.14184397163120568,0.11,0.05566666666666666,0.09929078014184398,0.28800000000000003,0.4666666666666667,0.33896666666666664,0.27919999999999995,score_exclusive_discount
549313,1,0,7,2,0.0,0.2857142857142857,0.35714285714285715,Middle-age,At Risk,0.0,0.0,1.5,0.25,1.0,1.0,0.11273957158962794,0.0,0.05,0.07891770011273955,0.2,0.35714285714285715,0.33499999999999996,0.19,score_exclusive_discount
549320,3,0,5,2,0.0,0.4,0.3,Youth,Low Spenders,0.0,0.0,4.5,0.25,1.0,0.0,1.0,0.0,0.15,0.7,0.0,0.3,0.40499999999999997,0.21999999999999997,score_free_cancellation
549357,4,1,5,1,0.25,0.2,0.525,Middle-age,Low Spenders,0.0,1.0,2.5,0.2222222222222222,0.5,1.0,0.08741258741258742,0.3333333333333333,0.08333333333333333,0.06118881118881119,0.4666666666666667,0.525,0.20833333333333331,0.18055555555555552,score_exclusive_discount
549359,2,0,6,3,0.0,0.5,0.25,Middle-age,High Spenders,0.0,0.33,2.33,0.375,1.0,1.0,0.12391573729863692,0.11,0.07766666666666668,0.08674101610904583,0.28800000000000003,0.25,0.35436666666666666,0.28579999999999994,score_free_meal
549361,3,2,5,2,0.6666666666666666,0.4,0.6333333333333333,Middle-age,High Spenders,0.0,0.88,3.5,0.5,1.0,1.0,0.11560693641618497,0.29333333333333333,0.11666666666666667,0.08092485549132947,0.4346666666666667,0.6333333333333333,0.38166666666666665,0.38499999999999995,score_exclusive_discount
549366,2,0,6,0,0.0,0.0,0.5,0,0,0.0,0.0,0.0,0.0,0.0,0.0,0.0,0.0,0.0,0.0,0.0,0.5,0.0,0.0,score_exclusive_discount
549367,1,1,7,3,1.0,0.42857142857142855,0.7857142857142857,Middle-age,Champions,0.0,0.17,3.75,0.5,1.0,0.75,0.10695187165775401,0.05666666666666667,0.125,0.0748663101604278,0.19533333333333336,0.7857142857142857,0.38749999999999996,0.38749999999999996,score_exclusive_discount
549377,3,2,5,3,0.6666666666666666,0.6,0.5333333333333333,Middle-age,Low Spenders,0.2,1.5,2.0,0.625,0.8,0.6,0.151285930408472,0.5,0.06666666666666667,0.10590015128593039,0.52,0.5333333333333333,0.2866666666666666,0.4575,score_exclusive_discount
549389,3,1,5,1,0.3333333333333333,0.2,0.5666666666666667,Youth,High Spenders,0.0,0.0,6.5,0.25,1.0,0.0,1.0,0.0,0.21666666666666667,0.7,0.0,0.5666666666666667,0.45166666666666666,0.24,score_free_cancellation
549390,4,1,4,2,0.25,0.5,0.375,Youth,High Spenders,0.0,0.0,10.33,0.375,1.0,0.0,1.0,0.0,0.3443333333333333,0.7,0.0,0.375,0.5410333333333333,0.36579999999999996,score_free_cancellation
549450,3,2,5,0,0.6666666666666666,0.0,0.8333333333333333,0,0,0.0,0.0,0.0,0.0,0.0,0.0,0.0,0.0,0.0,0.0,0.0,0.8333333333333333,0.0,0.0,score_exclusive_discount
549466,1,0,7,3,0.0,0.42857142857142855,0.2857142857142857,Middle-age,Low Spenders,0.0,0.33,0.67,0.375,0.6666666666666666,1.0,0.13333333333333333,0.11,0.022333333333333334,0.09333333333333332,0.28800000000000003,0.2857142857142857,0.21563333333333332,0.26919999999999994,score_free_checkedbag
549472,1,0,7,1,0.0,0.14285714285714285,0.4285714285714286,Youth,At Risk,0.0,0.0,1.0,0.125,1.0,1.0,0.0792393026941363,0.0,0.03333333333333333,0.05546751188589541,0.2,0.4285714285714286,0.3233333333333333,0.09749999999999999,score_exclusive_discount
549482,2,2,6,3,1.0,0.5,0.75,Middle-age,Champions,0.0,1.0,3.2,0.625,1.0,1.0,0.11778563015312131,0.3333333333333333,0.10666666666666667,0.08244994110718491,0.4666666666666667,0.75,0.37466666666666665,0.46950000000000003,score_exclusive_discount
549515,6,3,2,2,0.5,1.0,0.25,Middle-age,Champions,0.0,0.5,2.0,0.625,0.8,0.8,0.1267427122940431,0.16666666666666666,0.06666666666666667,0.08871989860583017,0.29333333333333333,0.25,0.2866666666666666,0.4575,score_free_night_flight
549569,4,2,4,1,0.5,0.25,0.625,Middle-age,Medium Spenders,0.0,0.33,1.67,0.375,0.6666666666666666,1.0,0.01408252358822701,0.11,0.05566666666666666,0.009857766511758907,0.28800000000000003,0.625,0.23896666666666666,0.27919999999999995,score_exclusive_discount
549572,1,1,7,3,1.0,0.42857142857142855,0.7857142857142857,Middle-age,High Spenders,0.0,0.33,2.75,0.5,1.0,1.0,0.12919896640826872,0.11,0.09166666666666666,0.0904392764857881,0.28800000000000003,0.7857142857142857,0.36416666666666664,0.37749999999999995,score_exclusive_discount
549579,3,0,5,1,0.0,0.2,0.4,Middle-age,At Risk,0.0,0.0,2.0,0.125,1.0,1.0,0.10010010010010009,0.0,0.06666666666666667,0.07007007007007006,0.2,0.4,0.3466666666666667,0.1075,score_exclusive_discount
549580,2,1,6,5,0.5,0.8333333333333334,0.3333333333333333,Middle-age,Champions,0.0,0.17,2.5,0.75,1.0,1.0,0.09000900090009001,0.05666666666666667,0.08333333333333333,0.063006300630063,0.24533333333333335,0.3333333333333333,0.35833333333333334,0.5499999999999999,score_free_night_flight
549584,2,0,6,2,0.0,0.3333333333333333,0.33333333333333337,Middle-age,High Spenders,0.0,1.0,6.0,0.25,1.0,1.0,0.13175230566534915,0.3333333333333333,0.2,0.0922266139657444,0.4666666666666667,0.33333333333333337,0.43999999999999995,0.235,score_free_checkedbag
549608,2,0,7,0,0.0,0.0,0.5,0,0,0.0,0.0,0.0,0.0,0.0,0.0,0.0,0.0,0.0,0.0,0.0,0.5,0.0,0.0,score_exclusive_discount
549611,2,1,7,5,0.5,0.7142857142857143,0.39285714285714285,Middle-age,Champions,0.0,0.25,2.33,0.6666666666666666,1.0,1.0,0.1347708894878706,0.08333333333333333,0.07766666666666668,0.09433962264150943,0.26666666666666666,0.39285714285714285,0.35436666666666666,0.4899666666666666,score_free_night_flight
549623,3,1,5,3,0.3333333333333333,0.6,0.3666666666666667,Middle-age,High Spenders,0.0,0.25,1.25,0.5,1.0,1.0,0.1297016861219196,0.08333333333333333,0.041666666666666664,0.0907911802853437,0.26666666666666666,0.3666666666666667,0.32916666666666666,0.3625,score_exclusive_discount
549631,3,1,6,3,0.3333333333333333,0.5,0.41666666666666663,Middle-age,High Spenders,0.0,0.75,4.25,0.4444444444444444,1.0,1.0,0.14224751066856328,0.25,0.14166666666666666,0.0995732574679943,0.4,0.41666666666666663,0.39916666666666667,0.35361111111111104,score_exclusive_discount
549710,3,1,5,4,0.3333333333333333,0.8,0.2666666666666666,Middle-age,Champions,0.0,0.5,4.6,0.625,1.0,0.8,0.1183431952662722,0.16666666666666666,0.15333333333333332,0.08284023668639054,0.29333333333333333,0.2666666666666666,0.4073333333333333,0.4835,score_free_night_flight
549714,4,1,4,1,0.25,0.25,0.5,Middle-age,Medium Spenders,0.0,1.0,2.0,0.25,1.0,1.0,0.15360983102918588,0.3333333333333333,0.06666666666666667,0.10752688172043011,0.4666666666666667,0.5,0.3466666666666667,0.19499999999999998,score_exclusive_discount
549733,0,0,8,2,0.0,0.25,0.5,Middle-age,High Spenders,0.0,0.5,2.5,0.25,0.5,1.0,0.006896551724137931,0.16666666666666666,0.08333333333333333,0.004827586206896551,0.33333333333333337,0.5,0.20833333333333331,0.19999999999999998,score_exclusive_discount
549746,3,3,5,3,1.0,0.6,0.7,Middle-age,Champions,0.0,0.9,3.67,0.75,1.0,0.8333333333333334,0.12531328320802004,0.3,0.12233333333333334,0.08771929824561403,0.4066666666666667,0.7,0.38563333333333333,0.5616999999999999,score_exclusive_discount
549759,1,0,7,0,0.0,0.0,0.5,0,0,0.0,0.0,0.0,0.0,0.0,0.0,0.0,0.0,0.0,0.0,0.0,0.5,0.0,0.0,score_exclusive_discount
549764,3,1,5,2,0.3333333333333333,0.4,0.4666666666666667,Middle-age,Medium Spenders,0.0,0.0,3.0,0.375,0.6666666666666666,0.6666666666666666,0.13297872340425532,0.0,0.1,0.09308510638297872,0.13333333333333333,0.4666666666666667,0.26999999999999996,0.2925,score_exclusive_discount
549777,1,1,7,0,1.0,0.0,1.0,Middle-age,At Risk,0.0,0.0,2.0,0.125,1.0,1.0,0.15151515151515152,0.0,0.06666666666666667,0.10606060606060606,0.2,1.0,0.3466666666666667,0.1075,score_exclusive_discount
549797,3,2,5,3,0.6666666666666666,0.6,0.5333333333333333,Middle-age,Champions,0.0,0.25,6.0,0.625,0.8,0.8,0.11990407673860912,0.08333333333333333,0.2,0.08393285371702637,0.22666666666666668,0.5333333333333333,0.38,0.4975,score_exclusive_discount
549800,1,1,7,1,1.0,0.14285714285714285,0.9285714285714286,Middle-age,Medium Spenders,0.0,2.0,1.0,0.25,0.5,1.0,0.11025358324145534,0.6666666666666666,0.03333333333333333,0.07717750826901873,0.7333333333333334,0.9285714285714286,0.17333333333333334,0.185,score_exclusive_discount
549850,3,1,5,3,0.3333333333333333,0.6,0.3666666666666667,Middle-age,Medium Spenders,0.0,0.25,5.5,0.5,1.0,1.0,0.018284878405558605,0.08333333333333333,0.18333333333333332,0.012799414883891023,0.26666666666666666,0.3666666666666667,0.42833333333333334,0.40499999999999997,score_free_meal
549894,2,0,7,1,0.0,0.14285714285714285,0.4285714285714286,Middle-age,At Risk,0.0,0.0,0.0,0.1111111111111111,0.0,1.0,0.06027727546714889,0.0,0.0,0.04219409282700422,0.2,0.4285714285714286,0.0,0.07777777777777777,score_exclusive_discount
549938,4,2,4,2,0.5,0.5,0.5,Middle-age,Low Spenders,0.25,1.0,4.0,0.5,1.0,0.75,0.11655011655011654,0.3333333333333333,0.13333333333333333,0.08158508158508157,0.4166666666666667,0.5,0.3933333333333333,0.38999999999999996,score_exclusive_discount
549988,2,0,7,1,0.0,0.14285714285714285,0.4285714285714286,Middle-age,At Risk,0.0,1.0,0.0,0.1111111111111111,0.0,1.0,0.11160714285714285,0.3333333333333333,0.0,0.07812499999999999,0.4666666666666667,0.4285714285714286,0.0,0.07777777777777777,score_free_checkedbag
549992,2,0,6,2,0.0,0.3333333333333333,0.33333333333333337,Middle-age,Low Spenders,0.0,0.5,0.5,0.25,0.5,1.0,0.08936550491510277,0.16666666666666666,0.016666666666666666,0.06255585344057193,0.33333333333333337,0.33333333333333337,0.16166666666666665,0.18,score_free_checkedbag
550017,4,2,4,3,0.5,0.75,0.375,Middle-age,Champions,0.0,0.67,5.0,0.625,1.0,0.6,0.10940919037199125,0.22333333333333336,0.16666666666666666,0.07658643326039387,0.2986666666666667,0.375,0.41666666666666663,0.4875,score_free_night_flight
550019,3,2,6,2,0.6666666666666666,0.3333333333333333,0.6666666666666666,Middle-age,High Spenders,0.0,0.5,2.0,0.4444444444444444,1.0,1.0,0.10952902519167579,0.16666666666666666,0.06666666666666667,0.07667031763417305,0.33333333333333337,0.6666666666666666,0.3466666666666667,0.3311111111111111,score_exclusive_discount
550022,3,0,5,0,0.0,0.0,0.5,0,0,0.0,0.0,0.0,0.0,0.0,0.0,0.0,0.0,0.0,0.0,0.0,0.5,0.0,0.0,score_exclusive_discount
550028,1,0,7,1,0.0,0.14285714285714285,0.4285714285714286,Elderly,At Risk,0.0,1.0,0.0,0.125,0.0,1.0,0.11025358324145534,0.3333333333333333,0.0,0.07717750826901873,0.4666666666666667,0.4285714285714286,0.0,0.0875,score_free_checkedbag
550068,2,2,6,2,1.0,0.3333333333333333,0.8333333333333334,Middle-age,Champions,0.0,0.5,6.0,0.5,1.0,0.5,0.11286681715575622,0.16666666666666666,0.2,0.07900677200902935,0.23333333333333334,0.8333333333333334,0.43999999999999995,0.41,score_exclusive_discount
550071,2,1,6,4,0.5,0.6666666666666666,0.4166666666666667,Middle-age,High Spenders,0.0,0.4,1.8,0.625,1.0,1.0,0.12453300124533,0.13333333333333333,0.060000000000000005,0.087173100871731,0.3066666666666667,0.4166666666666667,0.34199999999999997,0.4555,score_free_night_flight
550077,2,1,6,1,0.5,0.16666666666666666,0.6666666666666667,Middle-age,Low Spenders,0.0,0.0,1.0,0.25,1.0,1.0,0.08650519031141868,0.0,0.03333333333333333,0.06055363321799307,0.2,0.6666666666666667,0.3233333333333333,0.185,score_exclusive_discount
550105,2,0,6,2,0.0,0.3333333333333333,0.33333333333333337,Middle-age,Low Spenders,0.0,0.0,4.5,0.25,1.0,0.5,0.1362397820163488,0.0,0.15,0.09536784741144415,0.1,0.33333333333333337,0.40499999999999997,0.21999999999999997,score_free_meal
550110,3,1,6,3,0.3333333333333333,0.5,0.41666666666666663,Middle-age,Medium Spenders,0.25,0.5,6.5,0.4444444444444444,1.0,1.0,0.11600928074245938,0.16666666666666666,0.21666666666666667,0.08120649651972156,0.33333333333333337,0.41666666666666663,0.45166666666666666,0.37611111111111106,score_free_meal
550134,4,1,4,1,0.25,0.25,0.5,Middle-age,Low Spenders,0.0,0.0,1.0,0.25,1.0,1.0,0.13192612137203166,0.0,0.03333333333333333,0.09234828496042216,0.2,0.5,0.3233333333333333,0.185,score_exclusive_discount
550193,3,1,5,0,0.3333333333333333,0.0,0.6666666666666666,Middle-age,At Risk,0.0,0.0,2.0,0.125,1.0,0.0,1.0,0.0,0.06666666666666667,0.7,0.0,0.6666666666666666,0.3466666666666667,0.1075,score_free_cancellation
550200,1,1,7,1,1.0,0.14285714285714285,0.9285714285714286,Middle-age,High Spenders,0.0,0.5,6.5,0.25,1.0,1.0,0.12484394506866417,0.16666666666666666,0.21666666666666667,0.08739076154806491,0.33333333333333337,0.9285714285714286,0.45166666666666666,0.24,score_exclusive_discount
550202,0,0,8,5,0.0,0.625,0.5,Middle-age,Champions,0.0,0.2,2.6,0.625,0.8,1.0,0.014196479273140262,0.06666666666666667,0.08666666666666667,0.009937535491198182,0.25333333333333335,0.5,0.30066666666666664,0.4635,score_exclusive_discount
550221,2,1,7,2,0.5,0.2857142857142857,0.6071428571428572,Middle-age,High Spenders,0.0,0.67,1.33,0.3333333333333333,1.0,1.0,0.1016260162601626,0.22333333333333336,0.044333333333333336,0.07113821138211382,0.3786666666666667,0.6071428571428572,0.33103333333333335,0.24663333333333332,score_exclusive_discount
550222,3,1,5,2,0.3333333333333333,0.4,0.4666666666666667,Middle-age,High Spenders,0.0,1.0,2.67,0.375,1.0,1.0,0.09823182711198429,0.3333333333333333,0.089,0.068762278978389,0.4666666666666667,0.4666666666666667,0.36229999999999996,0.28919999999999996,score_free_checkedbag
550229,1,0,7,3,0.0,0.42857142857142855,0.2857142857142857,Middle-age,High Spenders,0.0,0.33,2.33,0.375,1.0,1.0,0.10683760683760685,0.11,0.07766666666666668,0.07478632478632478,0.28800000000000003,0.2857142857142857,0.35436666666666666,0.28579999999999994,score_free_meal
550233,2,1,6,3,0.5,0.5,0.5,Middle-age,Champions,0.0,0.75,2.75,0.5,1.0,1.0,0.13661202185792348,0.25,0.09166666666666666,0.09562841530054643,0.4,0.5,0.36416666666666664,0.37749999999999995,score_exclusive_discount
550298,0,0,8,1,0.0,0.125,0.5,Youth,At Risk,0.0,0.0,8.0,0.125,1.0,0.0,1.0,0.0,0.26666666666666666,0.7,0.0,0.5,0.48666666666666664,0.16749999999999998,score_free_cancellation
550300,2,1,7,3,0.5,0.42857142857142855,0.5357142857142857,Middle-age,High Spenders,0.0,0.0,1.25,0.4444444444444444,1.0,1.0,0.12091898428053205,0.0,0.041666666666666664,0.08464328899637243,0.2,0.5357142857142857,0.32916666666666666,0.32361111111111107,score_exclusive_discount
550317,5,2,3,1,0.4,0.3333333333333333,0.5333333333333333,Middle-age,High Spenders,0.0,1.0,7.0,0.375,1.0,0.3333333333333333,0.07905138339920949,0.3333333333333333,0.23333333333333334,0.05533596837944664,0.3333333333333333,0.5333333333333333,0.4633333333333333,0.33249999999999996,score_exclusive_discount
550400,4,2,4,1,0.5,0.25,0.625,Elderly,Medium Spenders,0.33,0.0,7.0,0.375,0.6666666666666666,1.0,0.13333333333333333,0.0,0.23333333333333334,0.09333333333333332,0.2,0.625,0.3633333333333333,0.33249999999999996,score_exclusive_discount
550421,2,0,6,1,0.0,0.16666666666666666,0.4166666666666667,Middle-age,At Risk,0.0,0.0,2.0,0.125,1.0,1.0,0.08291873963515754,0.0,0.06666666666666667,0.058043117744610274,0.2,0.4166666666666667,0.3466666666666667,0.1075,score_exclusive_discount
550426,4,2,5,2,0.5,0.4,0.55,Middle-age,Champions,0.0,0.0,7.25,0.4444444444444444,1.0,0.75,0.12062726176115804,0.0,0.24166666666666667,0.08443908323281062,0.15000000000000002,0.55,0.4691666666666666,0.38361111111111107,score_exclusive_discount
550442,1,0,7,2,0.0,0.2857142857142857,0.35714285714285715,Middle-age,Low Spenders,0.0,0.0,5.5,0.25,1.0,0.5,0.13003901170351104,0.0,0.18333333333333332,0.09102730819245772,0.1,0.35714285714285715,0.42833333333333334,0.22999999999999998,score_free_meal
550455,5,0,3,2,0.0,0.6666666666666666,0.16666666666666669,Middle-age,Medium Spenders,0.0,0.0,5.0,0.25,1.0,0.5,0.12658227848101264,0.0,0.16666666666666666,0.08860759493670885,0.1,0.16666666666666669,0.41666666666666663,0.22499999999999998,score_free_meal
550459,0,0,9,4,0.0,0.4444444444444444,0.5,Middle-age,Medium Spenders,0.0,0.5,3.0,0.4444444444444444,0.75,1.0,0.11778563015312131,0.16666666666666666,0.1,0.08244994110718491,0.33333333333333337,0.5,0.295,0.34111111111111103,score_exclusive_discount
550460,4,2,4,2,0.5,0.5,0.5,Middle-age,High Spenders,0.0,0.0,4.5,0.5,1.0,0.75,0.12224938875305624,0.0,0.15,0.08557457212713937,0.15000000000000002,0.5,0.40499999999999997,0.39499999999999996,score_exclusive_discount
550482,3,0,5,0,0.0,0.0,0.5,0,0,0.0,0.0,0.0,0.0,0.0,0.0,0.0,0.0,0.0,0.0,0.0,0.5,0.0,0.0,score_exclusive_discount
550506,5,1,3,1,0.2,0.3333333333333333,0.43333333333333335,Middle-age,Champions,0.0,0.33,5.0,0.25,1.0,0.5,0.13071895424836602,0.11,0.16666666666666666,0.0915032679738562,0.188,0.43333333333333335,0.41666666666666663,0.22499999999999998,score_exclusive_discount
550514,4,2,4,1,0.5,0.25,0.625,Middle-age,Low Spenders,0.33,0.0,4.0,0.375,0.6666666666666666,0.6666666666666666,1.0,0.0,0.13333333333333333,0.7,0.13333333333333333,0.625,0.29333333333333333,0.30249999999999994,score_free_cancellation
550572,2,1,7,2,0.5,0.2857142857142857,0.6071428571428572,Middle-age,Champions,0.0,1.0,3.33,0.3333333333333333,1.0,0.6666666666666666,0.09737098344693282,0.3333333333333333,0.111,0.06815968841285297,0.4,0.6071428571428572,0.3777,0.2666333333333333,score_exclusive_discount
550579,5,3,3,2,0.6,0.6666666666666666,0.4666666666666667,Middle-age,Champions,0.0,1.0,3.0,0.625,0.6,1.0,0.016926201760324982,0.3333333333333333,0.1,0.011848341232227487,0.4666666666666667,0.4666666666666667,0.25,0.4675,score_free_night_flight
550599,1,0,7,2,0.0,0.2857142857142857,0.35714285714285715,Middle-age,At Risk,0.0,0.5,0.0,0.25,0.0,1.0,0.13458950201884254,0.16666666666666666,0.0,0.09421265141318977,0.33333333333333337,0.35714285714285715,0.0,0.175,score_exclusive_discount
550627,2,1,7,0,0.5,0.0,0.75,Elderly,Champions,0.0,0.5,0.0,0.1111111111111111,0.0,1.0,0.003932672644329086,0.16666666666666666,0.0,0.0027528708510303596,0.33333333333333337,0.75,0.0,0.07777777777777777,score_exclusive_discount
550703,0,0,8,2,0.0,0.25,0.5,Elderly,Champions,0.0,0.0,10.5,0.25,1.0,0.0,1.0,0.0,0.35,0.7,0.0,0.5,0.5449999999999999,0.27999999999999997,score_free_cancellation
550711,0,0,8,1,0.0,0.125,0.5,Youth,At Risk,0.0,0.0,1.0,0.125,1.0,1.0,0.1485884101040119,0.0,0.03333333333333333,0.10401188707280831,0.2,0.5,0.3233333333333333,0.09749999999999999,score_exclusive_discount
550752,2,0,8,2,0.0,0.25,0.375,Middle-age,Low Spenders,0.0,0.0,3.0,0.2,1.0,1.0,0.15220700152207,0.0,0.1,0.106544901065449,0.2,0.375,0.37,0.16999999999999998,score_exclusive_discount
550754,1,1,9,2,1.0,0.2222222222222222,0.8888888888888888,Middle-age,High Spenders,0.0,0.33,4.67,0.3,1.0,1.0,0.13192612137203166,0.11,0.15566666666666668,0.09234828496042216,0.28800000000000003,0.8888888888888888,0.40896666666666665,0.2567,score_exclusive_discount
550796,3,3,5,1,1.0,0.2,0.9,Middle-age,Champions,0.0,0.5,4.5,0.5,0.75,0.25,0.003547860640034059,0.16666666666666666,0.15,0.0024835024480238414,0.18333333333333335,0.9,0.32999999999999996,0.39499999999999996,score_exclusive_discount
550804,1,0,7,1,0.0,0.14285714285714285,0.4285714285714286,Middle-age,At Risk,0.0,0.0,1.0,0.125,1.0,1.0,0.1336898395721925,0.0,0.03333333333333333,0.09358288770053474,0.2,0.4285714285714286,0.3233333333333333,0.09749999999999999,score_exclusive_discount
550805,3,2,5,4,0.6666666666666666,0.8,0.4333333333333333,Middle-age,High Spenders,0.0,0.8,2.33,0.75,0.6666666666666666,0.8333333333333334,0.12453300124533,0.26666666666666666,0.07766666666666668,0.087173100871731,0.38,0.4333333333333333,0.25436666666666663,0.5482999999999999,score_free_night_flight
550830,2,1,6,1,0.5,0.16666666666666666,0.6666666666666667,0,0,0.0,0.0,0.0,0.0,0.0,0.0,0.0,0.0,0.0,0.0,0.0,0.6666666666666667,0.0,0.0,score_exclusive_discount
550868,0,0,8,1,0.0,0.125,0.5,Middle-age,At Risk,0.0,0.0,1.0,0.125,1.0,1.0,0.15503875968992248,0.0,0.03333333333333333,0.10852713178294573,0.2,0.5,0.3233333333333333,0.09749999999999999,score_exclusive_discount
550871,3,0,5,3,0.0,0.6,0.2,Middle-age,Medium Spenders,0.0,0.33,2.0,0.375,1.0,1.0,0.09433962264150944,0.11,0.06666666666666667,0.0660377358490566,0.28800000000000003,0.2,0.3466666666666667,0.2825,score_free_meal
550887,1,0,8,2,0.0,0.25,0.375,Youth,Champions,0.0,0.0,15.0,0.2222222222222222,1.0,0.0,1.0,0.0,0.5,0.7,0.0,0.375,0.6499999999999999,0.3055555555555555,score_free_cancellation
550904,3,1,6,4,0.3333333333333333,0.6666666666666666,0.33333333333333337,Middle-age,Champions,0.0,0.4,1.8,0.5555555555555556,1.0,1.0,0.1272264631043257,0.13333333333333333,0.060000000000000005,0.08905852417302798,0.3066666666666667,0.33333333333333337,0.34199999999999997,0.4068888888888889,score_free_night_flight
550973,2,1,8,3,0.5,0.375,0.5625,Middle-age,Low Spenders,0.0,0.75,1.5,0.4,1.0,1.0,0.11806375442739081,0.25,0.05,0.08264462809917356,0.4,0.5625,0.33499999999999996,0.295,score_exclusive_discount
550985,3,2,5,0,0.6666666666666666,0.0,0.8333333333333333,Middle-age,Champions,0.0,0.0,3.0,0.25,1.0,1.0,0.12048192771084336,0.0,0.1,0.08433734939759034,0.2,0.8333333333333333,0.37,0.205,score_exclusive_discount
551023,4,3,4,2,0.75,0.5,0.625,Middle-age,Medium Spenders,0.2,0.67,1.67,0.625,0.6,1.0,0.09389671361502347,0.22333333333333336,0.05566666666666666,0.06572769953051642,0.3786666666666667,0.625,0.21896666666666664,0.4542,score_exclusive_discount
551032,3,1,5,2,0.3333333333333333,0.4,0.4666666666666667,Middle-age,Medium Spenders,0.0,0.33,5.67,0.375,1.0,1.0,0.1234567901234568,0.11,0.189,0.08641975308641975,0.28800000000000003,0.4666666666666667,0.4323,0.31919999999999993,score_exclusive_discount
551042,4,2,4,3,0.5,0.75,0.375,Middle-age,High Spenders,0.0,0.33,2.6,0.625,1.0,0.6,0.08912655971479501,0.11,0.08666666666666667,0.062388591800356503,0.20800000000000002,0.375,0.36066666666666664,0.4635,score_free_night_flight
551051,3,1,5,0,0.3333333333333333,0.0,0.6666666666666666,Middle-age,At Risk,0.0,0.0,9.0,0.125,1.0,0.0,1.0,0.0,0.3,0.7,0.0,0.6666666666666666,0.51,0.1775,score_free_cancellation
551088,1,1,8,4,1.0,0.5,0.75,Middle-age,Champions,0.0,0.0,3.6,0.5555555555555556,1.0,0.6,0.08984725965858041,0.0,0.12000000000000001,0.06289308176100629,0.12,0.75,0.384,0.42488888888888887,score_exclusive_discount
551116,1,0,7,2,0.0,0.2857142857142857,0.35714285714285715,Middle-age,High Spenders,0.0,1.0,5.5,0.25,1.0,1.0,0.09930486593843098,0.3333333333333333,0.18333333333333332,0.06951340615690169,0.4666666666666667,0.35714285714285715,0.42833333333333334,0.22999999999999998,score_free_checkedbag
551166,4,1,4,1,0.25,0.25,0.5,Middle-age,Medium Spenders,0.0,1.0,5.0,0.25,1.0,0.5,0.14662756598240467,0.3333333333333333,0.16666666666666666,0.10263929618768326,0.3666666666666667,0.5,0.41666666666666663,0.22499999999999998,score_exclusive_discount
551210,3,0,5,0,0.0,0.0,0.5,0,0,0.0,0.0,0.0,0.0,0.0,0.0,0.0,0.0,0.0,0.0,0.0,0.5,0.0,0.0,score_exclusive_discount
551211,2,0,6,0,0.0,0.0,0.5,0,0,0.0,0.0,0.0,0.0,0.0,0.0,0.0,0.0,0.0,0.0,0.0,0.5,0.0,0.0,score_exclusive_discount
551217,3,1,5,3,0.3333333333333333,0.6,0.3666666666666667,Middle-age,High Spenders,0.0,0.25,5.5,0.5,1.0,1.0,0.13262599469496023,0.08333333333333333,0.18333333333333332,0.09283819628647215,0.26666666666666666,0.3666666666666667,0.42833333333333334,0.40499999999999997,score_free_meal
551237,2,0,6,2,0.0,0.3333333333333333,0.33333333333333337,Middle-age,At Risk,0.0,0.5,0.5,0.25,0.5,1.0,0.16181229773462785,0.16666666666666666,0.016666666666666666,0.11326860841423948,0.33333333333333337,0.33333333333333337,0.16166666666666665,0.18,score_free_checkedbag
551241,1,0,7,3,0.0,0.42857142857142855,0.2857142857142857,Middle-age,Medium Spenders,0.0,0.5,2.67,0.375,0.6666666666666666,0.6666666666666666,0.10857763300760043,0.16666666666666666,0.089,0.0760043431053203,0.26666666666666666,0.2857142857142857,0.2623,0.28919999999999996,score_free_night_flight
551245,2,1,8,1,0.5,0.125,0.6875,0,0,0.0,0.0,0.0,0.0,0.0,0.0,0.0,0.0,0.0,0.0,0.0,0.6875,0.0,0.0,score_exclusive_discount
551278,2,0,6,2,0.0,0.3333333333333333,0.33333333333333337,Middle-age,Low Spenders,0.0,0.0,0.5,0.25,0.5,1.0,0.1234567901234568,0.0,0.016666666666666666,0.08641975308641975,0.2,0.33333333333333337,0.16166666666666665,0.18,score_exclusive_discount
551282,3,2,5,2,0.6666666666666666,0.4,0.6333333333333333,Middle-age,Low Spenders,0.0,0.75,2.0,0.5,1.0,1.0,0.125,0.25,0.06666666666666667,0.0875,0.4,0.6333333333333333,0.3466666666666667,0.37,score_exclusive_discount
551331,2,1,6,2,0.5,0.3333333333333333,0.5833333333333334,Middle-age,High Spenders,0.0,0.83,3.0,0.375,1.0,1.0,0.10152284263959391,0.27666666666666667,0.1,0.07106598984771573,0.42133333333333334,0.5833333333333334,0.37,0.2925,score_exclusive_discount
551340,3,0,5,2,0.0,0.4,0.3,Middle-age,High Spenders,0.0,1.0,2.5,0.25,0.5,0.5,0.005064316823660488,0.3333333333333333,0.08333333333333333,0.0035450217765623415,0.3666666666666667,0.3,0.20833333333333331,0.19999999999999998,score_free_checkedbag
551359,1,0,7,5,0.0,0.7142857142857143,0.14285714285714285,Middle-age,Champions,0.0,1.0,4.8,0.625,1.0,0.6,0.10570824524312895,0.3333333333333333,0.16,0.07399577167019027,0.38666666666666666,0.14285714285714285,0.412,0.4855,score_free_night_flight
551430,1,0,7,2,0.0,0.2857142857142857,0.35714285714285715,Middle-age,High Spenders,0.0,0.75,2.0,0.25,1.0,1.0,0.11481056257175659,0.25,0.06666666666666667,0.08036739380022961,0.4,0.35714285714285715,0.3466666666666667,0.19499999999999998,score_free_checkedbag
551431,2,0,7,0,0.0,0.0,0.5,0,0,0.0,0.0,0.0,0.0,0.0,0.0,0.0,0.0,0.0,0.0,0.0,0.5,0.0,0.0,score_exclusive_discount
551448,2,1,6,2,0.5,0.3333333333333333,0.5833333333333334,Middle-age,Medium Spenders,0.0,0.33,0.67,0.375,0.6666666666666666,1.0,0.09090909090909091,0.11,0.022333333333333334,0.06363636363636363,0.28800000000000003,0.5833333333333334,0.21563333333333332,0.26919999999999994,score_exclusive_discount
551468,0,0,8,4,0.0,0.5,0.5,Middle-age,Champions,0.0,0.5,4.5,0.5,1.0,1.0,0.11933174224343678,0.16666666666666666,0.15,0.08353221957040574,0.33333333333333337,0.5,0.40499999999999997,0.39499999999999996,score_exclusive_discount
551473,2,1,6,0,0.5,0.0,0.75,Elderly,At Risk,0.0,0.0,2.0,0.125,1.0,0.0,1.0,0.0,0.06666666666666667,0.7,0.0,0.75,0.3466666666666667,0.1075,score_exclusive_discount
551486,2,0,7,1,0.0,0.14285714285714285,0.4285714285714286,Youth,Medium Spenders,0.0,0.0,1.0,0.1111111111111111,1.0,1.0,0.10351966873706003,0.0,0.03333333333333333,0.07246376811594202,0.2,0.4285714285714286,0.3233333333333333,0.08777777777777776,score_exclusive_discount
551488,3,0,5,2,0.0,0.4,0.3,Middle-age,Champions,0.0,0.0,16.0,0.25,1.0,0.0,1.0,0.0,0.5333333333333333,0.7,0.0,0.3,0.6733333333333333,0.33499999999999996,score_free_cancellation
551501,5,0,3,0,0.0,0.0,0.5,0,0,0.0,0.0,0.0,0.0,0.0,0.0,0.0,0.0,0.0,0.0,0.0,0.5,0.0,0.0,score_exclusive_discount
551549,1,0,7,3,0.0,0.42857142857142855,0.2857142857142857,Middle-age,Low Spenders,0.0,0.0,0.67,0.375,0.6666666666666666,1.0,0.11614401858304298,0.0,0.022333333333333334,0.08130081300813008,0.2,0.2857142857142857,0.21563333333333332,0.26919999999999994,score_exclusive_discount
551560,5,1,3,0,0.2,0.0,0.6,Middle-age,At Risk,0.0,0.0,1.0,0.125,1.0,1.0,0.10224948875255624,0.0,0.03333333333333333,0.07157464212678936,0.2,0.6,0.3233333333333333,0.09749999999999999,score_exclusive_discount
551567,1,1,7,5,1.0,0.7142857142857143,0.6428571428571428,Middle-age,Champions,0.0,0.75,3.33,0.75,1.0,1.0,0.1044932079414838,0.25,0.111,0.07314524555903866,0.4,0.6428571428571428,0.3777,0.5582999999999999,score_exclusive_discount
551576,3,0,5,1,0.0,0.2,0.4,Youth,At Risk,0.0,1.0,3.0,0.125,1.0,1.0,0.1288659793814433,0.3333333333333333,0.1,0.09020618556701031,0.4666666666666667,0.4,0.37,0.1175,score_free_checkedbag
551600,4,0,4,1,0.0,0.25,0.375,Youth,Champions,0.0,0.5,7.0,0.125,1.0,1.0,0.15432098765432098,0.16666666666666666,0.23333333333333334,0.10802469135802469,0.33333333333333337,0.375,0.4633333333333333,0.15749999999999997,score_free_meal
551615,5,1,3,1,0.2,0.3333333333333333,0.43333333333333335,Middle-age,At Risk,0.0,0.0,2.0,0.25,0.5,0.5,0.09250693802035152,0.0,0.06666666666666667,0.06475485661424606,0.1,0.43333333333333335,0.19666666666666666,0.19499999999999998,score_exclusive_discount
551620,5,3,3,0,0.6,0.0,0.8,Middle-age,Low Spenders,0.0,0.0,2.0,0.375,0.6666666666666666,0.6666666666666666,0.13003901170351104,0.0,0.06666666666666667,0.09102730819245772,0.13333333333333333,0.8,0.24666666666666665,0.2825,score_exclusive_discount
551622,3,1,5,1,0.3333333333333333,0.2,0.5666666666666667,0,0,0.0,0.0,0.0,0.0,0.0,0.0,0.0,0.0,0.0,0.0,0.0,0.5666666666666667,0.0,0.0,score_exclusive_discount
551627,0,0,8,2,0.0,0.25,0.5,Middle-age,Low Spenders,0.0,1.5,2.0,0.25,0.5,1.0,0.12562814070351758,0.5,0.06666666666666667,0.0879396984924623,0.6000000000000001,0.5,0.19666666666666666,0.19499999999999998,score_free_checkedbag
551662,2,0,6,1,0.0,0.16666666666666666,0.4166666666666667,Middle-age,At Risk,0.0,0.0,3.0,0.125,1.0,1.0,0.11820330969267138,0.0,0.1,0.08274231678486997,0.2,0.4166666666666667,0.37,0.1175,score_exclusive_discount
551665,2,1,6,3,0.5,0.5,0.5,Middle-age,Medium Spenders,0.0,0.33,4.0,0.5,1.0,0.75,0.13280212483399734,0.11,0.13333333333333333,0.09296148738379813,0.23800000000000004,0.5,0.3933333333333333,0.38999999999999996,score_exclusive_discount
551671,1,0,7,0,0.0,0.0,0.5,0,0,0.0,0.0,0.0,0.0,0.0,0.0,0.0,0.0,0.0,0.0,0.0,0.5,0.0,0.0,score_exclusive_discount
551681,3,1,5,1,0.3333333333333333,0.2,0.5666666666666667,Middle-age,Champions,0.0,0.5,1.0,0.25,1.0,1.0,0.1231527093596059,0.16666666666666666,0.03333333333333333,0.08620689655172413,0.33333333333333337,0.5666666666666667,0.3233333333333333,0.185,score_exclusive_discount
551685,4,0,4,1,0.0,0.25,0.375,Elderly,Low Spenders,0.0,0.0,3.0,0.125,1.0,1.0,0.15723270440251572,0.0,0.1,0.110062893081761,0.2,0.375,0.37,0.1175,score_exclusive_discount
551718,1,0,7,3,0.0,0.42857142857142855,0.2857142857142857,Middle-age,Champions,0.0,0.5,6.67,0.375,1.0,0.6666666666666666,0.0947867298578199,0.16666666666666666,0.22233333333333333,0.06635071090047392,0.26666666666666666,0.2857142857142857,0.45563333333333333,0.32919999999999994,score_free_meal
551729,1,1,7,0,1.0,0.0,1.0,Youth,At Risk,0.0,0.0,1.0,0.125,1.0,1.0,0.11655011655011654,0.0,0.03333333333333333,0.08158508158508157,0.2,1.0,0.3233333333333333,0.09749999999999999,score_exclusive_discount
551804,7,4,1,1,0.5714285714285714,1.0,0.2857142857142857,Middle-age,Champions,0.0,0.25,3.2,0.625,1.0,0.8,0.11574074074074073,0.08333333333333333,0.10666666666666667,0.0810185185185185,0.22666666666666668,0.2857142857142857,0.37466666666666665,0.46950000000000003,score_free_night_flight
551834,1,0,7,3,0.0,0.42857142857142855,0.2857142857142857,Middle-age,Medium Spenders,0.0,0.0,2.67,0.375,0.6666666666666666,0.6666666666666666,0.12285012285012284,0.0,0.089,0.08599508599508598,0.13333333333333333,0.2857142857142857,0.2623,0.28919999999999996,score_free_night_flight
551847,3,1,5,1,0.3333333333333333,0.2,0.5666666666666667,Middle-age,Medium Spenders,0.0,0.5,6.5,0.25,1.0,1.0,0.1597444089456869,0.16666666666666666,0.21666666666666667,0.11182108626198081,0.33333333333333337,0.5666666666666667,0.45166666666666666,0.24,score_exclusive_discount
551890,4,2,4,2,0.5,0.5,0.5,Middle-age,Champions,0.0,0.83,2.0,0.5,0.75,0.75,0.08237232289950576,0.27666666666666667,0.06666666666666667,0.05766062602965403,0.3713333333333334,0.5,0.2716666666666666,0.37,score_exclusive_discount
551908,4,0,4,0,0.0,0.0,0.5,0,0,0.0,0.0,0.0,0.0,0.0,0.0,0.0,0.0,0.0,0.0,0.0,0.5,0.0,0.0,score_exclusive_discount
551914,0,0,8,2,0.0,0.25,0.5,Middle-age,Low Spenders,0.0,1.0,1.0,0.25,1.0,1.0,0.1404494382022472,0.3333333333333333,0.03333333333333333,0.09831460674157304,0.4666666666666667,0.5,0.3233333333333333,0.185,score_exclusive_discount
551935,2,0,6,1,0.0,0.16666666666666666,0.4166666666666667,Elderly,Medium Spenders,0.0,0.0,8.0,0.125,1.0,0.0,1.0,0.0,0.26666666666666666,0.7,0.0,0.4166666666666667,0.48666666666666664,0.16749999999999998,score_free_cancellation
551963,6,3,2,1,0.5,0.5,0.5,Middle-age,High Spenders,0.0,0.75,1.0,0.5,0.75,1.0,0.11976047904191617,0.25,0.03333333333333333,0.08383233532934131,0.4,0.5,0.2483333333333333,0.36,score_exclusive_discount
551967,2,1,6,2,0.5,0.3333333333333333,0.5833333333333334,Middle-age,Champions,0.0,0.67,2.33,0.375,1.0,0.6666666666666666,0.16051364365971107,0.22333333333333336,0.07766666666666668,0.11235955056179775,0.31200000000000006,0.5833333333333334,0.35436666666666666,0.28579999999999994,score_exclusive_discount
551978,0,0,8,2,0.0,0.25,0.5,Youth,Low Spenders,0.0,3.0,4.0,0.25,1.0,0.5,0.1322751322751323,1.0,0.13333333333333333,0.0925925925925926,0.9,0.5,0.3933333333333333,0.215,score_free_checkedbag
551990,1,0,8,3,0.0,0.375,0.3125,Youth,Champions,0.0,0.0,6.67,0.3333333333333333,1.0,0.6666666666666666,0.11547344110854503,0.0,0.22233333333333333,0.08083140877598152,0.13333333333333333,0.3125,0.45563333333333333,0.3000333333333333,score_free_meal
552036,3,0,6,1,0.0,0.16666666666666666,0.4166666666666667,Middle-age,High Spenders,0.0,0.0,4.0,0.1111111111111111,1.0,1.0,0.111731843575419,0.0,0.13333333333333333,0.0782122905027933,0.2,0.4166666666666667,0.3933333333333333,0.11777777777777776,score_exclusive_discount
552088,3,1,5,2,0.3333333333333333,0.4,0.4666666666666667,Middle-age,Low Spenders,0.0,0.0,3.33,0.375,1.0,0.6666666666666666,0.10893246187363835,0.0,0.111,0.07625272331154684,0.13333333333333333,0.4666666666666667,0.3777,0.29579999999999995,score_exclusive_discount
552165,0,0,8,0,0.0,0.0,0.5,0,0,0.0,0.0,0.0,0.0,0.0,0.0,0.0,0.0,0.0,0.0,0.0,0.5,0.0,0.0,score_exclusive_discount
552172,4,2,4,3,0.5,0.75,0.375,Middle-age,Medium Spenders,0.2,0.0,3.33,0.625,1.0,0.8,0.11918951132300357,0.0,0.111,0.0834326579261025,0.16000000000000003,0.375,0.3777,0.4708,score_free_night_flight
552192,0,0,8,5,0.0,0.625,0.5,Middle-age,High Spenders,0.0,0.5,1.8,0.625,1.0,0.8,0.12269938650306748,0.16666666666666666,0.060000000000000005,0.08588957055214723,0.29333333333333333,0.5,0.34199999999999997,0.4555,score_exclusive_discount
552209,2,1,6,0,0.5,0.0,0.75,Middle-age,Low Spenders,0.0,0.33,0.0,0.125,0.0,1.0,0.10857763300760043,0.11,0.0,0.0760043431053203,0.28800000000000003,0.75,0.0,0.0875,score_exclusive_discount
552302,1,0,7,0,0.0,0.0,0.5,0,0,0.0,0.0,0.0,0.0,0.0,0.0,0.0,0.0,0.0,0.0,0.0,0.5,0.0,0.0,score_exclusive_discount
552303,1,0,7,4,0.0,0.5714285714285714,0.2142857142857143,Middle-age,High Spenders,0.0,0.67,6.0,0.5,1.0,0.75,0.13966480446927373,0.22333333333333336,0.2,0.09776536312849161,0.3286666666666667,0.2142857142857143,0.43999999999999995,0.41,score_free_meal
552313,2,0,6,6,0.0,1.0,0.0,Middle-age,Champions,0.0,0.5,2.83,0.75,0.8333333333333334,1.0,0.12019230769230768,0.16666666666666666,0.09433333333333334,0.08413461538461538,0.33333333333333337,0.0,0.31603333333333333,0.5532999999999999,score_free_night_flight
552314,3,1,5,3,0.3333333333333333,0.6,0.3666666666666667,Middle-age,Medium Spenders,0.0,0.33,1.5,0.5,0.5,0.75,0.11098779134295228,0.11,0.05,0.07769145394006659,0.23800000000000004,0.3666666666666667,0.185,0.365,score_exclusive_discount
552345,2,0,6,3,0.0,0.5,0.25,Middle-age,Champions,0.0,0.33,1.0,0.375,1.0,1.0,0.14285714285714285,0.11,0.03333333333333333,0.09999999999999999,0.28800000000000003,0.25,0.3233333333333333,0.27249999999999996,score_free_meal
552348,2,1,6,3,0.5,0.5,0.5,Middle-age,High Spenders,0.0,0.5,1.75,0.5,1.0,1.0,0.12690355329949238,0.16666666666666666,0.058333333333333334,0.08883248730964466,0.33333333333333337,0.5,0.3408333333333333,0.3675,score_exclusive_discount
552363,2,2,6,1,1.0,0.16666666666666666,0.9166666666666667,Middle-age,Medium Spenders,0.0,1.0,2.67,0.375,1.0,1.0,0.11001100110011001,0.3333333333333333,0.089,0.077007700770077,0.4666666666666667,0.9166666666666667,0.36229999999999996,0.28919999999999996,score_exclusive_discount
552364,3,0,5,1,0.0,0.2,0.4,Middle-age,Low Spenders,0.0,0.0,4.0,0.125,1.0,0.0,1.0,0.0,0.13333333333333333,0.7,0.0,0.4,0.3933333333333333,0.1275,score_free_cancellation
552366,4,4,4,0,1.0,0.0,1.0,Middle-age,Champions,0.0,0.33,2.75,0.5,1.0,0.75,0.09652509652509653,0.11,0.09166666666666666,0.06756756756756756,0.23800000000000004,1.0,0.36416666666666664,0.37749999999999995,score_exclusive_discount
552372,0,0,8,2,0.0,0.25,0.5,Middle-age,At Risk,0.0,0.5,1.0,0.25,1.0,1.0,0.08285004142502071,0.16666666666666666,0.03333333333333333,0.05799502899751449,0.33333333333333337,0.5,0.3233333333333333,0.185,score_exclusive_discount
552384,3,1,5,2,0.3333333333333333,0.4,0.4666666666666667,Middle-age,High Spenders,0.0,0.67,2.33,0.375,1.0,1.0,0.14064697609001406,0.22333333333333336,0.07766666666666668,0.09845288326300984,0.3786666666666667,0.4666666666666667,0.35436666666666666,0.28579999999999994,score_exclusive_discount
552414,3,2,5,2,0.6666666666666666,0.4,0.6333333333333333,Middle-age,High Spenders,0.0,0.25,3.25,0.5,1.0,1.0,0.11098779134295228,0.08333333333333333,0.10833333333333334,0.07769145394006659,0.26666666666666666,0.6333333333333333,0.37583333333333335,0.38249999999999995,score_exclusive_discount
552432,1,0,7,4,0.0,0.5714285714285714,0.2142857142857143,Middle-age,Champions,0.0,0.5,1.75,0.5,0.75,1.0,0.012020675561966582,0.16666666666666666,0.058333333333333334,0.008414472893376606,0.33333333333333337,0.2142857142857143,0.2658333333333333,0.3675,score_free_night_flight
552440,1,0,7,2,0.0,0.2857142857142857,0.35714285714285715,Middle-age,Low Spenders,0.0,0.5,2.0,0.25,1.0,1.0,0.1088139281828074,0.16666666666666666,0.06666666666666667,0.07616974972796517,0.33333333333333337,0.35714285714285715,0.3466666666666667,0.19499999999999998,score_exclusive_discount
552473,0,0,8,3,0.0,0.375,0.5,Middle-age,Medium Spenders,0.0,0.33,0.33,0.375,0.3333333333333333,1.0,0.12269938650306748,0.11,0.011000000000000001,0.08588957055214723,0.28800000000000003,0.5,0.10769999999999999,0.2658,score_exclusive_discount
552487,1,1,7,1,1.0,0.14285714285714285,0.9285714285714286,Middle-age,Low Spenders,0.0,0.0,2.0,0.25,1.0,0.5,0.1277139208173691,0.0,0.06666666666666667,0.08939974457215837,0.1,0.9285714285714286,0.3466666666666667,0.19499999999999998,score_exclusive_discount
552506,2,1,6,0,0.5,0.0,0.75,Middle-age,At Risk,0.0,0.0,0.0,0.125,0.0,1.0,0.12224938875305624,0.0,0.0,0.08557457212713937,0.2,0.75,0.0,0.0875,score_exclusive_discount
552532,2,0,6,2,0.0,0.3333333333333333,0.33333333333333337,Middle-age,High Spenders,0.0,0.25,2.0,0.25,1.0,1.0,0.12376237623762376,0.08333333333333333,0.06666666666666667,0.08663366336633663,0.26666666666666666,0.33333333333333337,0.3466666666666667,0.19499999999999998,score_free_meal
552535,1,0,7,4,0.0,0.5714285714285714,0.2142857142857143,Middle-age,Champions,0.0,0.12,2.5,0.5,1.0,1.0,0.08680555555555555,0.04,0.08333333333333333,0.06076388888888888,0.232,0.2142857142857143,0.35833333333333334,0.375,score_free_night_flight
552558,2,1,6,3,0.5,0.5,0.5,Middle-age,High Spenders,0.0,1.0,4.25,0.5,1.0,0.5,0.10183299389002036,0.3333333333333333,0.14166666666666666,0.07128309572301425,0.3666666666666667,0.5,0.39916666666666667,0.39249999999999996,score_exclusive_discount
552573,2,1,6,1,0.5,0.16666666666666666,0.6666666666666667,Middle-age,Champions,0.0,0.88,0.5,0.25,0.5,1.0,0.009799118079372856,0.29333333333333333,0.016666666666666666,0.0068593826555609985,0.4346666666666667,0.6666666666666667,0.16166666666666665,0.18,score_exclusive_discount
552597,2,1,6,2,0.5,0.3333333333333333,0.5833333333333334,Middle-age,Champions,0.0,0.67,4.33,0.375,0.6666666666666666,1.0,0.14450867052023122,0.22333333333333336,0.14433333333333334,0.10115606936416185,0.3786666666666667,0.5833333333333334,0.3010333333333333,0.30579999999999996,score_exclusive_discount
552598,2,0,7,3,0.0,0.42857142857142855,0.2857142857142857,Middle-age,Low Spenders,0.0,0.33,0.67,0.3333333333333333,0.6666666666666666,1.0,0.12062726176115804,0.11,0.022333333333333334,0.08443908323281062,0.28800000000000003,0.2857142857142857,0.21563333333333332,0.24003333333333332,score_free_checkedbag
552613,3,2,5,2,0.6666666666666666,0.4,0.6333333333333333,Middle-age,High Spenders,0.0,0.0,2.75,0.5,1.0,1.0,0.0999000999000999,0.0,0.09166666666666666,0.06993006993006992,0.2,0.6333333333333333,0.36416666666666664,0.37749999999999995,score_exclusive_discount
552623,2,0,6,1,0.0,0.16666666666666666,0.4166666666666667,Youth,Champions,0.0,1.0,9.0,0.125,1.0,1.0,0.0032291397571686904,0.3333333333333333,0.3,0.0022603978300180833,0.4666666666666667,0.4166666666666667,0.51,0.1775,score_free_meal
552642,3,1,5,2,0.3333333333333333,0.4,0.4666666666666667,Middle-age,Medium Spenders,0.0,0.67,1.67,0.375,1.0,1.0,0.13531799729364005,0.22333333333333336,0.05566666666666666,0.09472259810554803,0.3786666666666667,0.4666666666666667,0.33896666666666664,0.27919999999999995,score_exclusive_discount
552643,2,0,6,3,0.0,0.5,0.25,Middle-age,Low Spenders,0.0,0.0,1.67,0.375,1.0,1.0,0.11574074074074073,0.0,0.05566666666666666,0.0810185185185185,0.2,0.25,0.33896666666666664,0.27919999999999995,score_free_meal
552649,1,1,7,1,1.0,0.14285714285714285,0.9285714285714286,Youth,Low Spenders,0.0,0.25,1.5,0.25,1.0,1.0,0.11560693641618497,0.08333333333333333,0.05,0.08092485549132947,0.26666666666666666,0.9285714285714286,0.33499999999999996,0.19,score_exclusive_discount
552653,5,2,4,1,0.4,0.25,0.575,Middle-age,At Risk,0.33,0.0,2.0,0.3333333333333333,1.0,1.0,0.06770480704129993,0.0,0.06666666666666667,0.04739336492890995,0.2,0.575,0.3466666666666667,0.2533333333333333,score_exclusive_discount
552661,5,2,3,1,0.4,0.3333333333333333,0.5333333333333333,Middle-age,Low Spenders,0.0,0.67,3.33,0.375,1.0,1.0,0.12738853503184713,0.22333333333333336,0.111,0.08917197452229299,0.3786666666666667,0.5333333333333333,0.3777,0.29579999999999995,score_exclusive_discount
552726,4,1,5,0,0.25,0.0,0.625,Middle-age,At Risk,0.0,0.0,4.0,0.1111111111111111,1.0,0.0,1.0,0.0,0.13333333333333333,0.7,0.0,0.625,0.3933333333333333,0.11777777777777776,score_free_cancellation
552732,4,0,4,2,0.0,0.5,0.25,Middle-age,High Spenders,0.0,1.0,3.5,0.25,1.0,1.0,0.10471204188481674,0.3333333333333333,0.11666666666666667,0.07329842931937171,0.4666666666666667,0.25,0.38166666666666665,0.21,score_free_checkedbag
552734,2,0,6,4,0.0,0.6666666666666666,0.16666666666666669,Middle-age,Medium Spenders,0.0,1.0,2.0,0.5,0.75,1.0,0.10482180293501049,0.3333333333333333,0.06666666666666667,0.07337526205450734,0.4666666666666667,0.16666666666666669,0.2716666666666666,0.37,score_free_checkedbag
552760,1,0,7,3,0.0,0.42857142857142855,0.2857142857142857,Middle-age,Low Spenders,0.0,0.67,0.67,0.375,0.3333333333333333,1.0,0.14245014245014245,0.22333333333333336,0.022333333333333334,0.09971509971509972,0.3786666666666667,0.2857142857142857,0.11563333333333332,0.26919999999999994,score_free_checkedbag
552763,3,0,5,3,0.0,0.6,0.2,Middle-age,Low Spenders,0.0,1.0,0.67,0.375,0.6666666666666666,1.0,0.1267427122940431,0.3333333333333333,0.022333333333333334,0.08871989860583017,0.4666666666666667,0.2,0.21563333333333332,0.26919999999999994,score_free_checkedbag
552775,2,0,6,3,0.0,0.5,0.25,Youth,High Spenders,0.0,1.0,2.0,0.375,1.0,0.6666666666666666,0.09345794392523366,0.3333333333333333,0.06666666666666667,0.06542056074766356,0.4,0.25,0.3466666666666667,0.2825,score_free_checkedbag
552809,4,2,4,2,0.5,0.5,0.5,Middle-age,Medium Spenders,0.0,0.67,3.0,0.5,0.75,0.75,0.11350737797956868,0.22333333333333336,0.1,0.07945516458569807,0.3286666666666667,0.5,0.295,0.38,score_exclusive_discount
552861,3,1,5,2,0.3333333333333333,0.4,0.4666666666666667,Middle-age,Low Spenders,0.33,0.0,2.0,0.375,0.6666666666666666,1.0,0.16233766233766234,0.0,0.06666666666666667,0.11363636363636363,0.2,0.4666666666666667,0.24666666666666665,0.2825,score_exclusive_discount
552904,6,3,2,1,0.5,0.5,0.5,Middle-age,High Spenders,0.0,0.5,3.25,0.5,1.0,1.0,0.12150668286755771,0.16666666666666666,0.10833333333333334,0.0850546780072904,0.33333333333333337,0.5,0.37583333333333335,0.38249999999999995,score_exclusive_discount
552929,1,1,7,3,1.0,0.42857142857142855,0.7857142857142857,Middle-age,Champions,0.0,1.0,4.25,0.5,1.0,0.75,0.09066183136899365,0.3333333333333333,0.14166666666666666,0.06346328195829555,0.4166666666666667,0.7857142857142857,0.39916666666666667,0.39249999999999996,score_exclusive_discount
552944,2,1,6,2,0.5,0.3333333333333333,0.5833333333333334,Middle-age,Champions,0.0,0.67,2.67,0.375,1.0,1.0,0.14430014430014432,0.22333333333333336,0.089,0.10101010101010102,0.3786666666666667,0.5833333333333334,0.36229999999999996,0.28919999999999996,score_exclusive_discount
552945,1,1,7,4,1.0,0.5714285714285714,0.7142857142857143,Middle-age,Champions,0.0,0.5,2.8,0.625,0.8,0.8,0.10224948875255624,0.16666666666666666,0.09333333333333332,0.07157464212678936,0.29333333333333333,0.7142857142857143,0.30533333333333335,0.4655,score_exclusive_discount
553017,1,0,7,5,0.0,0.7142857142857143,0.14285714285714285,Middle-age,Champions,0.0,0.33,3.4,0.625,1.0,0.8,0.1564945226917058,0.11,0.11333333333333333,0.10954616588419405,0.24800000000000005,0.14285714285714285,0.3793333333333333,0.4715,score_free_night_flight
553054,1,1,7,1,1.0,0.14285714285714285,0.9285714285714286,0,0,0.0,0.0,0.0,0.0,0.0,0.0,0.0,0.0,0.0,0.0,0.0,0.9285714285714286,0.0,0.0,score_exclusive_discount
553139,3,2,6,2,0.6666666666666666,0.3333333333333333,0.6666666666666666,Middle-age,Champions,0.0,0.75,2.25,0.4444444444444444,1.0,1.0,0.12437810945273634,0.25,0.075,0.08706467661691543,0.4,0.6666666666666666,0.3525,0.3336111111111111,score_exclusive_discount
553151,1,1,7,3,1.0,0.42857142857142855,0.7857142857142857,Middle-age,Medium Spenders,0.0,1.0,3.25,0.5,0.5,0.75,0.12135922330097088,0.3333333333333333,0.10833333333333334,0.0849514563106796,0.4166666666666667,0.7857142857142857,0.22583333333333333,0.38249999999999995,score_exclusive_discount
553208,2,0,7,1,0.0,0.14285714285714285,0.4285714285714286,Youth,At Risk,0.0,0.0,9.0,0.1111111111111111,1.0,0.0,1.0,0.0,0.3,0.7,0.0,0.4285714285714286,0.51,0.16777777777777775,score_free_cancellation
553219,3,2,6,3,0.6666666666666666,0.5,0.5833333333333333,Middle-age,High Spenders,0.0,0.75,3.6,0.5555555555555556,1.0,0.8,0.11248593925759279,0.25,0.12000000000000001,0.07874015748031495,0.36000000000000004,0.5833333333333333,0.384,0.42488888888888887,score_exclusive_discount
553220,4,2,5,3,0.5,0.6,0.45,Middle-age,High Spenders,0.2,0.0,3.33,0.5555555555555556,1.0,0.8,0.24449877750611249,0.0,0.111,0.17114914425427874,0.16000000000000003,0.45,0.3777,0.4221888888888889,score_exclusive_discount
553231,1,1,7,2,1.0,0.2857142857142857,0.8571428571428572,Middle-age,High Spenders,0.0,0.22,2.67,0.375,1.0,1.0,0.1342281879194631,0.07333333333333333,0.089,0.09395973154362415,0.2586666666666667,0.8571428571428572,0.36229999999999996,0.28919999999999996,score_exclusive_discount
553245,2,0,6,1,0.0,0.16666666666666666,0.4166666666666667,Youth,Medium Spenders,0.0,0.0,11.0,0.125,1.0,1.0,0.09624639076034648,0.0,0.36666666666666664,0.06737247353224253,0.2,0.4166666666666667,0.5566666666666666,0.19749999999999998,score_free_meal
553339,0,0,8,4,0.0,0.5,0.5,Middle-age,Champions,0.0,1.0,3.5,0.5,0.75,1.0,0.1278772378516624,0.3333333333333333,0.11666666666666667,0.08951406649616368,0.4666666666666667,0.5,0.30666666666666664,0.38499999999999995,score_exclusive_discount
553361,3,2,5,2,0.6666666666666666,0.4,0.6333333333333333,Middle-age,High Spenders,0.0,0.67,3.5,0.5,0.75,0.75,0.10822510822510822,0.22333333333333336,0.11666666666666667,0.07575757575757575,0.3286666666666667,0.6333333333333333,0.30666666666666664,0.38499999999999995,score_exclusive_discount
553456,2,0,6,3,0.0,0.5,0.25,Middle-age,High Spenders,0.0,0.5,1.0,0.375,0.6666666666666666,1.0,0.12391573729863692,0.16666666666666666,0.03333333333333333,0.08674101610904583,0.33333333333333337,0.25,0.22333333333333333,0.27249999999999996,score_free_checkedbag
553533,1,0,8,1,0.0,0.125,0.4375,Middle-age,At Risk,0.0,1.0,1.0,0.1111111111111111,1.0,1.0,0.11273957158962794,0.3333333333333333,0.03333333333333333,0.07891770011273955,0.4666666666666667,0.4375,0.3233333333333333,0.08777777777777776,score_free_checkedbag
553559,2,0,6,2,0.0,0.3333333333333333,0.33333333333333337,Youth,Medium Spenders,0.0,1.0,5.0,0.25,1.0,0.5,0.17699115044247787,0.3333333333333333,0.16666666666666666,0.1238938053097345,0.3666666666666667,0.33333333333333337,0.41666666666666663,0.22499999999999998,score_free_meal
553568,2,0,6,4,0.0,0.6666666666666666,0.16666666666666669,Middle-age,Medium Spenders,0.0,0.25,3.25,0.5,1.0,1.0,0.12180267965895249,0.08333333333333333,0.10833333333333334,0.08526187576126673,0.26666666666666666,0.16666666666666669,0.37583333333333335,0.38249999999999995,score_free_night_flight
553607,2,2,7,1,1.0,0.14285714285714285,0.9285714285714286,Middle-age,High Spenders,0.0,0.5,4.67,0.3333333333333333,1.0,1.0,0.13966480446927373,0.16666666666666666,0.15566666666666668,0.09776536312849161,0.33333333333333337,0.9285714285714286,0.40896666666666665,0.2800333333333333,score_exclusive_discount
553631,3,0,6,0,0.0,0.0,0.5,0,0,0.0,0.0,0.0,0.0,0.0,0.0,0.0,0.0,0.0,0.0,0.0,0.5,0.0,0.0,score_exclusive_discount
553633,3,0,6,0,0.0,0.0,0.5,0,0,0.0,0.0,0.0,0.0,0.0,0.0,0.0,0.0,0.0,0.0,0.0,0.5,0.0,0.0,score_exclusive_discount
553645,2,1,6,3,0.5,0.5,0.5,Middle-age,High Spenders,0.0,1.0,1.25,0.5,0.75,0.75,0.11363636363636363,0.3333333333333333,0.041666666666666664,0.07954545454545454,0.4166666666666667,0.5,0.25416666666666665,0.3625,score_exclusive_discount
553664,2,2,6,0,1.0,0.0,1.0,Middle-age,Low Spenders,0.0,0.5,2.5,0.25,1.0,1.0,0.0946969696969697,0.16666666666666666,0.08333333333333333,0.06628787878787878,0.33333333333333337,1.0,0.35833333333333334,0.19999999999999998,score_exclusive_discount
553690,0,0,8,0,0.0,0.0,0.5,0,0,0.0,0.0,0.0,0.0,0.0,0.0,0.0,0.0,0.0,0.0,0.0,0.5,0.0,0.0,score_exclusive_discount
553704,3,2,5,0,0.6666666666666666,0.0,0.8333333333333333,Youth,High Spenders,0.0,0.5,4.5,0.25,1.0,0.5,0.15527950310559005,0.16666666666666666,0.15,0.10869565217391303,0.23333333333333334,0.8333333333333333,0.40499999999999997,0.21999999999999997,score_exclusive_discount
553743,2,0,6,1,0.0,0.16666666666666666,0.4166666666666667,Youth,At Risk,0.0,0.0,0.0,0.125,0.0,1.0,0.07423904974016332,0.0,0.0,0.05196733481811432,0.2,0.4166666666666667,0.0,0.0875,score_exclusive_discount
553751,1,1,7,2,1.0,0.2857142857142857,0.8571428571428572,Middle-age,Medium Spenders,0.0,0.67,3.33,0.375,1.0,1.0,0.11198208286674133,0.22333333333333336,0.111,0.07838745800671892,0.3786666666666667,0.8571428571428572,0.3777,0.29579999999999995,score_exclusive_discount
553754,4,0,4,3,0.0,0.75,0.125,Middle-age,Medium Spenders,0.0,0.17,3.0,0.375,1.0,1.0,0.1322751322751323,0.05666666666666667,0.1,0.0925925925925926,0.24533333333333335,0.125,0.37,0.2925,score_free_meal
553773,2,2,7,3,1.0,0.42857142857142855,0.7857142857142857,Middle-age,High Spenders,0.2,0.0,3.67,0.5555555555555556,0.8,1.0,0.11792452830188678,0.0,0.12233333333333334,0.08254716981132074,0.2,0.7857142857142857,0.32563333333333333,0.4255888888888889,score_exclusive_discount
553783,1,0,7,1,0.0,0.14285714285714285,0.4285714285714286,Middle-age,At Risk,0.0,0.0,1.0,0.125,1.0,1.0,0.16474464579901152,0.0,0.03333333333333333,0.11532125205930806,0.2,0.4285714285714286,0.3233333333333333,0.09749999999999999,score_exclusive_discount
553791,3,1,5,2,0.3333333333333333,0.4,0.4666666666666667,Middle-age,High Spenders,0.0,1.0,4.33,0.375,1.0,1.0,0.15174506828528073,0.3333333333333333,0.14433333333333334,0.1062215477996965,0.4666666666666667,0.4666666666666667,0.40103333333333335,0.30579999999999996,score_free_checkedbag
553805,1,0,7,2,0.0,0.2857142857142857,0.35714285714285715,Middle-age,Medium Spenders,0.0,0.25,1.0,0.25,1.0,1.0,0.08795074758135445,0.08333333333333333,0.03333333333333333,0.06156552330694811,0.26666666666666666,0.35714285714285715,0.3233333333333333,0.185,score_exclusive_discount
553876,4,2,4,1,0.5,0.25,0.625,Middle-age,High Spenders,0.0,0.33,2.67,0.375,0.6666666666666666,1.0,0.12062726176115804,0.11,0.089,0.08443908323281062,0.28800000000000003,0.625,0.2623,0.28919999999999996,score_exclusive_discount
553901,2,1,6,2,0.5,0.3333333333333333,0.5833333333333334,Middle-age,Champions,0.0,0.88,7.0,0.375,1.0,0.6666666666666666,0.0053475935828877,0.29333333333333333,0.23333333333333334,0.00374331550802139,0.368,0.5833333333333334,0.4633333333333333,0.33249999999999996,score_exclusive_discount
553904,2,0,6,2,0.0,0.3333333333333333,0.33333333333333337,Youth,Champions,0.0,0.0,6.5,0.25,1.0,1.0,0.00851861316977596,0.0,0.21666666666666667,0.005963029218843172,0.2,0.33333333333333337,0.45166666666666666,0.24,score_free_meal
553938,4,2,4,2,0.5,0.5,0.5,Middle-age,Low Spenders,0.25,1.0,3.0,0.5,1.0,0.75,0.12269938650306748,0.3333333333333333,0.1,0.08588957055214723,0.4166666666666667,0.5,0.37,0.38,score_exclusive_discount
553943,0,0,8,4,0.0,0.5,0.5,Middle-age,Champions,0.0,0.5,1.5,0.5,0.75,1.0,0.12391573729863692,0.16666666666666666,0.05,0.08674101610904583,0.33333333333333337,0.5,0.25999999999999995,0.365,score_exclusive_discount
553955,0,0,8,6,0.0,0.75,0.5,Middle-age,Medium Spenders,0.0,0.67,1.67,0.75,1.0,1.0,0.12706480304955528,0.22333333333333336,0.05566666666666666,0.08894536213468869,0.3786666666666667,0.5,0.33896666666666664,0.5417,score_free_night_flight
553967,4,2,4,2,0.5,0.5,0.5,Middle-age,Low Spenders,0.25,0.0,2.0,0.5,0.75,1.0,0.11600928074245938,0.0,0.06666666666666667,0.08120649651972156,0.2,0.5,0.2716666666666666,0.37,score_exclusive_discount
553984,3,1,5,0,0.3333333333333333,0.0,0.6666666666666666,Middle-age,Low Spenders,0.0,1.0,4.0,0.125,1.0,1.0,0.10471204188481674,0.3333333333333333,0.13333333333333333,0.07329842931937171,0.4666666666666667,0.6666666666666666,0.3933333333333333,0.1275,score_exclusive_discount
553985,4,1,4,3,0.25,0.75,0.25,Middle-age,Low Spenders,0.25,0.0,3.0,0.5,1.0,1.0,0.0966183574879227,0.0,0.1,0.06763285024154589,0.2,0.25,0.37,0.38,score_free_night_flight
554026,2,1,6,3,0.5,0.5,0.5,Middle-age,High Spenders,0.0,0.25,2.25,0.5,1.0,1.0,0.11001100110011001,0.08333333333333333,0.075,0.077007700770077,0.26666666666666666,0.5,0.3525,0.3725,score_exclusive_discount
554079,4,2,4,3,0.5,0.75,0.375,Middle-age,High Spenders,0.0,0.67,4.0,0.625,1.0,0.6,0.12269938650306748,0.22333333333333336,0.13333333333333333,0.08588957055214723,0.2986666666666667,0.375,0.3933333333333333,0.4775,score_free_night_flight
554141,3,1,6,3,0.3333333333333333,0.5,0.41666666666666663,Middle-age,High Spenders,0.0,0.5,3.0,0.4444444444444444,1.0,0.75,0.1264222503160556,0.16666666666666666,0.1,0.08849557522123892,0.2833333333333333,0.41666666666666663,0.37,0.34111111111111103,score_exclusive_discount
554155,2,0,7,2,0.0,0.2857142857142857,0.35714285714285715,Middle-age,Medium Spenders,0.0,1.0,3.0,0.2222222222222222,1.0,0.5,0.14792899408284024,0.3333333333333333,0.1,0.10355029585798817,0.3666666666666667,0.35714285714285715,0.37,0.18555555555555553,score_free_meal
554163,0,0,8,6,0.0,0.75,0.5,Middle-age,High Spenders,0.0,0.67,2.83,0.75,0.8333333333333334,1.0,0.12738853503184713,0.22333333333333336,0.09433333333333334,0.08917197452229299,0.3786666666666667,0.5,0.31603333333333333,0.5532999999999999,score_free_night_flight
554175,2,0,7,3,0.0,0.42857142857142855,0.2857142857142857,Middle-age,Champions,0.0,0.67,3.0,0.3333333333333333,1.0,1.0,0.08896797153024912,0.22333333333333336,0.1,0.06227758007117438,0.3786666666666667,0.2857142857142857,0.37,0.2633333333333333,score_free_checkedbag
554202,3,2,5,0,0.6666666666666666,0.0,0.8333333333333333,Youth,Low Spenders,0.0,1.0,4.0,0.25,1.0,0.5,0.09775171065493646,0.3333333333333333,0.13333333333333333,0.06842619745845552,0.3666666666666667,0.8333333333333333,0.3933333333333333,0.215,score_exclusive_discount
554213,1,1,7,3,1.0,0.42857142857142855,0.7857142857142857,Middle-age,Low Spenders,0.25,1.0,1.5,0.5,0.75,1.0,0.11587485515643106,0.3333333333333333,0.05,0.08111239860950174,0.4666666666666667,0.7857142857142857,0.25999999999999995,0.365,score_exclusive_discount
554217,2,0,6,2,0.0,0.3333333333333333,0.33333333333333337,Youth,High Spenders,0.0,0.25,1.5,0.25,0.5,1.0,0.1404494382022472,0.08333333333333333,0.05,0.09831460674157304,0.26666666666666666,0.33333333333333337,0.185,0.19,score_exclusive_discount
554269,2,1,8,2,0.5,0.25,0.625,Middle-age,Medium Spenders,0.0,0.67,2.33,0.3,1.0,1.0,0.12285012285012284,0.22333333333333336,0.07766666666666668,0.08599508599508598,0.3786666666666667,0.625,0.35436666666666666,0.2333,score_exclusive_discount
554284,3,1,5,1,0.3333333333333333,0.2,0.5666666666666667,Middle-age,At Risk,0.0,1.0,1.0,0.25,1.0,1.0,0.060459492140266025,0.3333333333333333,0.03333333333333333,0.04232164449818621,0.4666666666666667,0.5666666666666667,0.3233333333333333,0.185,score_exclusive_discount
554289,3,0,5,1,0.0,0.2,0.4,Youth,Low Spenders,0.0,0.0,9.0,0.125,1.0,0.0,1.0,0.0,0.3,0.7,0.0,0.4,0.51,0.1775,score_free_cancellation
554299,3,0,5,0,0.0,0.0,0.5,0,0,0.0,0.0,0.0,0.0,0.0,0.0,0.0,0.0,0.0,0.0,0.0,0.5,0.0,0.0,score_exclusive_discount
554357,2,0,6,0,0.0,0.0,0.5,0,0,0.0,0.0,0.0,0.0,0.0,0.0,0.0,0.0,0.0,0.0,0.0,0.5,0.0,0.0,score_exclusive_discount
554413,2,1,6,3,0.5,0.5,0.5,Middle-age,Champions,0.0,0.75,4.0,0.5,0.75,1.0,0.11904761904761904,0.25,0.13333333333333333,0.08333333333333333,0.4,0.5,0.3183333333333333,0.38999999999999996,score_exclusive_discount
554444,0,0,8,3,0.0,0.375,0.5,Middle-age,Low Spenders,0.0,1.0,1.67,0.375,1.0,1.0,0.13458950201884254,0.3333333333333333,0.05566666666666666,0.09421265141318977,0.4666666666666667,0.5,0.33896666666666664,0.27919999999999995,score_exclusive_discount
554450,2,0,7,0,0.0,0.0,0.5,0,0,0.0,0.0,0.0,0.0,0.0,0.0,0.0,0.0,0.0,0.0,0.0,0.5,0.0,0.0,score_exclusive_discount
554507,3,0,5,3,0.0,0.6,0.2,Middle-age,Low Spenders,0.0,0.0,2.33,0.375,1.0,0.3333333333333333,0.08453085376162299,0.0,0.07766666666666668,0.05917159763313609,0.06666666666666667,0.2,0.35436666666666666,0.28579999999999994,score_free_meal
554532,1,0,7,3,0.0,0.42857142857142855,0.2857142857142857,Middle-age,High Spenders,0.0,0.33,3.33,0.375,1.0,1.0,0.11627906976744186,0.11,0.111,0.0813953488372093,0.28800000000000003,0.2857142857142857,0.3777,0.29579999999999995,score_free_meal
554560,4,1,4,0,0.25,0.0,0.625,Youth,Low Spenders,0.0,0.0,3.0,0.125,1.0,1.0,0.11534025374855825,0.0,0.1,0.08073817762399077,0.2,0.625,0.37,0.1175,score_exclusive_discount
554609,3,0,5,2,0.0,0.4,0.3,Middle-age,Medium Spenders,0.0,0.0,3.0,0.25,1.0,1.0,0.1295336787564767,0.0,0.1,0.09067357512953368,0.2,0.3,0.37,0.205,score_free_meal
554632,5,1,3,0,0.2,0.0,0.6,Youth,At Risk,0.0,0.0,1.0,0.125,1.0,0.0,1.0,0.0,0.03333333333333333,0.7,0.0,0.6,0.3233333333333333,0.09749999999999999,score_free_cancellation
554670,4,1,4,1,0.25,0.25,0.5,Middle-age,Low Spenders,0.0,0.5,1.0,0.25,0.5,1.0,0.11961722488038279,0.16666666666666666,0.03333333333333333,0.08373205741626795,0.33333333333333337,0.5,0.17333333333333334,0.185,score_exclusive_discount
554681,2,0,6,1,0.0,0.16666666666666666,0.4166666666666667,Youth,High Spenders,0.0,0.0,7.0,0.125,1.0,0.0,1.0,0.0,0.23333333333333334,0.7,0.0,0.4166666666666667,0.4633333333333333,0.15749999999999997,score_free_cancellation
554724,1,0,7,1,0.0,0.14285714285714285,0.4285714285714286,Youth,Low Spenders,0.0,0.0,5.0,0.125,1.0,0.0,1.0,0.0,0.16666666666666666,0.7,0.0,0.4285714285714286,0.41666666666666663,0.13749999999999998,score_free_cancellation
554753,2,1,7,3,0.5,0.42857142857142855,0.5357142857142857,Middle-age,Champions,0.0,0.38,2.25,0.4444444444444444,0.75,1.0,0.014513788098693758,0.12666666666666668,0.075,0.01015965166908563,0.30133333333333334,0.5357142857142857,0.27749999999999997,0.3336111111111111,score_exclusive_discount
554801,1,0,7,3,0.0,0.42857142857142855,0.2857142857142857,Middle-age,Champions,0.0,0.0,3.0,0.375,1.0,1.0,0.008433836552247618,0.0,0.1,0.005903685586573332,0.2,0.2857142857142857,0.37,0.2925,score_free_meal
554853,1,0,7,2,0.0,0.2857142857142857,0.35714285714285715,Middle-age,Champions,0.0,0.0,12.5,0.25,1.0,0.5,0.09157509157509157,0.0,0.4166666666666667,0.0641025641025641,0.1,0.35714285714285715,0.5916666666666667,0.3,score_free_meal
554866,2,0,7,0,0.0,0.0,0.5,0,0,0.0,0.0,0.0,0.0,0.0,0.0,0.0,0.0,0.0,0.0,0.0,0.5,0.0,0.0,score_exclusive_discount
554885,2,2,6,3,1.0,0.5,0.75,Middle-age,Champions,0.0,1.0,3.4,0.625,1.0,1.0,0.12484394506866417,0.3333333333333333,0.11333333333333333,0.08739076154806491,0.4666666666666667,0.75,0.3793333333333333,0.4715,score_exclusive_discount
554922,0,0,8,1,0.0,0.125,0.5,Middle-age,At Risk,0.0,0.0,4.0,0.125,1.0,1.0,0.22727272727272727,0.0,0.13333333333333333,0.1590909090909091,0.2,0.5,0.3933333333333333,0.1275,score_exclusive_discount
554939,3,0,5,0,0.0,0.0,0.5,0,0,0.0,0.0,0.0,0.0,0.0,0.0,0.0,0.0,0.0,0.0,0.0,0.5,0.0,0.0,score_exclusive_discount
554949,4,0,4,0,0.0,0.0,0.5,0,0,0.0,0.0,0.0,0.0,0.0,0.0,0.0,0.0,0.0,0.0,0.0,0.5,0.0,0.0,score_exclusive_discount
554956,1,1,7,4,1.0,0.5714285714285714,0.7142857142857143,Middle-age,High Spenders,0.0,2.0,1.4,0.625,0.8,0.8,0.11547344110854503,0.6666666666666666,0.04666666666666666,0.08083140877598152,0.6933333333333334,0.7142857142857143,0.27266666666666667,0.4515,score_exclusive_discount
554961,1,0,7,4,0.0,0.5714285714285714,0.2142857142857143,Middle-age,Champions,0.0,0.5,5.25,0.5,0.75,0.5,0.16,0.16666666666666666,0.175,0.11199999999999999,0.23333333333333334,0.2142857142857143,0.3475,0.40249999999999997,score_free_night_flight
555030,1,1,7,1,1.0,0.14285714285714285,0.9285714285714286,0,0,0.0,0.0,0.0,0.0,0.0,0.0,0.0,0.0,0.0,0.0,0.0,0.9285714285714286,0.0,0.0,score_exclusive_discount
555058,0,0,8,2,0.0,0.25,0.5,Youth,Medium Spenders,0.0,0.5,1.5,0.25,0.5,1.0,0.007588980799878576,0.16666666666666666,0.05,0.005312286559915003,0.33333333333333337,0.5,0.185,0.19,score_exclusive_discount
555075,3,0,5,0,0.0,0.0,0.5,0,0,0.0,0.0,0.0,0.0,0.0,0.0,0.0,0.0,0.0,0.0,0.0,0.5,0.0,0.0,score_exclusive_discount
555083,1,0,7,2,0.0,0.2857142857142857,0.35714285714285715,Middle-age,High Spenders,0.0,1.0,5.5,0.25,1.0,1.0,0.13679890560875513,0.3333333333333333,0.18333333333333332,0.09575923392612859,0.4666666666666667,0.35714285714285715,0.42833333333333334,0.22999999999999998,score_free_checkedbag
555108,2,1,6,2,0.5,0.3333333333333333,0.5833333333333334,Middle-age,Medium Spenders,0.0,0.67,2.67,0.375,0.6666666666666666,1.0,0.12121212121212122,0.22333333333333336,0.089,0.08484848484848484,0.3786666666666667,0.5833333333333334,0.2623,0.28919999999999996,score_exclusive_discount
555135,4,3,5,3,0.75,0.6,0.575,Middle-age,Champions,0.0,0.33,4.5,0.6666666666666666,1.0,0.5,0.08865248226950355,0.11,0.15,0.06205673758865248,0.188,0.575,0.40499999999999997,0.5116666666666666,score_exclusive_discount
555147,3,0,6,1,0.0,0.16666666666666666,0.4166666666666667,Youth,At Risk,0.0,1.0,1.0,0.1111111111111111,1.0,1.0,0.15772870662460567,0.3333333333333333,0.03333333333333333,0.11041009463722395,0.4666666666666667,0.4166666666666667,0.3233333333333333,0.08777777777777776,score_free_checkedbag
555151,2,1,6,5,0.5,0.8333333333333334,0.3333333333333333,Middle-age,Champions,0.0,0.62,2.33,0.75,0.8333333333333334,0.6666666666666666,0.012833675564681724,0.20666666666666667,0.07766666666666668,0.008983572895277207,0.29866666666666664,0.3333333333333333,0.3043666666666667,0.5482999999999999,score_free_night_flight
555180,2,0,6,2,0.0,0.3333333333333333,0.33333333333333337,Middle-age,High Spenders,0.0,0.0,5.5,0.25,1.0,0.5,0.08576329331046312,0.0,0.18333333333333332,0.06003430531732418,0.1,0.33333333333333337,0.42833333333333334,0.22999999999999998,score_free_meal
555186,1,1,7,3,1.0,0.42857142857142855,0.7857142857142857,Middle-age,High Spenders,0.0,0.75,1.75,0.5,1.0,1.0,0.12300123001230014,0.25,0.058333333333333334,0.08610086100861009,0.4,0.7857142857142857,0.3408333333333333,0.3675,score_exclusive_discount
555187,2,0,6,0,0.0,0.0,0.5,0,0,0.0,0.0,0.0,0.0,0.0,0.0,0.0,0.0,0.0,0.0,0.0,0.5,0.0,0.0,score_exclusive_discount
555191,3,1,6,1,0.3333333333333333,0.16666666666666666,0.5833333333333334,Middle-age,High Spenders,0.0,0.5,4.0,0.2222222222222222,1.0,1.0,0.09319664492078285,0.16666666666666666,0.13333333333333333,0.06523765144454799,0.33333333333333337,0.5833333333333334,0.3933333333333333,0.19555555555555554,score_exclusive_discount
555193,6,2,2,0,0.3333333333333333,0.0,0.6666666666666666,Middle-age,Low Spenders,0.0,0.5,2.0,0.25,1.0,1.0,0.10080645161290323,0.16666666666666666,0.06666666666666667,0.07056451612903226,0.33333333333333337,0.6666666666666666,0.3466666666666667,0.19499999999999998,score_exclusive_discount
555203,0,0,9,2,0.0,0.2222222222222222,0.5,Elderly,High Spenders,0.0,0.0,7.5,0.2222222222222222,1.0,0.0,1.0,0.0,0.25,0.7,0.0,0.5,0.475,0.2305555555555555,score_free_cancellation
555206,1,0,7,5,0.0,0.7142857142857143,0.14285714285714285,Middle-age,High Spenders,0.0,0.5,3.6,0.625,1.0,0.4,0.1404494382022472,0.16666666666666666,0.12000000000000001,0.09831460674157304,0.21333333333333335,0.14285714285714285,0.384,0.47350000000000003,score_free_night_flight
555250,3,0,5,1,0.0,0.2,0.4,Middle-age,At Risk,0.0,0.0,1.0,0.125,1.0,1.0,0.1510574018126888,0.0,0.03333333333333333,0.10574018126888217,0.2,0.4,0.3233333333333333,0.09749999999999999,score_exclusive_discount
555257,3,2,5,3,0.6666666666666666,0.6,0.5333333333333333,Middle-age,Medium Spenders,0.2,0.67,5.0,0.625,1.0,1.0,0.1004016064257028,0.22333333333333336,0.16666666666666666,0.07028112449799195,0.3786666666666667,0.5333333333333333,0.41666666666666663,0.4875,score_exclusive_discount
555275,0,0,8,2,0.0,0.25,0.5,Middle-age,Low Spenders,0.0,0.5,1.5,0.25,1.0,1.0,0.1610305958132045,0.16666666666666666,0.05,0.11272141706924314,0.33333333333333337,0.5,0.33499999999999996,0.19,score_exclusive_discount
555277,1,0,8,1,0.0,0.125,0.4375,Middle-age,Low Spenders,0.0,1.0,1.0,0.1111111111111111,1.0,1.0,0.11574074074074073,0.3333333333333333,0.03333333333333333,0.0810185185185185,0.4666666666666667,0.4375,0.3233333333333333,0.08777777777777776,score_free_checkedbag
555299,1,0,7,1,0.0,0.14285714285714285,0.4285714285714286,Middle-age,At Risk,0.0,1.0,4.0,0.125,1.0,1.0,0.0968054211035818,0.3333333333333333,0.13333333333333333,0.06776379477250725,0.4666666666666667,0.4285714285714286,0.3933333333333333,0.1275,score_free_checkedbag
555301,1,0,7,4,0.0,0.5714285714285714,0.2142857142857143,Middle-age,High Spenders,0.0,0.67,2.75,0.5,1.0,0.75,0.12804097311139565,0.22333333333333336,0.09166666666666666,0.08962868117797694,0.3286666666666667,0.2142857142857143,0.36416666666666664,0.37749999999999995,score_free_night_flight
555310,3,3,5,4,1.0,0.8,0.6,Middle-age,High Spenders,0.14,1.0,2.8,0.875,1.0,0.8571428571428571,0.08992805755395684,0.3333333333333333,0.09333333333333332,0.06294964028776978,0.4380952380952381,0.6,0.3653333333333333,0.6405,score_free_night_flight
555326,0,0,9,2,0.0,0.2222222222222222,0.5,Middle-age,Medium Spenders,0.0,0.5,2.5,0.2222222222222222,1.0,1.0,0.16778523489932887,0.16666666666666666,0.08333333333333333,0.1174496644295302,0.33333333333333337,0.5,0.35833333333333334,0.18055555555555552,score_exclusive_discount
555334,2,0,7,1,0.0,0.14285714285714285,0.4285714285714286,Youth,Low Spenders,0.0,0.0,0.0,0.1111111111111111,0.0,1.0,0.12578616352201258,0.0,0.0,0.0880503144654088,0.2,0.4285714285714286,0.0,0.07777777777777777,score_exclusive_discount
555418,1,0,7,0,0.0,0.0,0.5,0,0,0.0,0.0,0.0,0.0,0.0,0.0,0.0,0.0,0.0,0.0,0.0,0.5,0.0,0.0,score_exclusive_discount
555428,2,0,6,3,0.0,0.5,0.25,Middle-age,Champions,0.0,0.25,4.0,0.375,1.0,0.6666666666666666,0.1620745542949757,0.08333333333333333,0.13333333333333333,0.11345218800648298,0.2,0.25,0.3933333333333333,0.30249999999999994,score_free_meal
555478,4,1,4,2,0.25,0.5,0.375,Middle-age,Champions,0.0,0.17,4.33,0.375,1.0,1.0,0.009247272054743851,0.05666666666666667,0.14433333333333334,0.006473090438320696,0.24533333333333335,0.375,0.40103333333333335,0.30579999999999996,score_free_meal
555484,1,1,7,4,1.0,0.5714285714285714,0.7142857142857143,Middle-age,Champions,0.0,0.75,4.6,0.625,1.0,0.8,0.10869565217391305,0.25,0.15333333333333332,0.07608695652173914,0.36000000000000004,0.7142857142857143,0.4073333333333333,0.4835,score_exclusive_discount
555492,2,0,6,2,0.0,0.3333333333333333,0.33333333333333337,Middle-age,At Risk,0.0,1.0,0.5,0.25,0.5,1.0,0.10504201680672269,0.3333333333333333,0.016666666666666666,0.07352941176470588,0.4666666666666667,0.33333333333333337,0.16166666666666665,0.18,score_free_checkedbag
555499,1,1,7,3,1.0,0.42857142857142855,0.7857142857142857,Middle-age,High Spenders,0.0,1.33,3.25,0.5,1.0,0.75,0.11890606420927467,0.44333333333333336,0.10833333333333334,0.08323424494649227,0.5046666666666667,0.7857142857142857,0.37583333333333335,0.38249999999999995,score_exclusive_discount
555521,1,1,8,1,1.0,0.125,0.9375,Middle-age,Champions,0.0,0.5,12.5,0.2222222222222222,1.0,1.0,0.1392757660167131,0.16666666666666666,0.4166666666666667,0.09749303621169916,0.33333333333333337,0.9375,0.5916666666666667,0.28055555555555556,score_exclusive_discount
555563,4,2,5,2,0.5,0.4,0.55,Middle-age,High Spenders,0.0,0.67,2.75,0.4444444444444444,1.0,0.75,0.11918951132300357,0.22333333333333336,0.09166666666666666,0.0834326579261025,0.3286666666666667,0.55,0.36416666666666664,0.3386111111111111,score_exclusive_discount
555587,2,1,6,3,0.5,0.5,0.5,Middle-age,High Spenders,0.0,0.33,2.5,0.5,0.75,0.75,0.117096018735363,0.11,0.08333333333333333,0.08196721311475409,0.23800000000000004,0.5,0.2833333333333333,0.375,score_exclusive_discount
555600,3,1,5,1,0.3333333333333333,0.2,0.5666666666666667,Middle-age,High Spenders,0.0,0.0,4.0,0.25,1.0,1.0,0.12239902080783353,0.0,0.13333333333333333,0.08567931456548347,0.2,0.5666666666666667,0.3933333333333333,0.215,score_exclusive_discount
555648,2,2,7,3,1.0,0.42857142857142855,0.7857142857142857,Middle-age,Champions,0.0,0.4,3.0,0.5555555555555556,1.0,1.0,0.10438413361169102,0.13333333333333333,0.1,0.07306889352818371,0.3066666666666667,0.7857142857142857,0.37,0.41888888888888887,score_exclusive_discount
555656,0,0,8,0,0.0,0.0,0.5,0,0,0.0,0.0,0.0,0.0,0.0,0.0,0.0,0.0,0.0,0.0,0.0,0.5,0.0,0.0,score_exclusive_discount
555698,3,2,5,2,0.6666666666666666,0.4,0.6333333333333333,Middle-age,Low Spenders,0.25,0.0,1.5,0.5,1.0,1.0,0.15479876160990713,0.0,0.05,0.10835913312693499,0.2,0.6333333333333333,0.33499999999999996,0.365,score_exclusive_discount
555710,1,0,9,3,0.0,0.3333333333333333,0.33333333333333337,Middle-age,Champions,0.0,0.5,5.33,0.3,1.0,0.6666666666666666,0.1447178002894356,0.16666666666666666,0.17766666666666667,0.10130246020260492,0.26666666666666666,0.33333333333333337,0.42436666666666667,0.2633,score_free_meal
555712,2,0,6,0,0.0,0.0,0.5,0,0,0.0,0.0,0.0,0.0,0.0,0.0,0.0,0.0,0.0,0.0,0.0,0.5,0.0,0.0,score_exclusive_discount
555751,2,0,6,2,0.0,0.3333333333333333,0.33333333333333337,Middle-age,Low Spenders,0.0,0.0,2.0,0.25,0.5,1.0,0.12077294685990336,0.0,0.06666666666666667,0.08454106280193235,0.2,0.33333333333333337,0.19666666666666666,0.19499999999999998,score_exclusive_discount
555770,4,2,4,2,0.5,0.5,0.5,Middle-age,Medium Spenders,0.0,0.5,4.25,0.5,1.0,0.5,0.09881422924901187,0.16666666666666666,0.14166666666666666,0.0691699604743083,0.23333333333333334,0.5,0.39916666666666667,0.39249999999999996,score_exclusive_discount
555773,3,1,5,1,0.3333333333333333,0.2,0.5666666666666667,0,0,0.0,0.0,0.0,0.0,0.0,0.0,0.0,0.0,0.0,0.0,0.0,0.5666666666666667,0.0,0.0,score_exclusive_discount
555782,3,1,5,1,0.3333333333333333,0.2,0.5666666666666667,Middle-age,Low Spenders,0.0,1.0,4.5,0.25,1.0,0.5,0.16501650165016502,0.3333333333333333,0.15,0.11551155115511551,0.3666666666666667,0.5666666666666667,0.40499999999999997,0.21999999999999997,score_exclusive_discount
555784,2,0,6,3,0.0,0.5,0.25,Middle-age,Champions,0.0,0.0,6.0,0.375,1.0,0.6666666666666666,0.13245033112582782,0.0,0.2,0.09271523178807947,0.13333333333333333,0.25,0.43999999999999995,0.32249999999999995,score_free_meal
555796,1,0,7,4,0.0,0.5714285714285714,0.2142857142857143,Middle-age,High Spenders,0.0,0.0,4.5,0.5,1.0,0.75,0.12578616352201258,0.0,0.15,0.0880503144654088,0.15000000000000002,0.2142857142857143,0.40499999999999997,0.39499999999999996,score_free_meal
555818,1,0,7,0,0.0,0.0,0.5,0,0,0.0,0.0,0.0,0.0,0.0,0.0,0.0,0.0,0.0,0.0,0.0,0.5,0.0,0.0,score_exclusive_discount
555850,4,0,4,2,0.0,0.5,0.25,Middle-age,Low Spenders,0.0,1.0,4.5,0.25,1.0,1.0,0.09832841691248771,0.3333333333333333,0.15,0.0688298918387414,0.4666666666666667,0.25,0.40499999999999997,0.21999999999999997,score_free_checkedbag
555852,1,0,8,4,0.0,0.5,0.25,Middle-age,Champions,0.0,0.62,4.5,0.4444444444444444,0.75,1.0,0.10822510822510822,0.20666666666666667,0.15,0.07575757575757575,0.36533333333333334,0.25,0.32999999999999996,0.35611111111111104,score_free_checkedbag
555894,5,3,4,1,0.6,0.25,0.675,Middle-age,Medium Spenders,0.0,0.75,1.25,0.4444444444444444,0.75,1.0,0.13089005235602094,0.25,0.041666666666666664,0.09162303664921466,0.4,0.675,0.25416666666666665,0.32361111111111107,score_exclusive_discount
555934,1,0,8,3,0.0,0.375,0.3125,Middle-age,Medium Spenders,0.0,0.67,2.0,0.3333333333333333,1.0,1.0,0.1272264631043257,0.22333333333333336,0.06666666666666667,0.08905852417302798,0.3786666666666667,0.3125,0.3466666666666667,0.2533333333333333,score_free_checkedbag
555960,0,0,8,0,0.0,0.0,0.5,0,0,0.0,0.0,0.0,0.0,0.0,0.0,0.0,0.0,0.0,0.0,0.0,0.5,0.0,0.0,score_exclusive_discount
555990,0,0,8,1,0.0,0.125,0.5,Elderly,At Risk,0.0,0.0,4.0,0.125,1.0,0.0,1.0,0.0,0.13333333333333333,0.7,0.0,0.5,0.3933333333333333,0.1275,score_free_cancellation
555997,1,1,7,6,1.0,0.8571428571428571,0.5714285714285714,Middle-age,Champions,0.0,0.29,2.0,0.875,0.8571428571428571,1.0,0.11185682326621922,0.09666666666666666,0.06666666666666667,0.07829977628635346,0.2773333333333333,0.5714285714285714,0.30380952380952375,0.6325,score_free_night_flight
556015,1,0,7,3,0.0,0.42857142857142855,0.2857142857142857,Middle-age,Low Spenders,0.0,0.67,2.33,0.375,1.0,1.0,0.09182736455463728,0.22333333333333336,0.07766666666666668,0.06427915518824609,0.3786666666666667,0.2857142857142857,0.35436666666666666,0.28579999999999994,score_free_checkedbag
556019,2,0,7,3,0.0,0.42857142857142855,0.2857142857142857,Middle-age,Low Spenders,0.0,0.33,2.67,0.3333333333333333,1.0,1.0,0.1510574018126888,0.11,0.089,0.10574018126888217,0.28800000000000003,0.2857142857142857,0.36229999999999996,0.2600333333333333,score_free_meal
556043,2,1,6,0,0.5,0.0,0.75,Youth,Low Spenders,0.0,0.0,0.0,0.125,0.0,1.0,0.11049723756906077,0.0,0.0,0.07734806629834254,0.2,0.75,0.0,0.0875,score_exclusive_discount
556052,2,2,6,1,1.0,0.16666666666666666,0.9166666666666667,Middle-age,Medium Spenders,0.0,0.33,2.33,0.375,1.0,1.0,0.09970089730807578,0.11,0.07766666666666668,0.06979062811565305,0.28800000000000003,0.9166666666666667,0.35436666666666666,0.28579999999999994,score_exclusive_discount
556067,4,1,4,4,0.25,1.0,0.125,Middle-age,Champions,0.0,0.2,5.4,0.625,1.0,1.0,0.10649627263045792,0.06666666666666667,0.18000000000000002,0.07454739084132055,0.25333333333333335,0.125,0.426,0.4915,score_free_night_flight
556111,3,2,5,1,0.6666666666666666,0.2,0.7333333333333333,Middle-age,Champions,0.0,0.33,4.67,0.375,0.6666666666666666,1.0,0.16181229773462785,0.11,0.15566666666666668,0.11326860841423948,0.28800000000000003,0.7333333333333333,0.30896666666666667,0.3092,score_exclusive_discount
556119,3,1,5,1,0.3333333333333333,0.2,0.5666666666666667,Middle-age,Low Spenders,0.0,0.5,1.5,0.25,1.0,1.0,0.0931098696461825,0.16666666666666666,0.05,0.06517690875232775,0.33333333333333337,0.5666666666666667,0.33499999999999996,0.19,score_exclusive_discount
556127,0,0,8,3,0.0,0.375,0.5,Middle-age,Medium Spenders,0.0,0.67,2.67,0.375,1.0,1.0,0.10427528675703858,0.22333333333333336,0.089,0.072992700729927,0.3786666666666667,0.5,0.36229999999999996,0.28919999999999996,score_exclusive_discount
556138,0,0,8,4,0.0,0.5,0.5,Middle-age,Medium Spenders,0.0,0.67,3.75,0.5,1.0,0.75,0.11723329425556857,0.22333333333333336,0.125,0.082063305978898,0.3286666666666667,0.5,0.38749999999999996,0.38749999999999996,score_exclusive_discount
556199,1,0,7,0,0.0,0.0,0.5,0,0,0.0,0.0,0.0,0.0,0.0,0.0,0.0,0.0,0.0,0.0,0.0,0.5,0.0,0.0,score_exclusive_discount
556214,3,2,5,0,0.6666666666666666,0.0,0.8333333333333333,Middle-age,Champions,0.0,0.17,2.5,0.25,1.0,1.0,0.12360939431396786,0.05666666666666667,0.08333333333333333,0.08652657601977749,0.24533333333333335,0.8333333333333333,0.35833333333333334,0.19999999999999998,score_exclusive_discount
556215,2,0,7,2,0.0,0.2857142857142857,0.35714285714285715,Middle-age,Low Spenders,0.0,1.0,5.0,0.2222222222222222,1.0,1.0,0.09174311926605504,0.3333333333333333,0.16666666666666666,0.06422018348623852,0.4666666666666667,0.35714285714285715,0.41666666666666663,0.20555555555555552,score_free_checkedbag
556268,1,0,7,2,0.0,0.2857142857142857,0.35714285714285715,Middle-age,At Risk,0.0,0.5,0.5,0.25,0.5,1.0,0.08123476848090982,0.16666666666666666,0.016666666666666666,0.05686433793663687,0.33333333333333337,0.35714285714285715,0.16166666666666665,0.18,score_exclusive_discount
556274,1,0,7,2,0.0,0.2857142857142857,0.35714285714285715,Youth,Medium Spenders,0.0,0.0,2.0,0.25,0.5,0.5,0.0029618221129638954,0.0,0.06666666666666667,0.002073275479074727,0.1,0.35714285714285715,0.19666666666666666,0.19499999999999998,score_exclusive_discount
556314,1,0,8,2,0.0,0.25,0.375,Middle-age,Champions,0.0,0.25,3.0,0.2222222222222222,0.5,1.0,0.009795278675678323,0.08333333333333333,0.1,0.006856695072974826,0.26666666666666666,0.375,0.21999999999999997,0.18555555555555553,score_exclusive_discount
556347,3,1,5,3,0.3333333333333333,0.6,0.3666666666666667,Middle-age,Medium Spenders,0.0,0.75,1.25,0.5,0.5,1.0,0.09124087591240876,0.25,0.041666666666666664,0.06386861313868612,0.4,0.3666666666666667,0.17916666666666667,0.3625,score_free_checkedbag
556391,2,0,6,1,0.0,0.16666666666666666,0.4166666666666667,Middle-age,At Risk,0.0,1.0,2.0,0.125,1.0,1.0,0.1402524544179523,0.3333333333333333,0.06666666666666667,0.09817671809256662,0.4666666666666667,0.4166666666666667,0.3466666666666667,0.1075,score_free_checkedbag
556395,3,0,5,0,0.0,0.0,0.5,0,0,0.0,0.0,0.0,0.0,0.0,0.0,0.0,0.0,0.0,0.0,0.0,0.5,0.0,0.0,score_exclusive_discount
556417,3,0,5,0,0.0,0.0,0.5,0,0,0.0,0.0,0.0,0.0,0.0,0.0,0.0,0.0,0.0,0.0,0.0,0.5,0.0,0.0,score_exclusive_discount
556533,3,2,5,1,0.6666666666666666,0.2,0.7333333333333333,Middle-age,High Spenders,0.0,1.0,4.67,0.375,1.0,0.6666666666666666,0.11641443538998836,0.3333333333333333,0.15566666666666668,0.08149010477299184,0.4,0.7333333333333333,0.40896666666666665,0.3092,score_exclusive_discount
556579,3,2,5,2,0.6666666666666666,0.4,0.6333333333333333,Middle-age,Low Spenders,0.25,0.0,5.0,0.5,1.0,0.25,1.0,0.0,0.16666666666666666,0.7,0.05,0.6333333333333333,0.41666666666666663,0.39999999999999997,score_free_cancellation
556621,2,0,6,1,0.0,0.16666666666666666,0.4166666666666667,Middle-age,Medium Spenders,0.0,0.0,4.0,0.125,1.0,0.0,1.0,0.0,0.13333333333333333,0.7,0.0,0.4166666666666667,0.3933333333333333,0.1275,score_free_cancellation
556622,0,0,8,4,0.0,0.5,0.5,Middle-age,Champions,0.0,0.33,1.5,0.5,0.5,1.0,0.13774104683195593,0.11,0.05,0.09641873278236915,0.28800000000000003,0.5,0.185,0.365,score_exclusive_discount
556623,3,2,5,1,0.6666666666666666,0.2,0.7333333333333333,Middle-age,At Risk,0.33,1.0,3.0,0.375,1.0,1.0,0.10319917440660475,0.3333333333333333,0.1,0.07223942208462332,0.4666666666666667,0.7333333333333333,0.37,0.2925,score_exclusive_discount
556647,4,2,4,0,0.5,0.0,0.75,Middle-age,High Spenders,0.0,0.5,2.5,0.25,1.0,1.0,0.14430014430014432,0.16666666666666666,0.08333333333333333,0.10101010101010102,0.33333333333333337,0.75,0.35833333333333334,0.19999999999999998,score_exclusive_discount
556673,3,1,5,2,0.3333333333333333,0.4,0.4666666666666667,Elderly,High Spenders,0.0,0.5,5.0,0.375,0.6666666666666666,0.6666666666666666,0.11600928074245938,0.16666666666666666,0.16666666666666666,0.08120649651972156,0.26666666666666666,0.4666666666666667,0.31666666666666665,0.31249999999999994,score_exclusive_discount
556714,3,1,5,1,0.3333333333333333,0.2,0.5666666666666667,Middle-age,Low Spenders,0.0,0.0,1.0,0.25,1.0,1.0,0.12048192771084336,0.0,0.03333333333333333,0.08433734939759034,0.2,0.5666666666666667,0.3233333333333333,0.185,score_exclusive_discount
556744,2,2,6,1,1.0,0.16666666666666666,0.9166666666666667,Middle-age,Champions,0.0,0.17,2.0,0.375,1.0,1.0,0.13793103448275862,0.05666666666666667,0.06666666666666667,0.09655172413793103,0.24533333333333335,0.9166666666666667,0.3466666666666667,0.2825,score_exclusive_discount
556824,1,0,7,4,0.0,0.5714285714285714,0.2142857142857143,Middle-age,Low Spenders,0.0,0.25,2.5,0.5,1.0,1.0,0.12376237623762376,0.08333333333333333,0.08333333333333333,0.08663366336633663,0.26666666666666666,0.2142857142857143,0.35833333333333334,0.375,score_free_night_flight
556827,2,0,6,3,0.0,0.5,0.25,Elderly,High Spenders,0.0,0.0,4.0,0.375,0.3333333333333333,0.6666666666666666,0.1044932079414838,0.0,0.13333333333333333,0.07314524555903866,0.13333333333333333,0.25,0.1933333333333333,0.30249999999999994,score_free_night_flight
556830,1,1,7,2,1.0,0.2857142857142857,0.8571428571428572,Middle-age,High Spenders,0.0,0.0,4.33,0.375,0.6666666666666666,0.3333333333333333,0.1314060446780552,0.0,0.14433333333333334,0.09198423127463863,0.06666666666666667,0.8571428571428572,0.3010333333333333,0.30579999999999996,score_exclusive_discount
556841,1,1,7,2,1.0,0.2857142857142857,0.8571428571428572,Middle-age,Low Spenders,0.0,0.0,1.67,0.375,0.6666666666666666,0.6666666666666666,0.13157894736842105,0.0,0.05566666666666666,0.09210526315789473,0.13333333333333333,0.8571428571428572,0.23896666666666666,0.27919999999999995,score_exclusive_discount
556887,4,3,4,1,0.75,0.25,0.75,Middle-age,Champions,0.0,0.44,4.75,0.5,0.75,1.0,0.010998680158380994,0.14666666666666667,0.15833333333333333,0.007699076110866695,0.31733333333333336,0.75,0.3358333333333333,0.39749999999999996,score_exclusive_discount
556900,3,1,5,0,0.3333333333333333,0.0,0.6666666666666666,Youth,At Risk,0.0,0.0,2.0,0.125,1.0,0.0,1.0,0.0,0.06666666666666667,0.7,0.0,0.6666666666666666,0.3466666666666667,0.1075,score_free_cancellation
556904,1,1,7,2,1.0,0.2857142857142857,0.8571428571428572,Middle-age,High Spenders,0.0,0.67,4.0,0.375,1.0,1.0,0.12004801920768307,0.22333333333333336,0.13333333333333333,0.08403361344537814,0.3786666666666667,0.8571428571428572,0.3933333333333333,0.30249999999999994,score_exclusive_discount
556906,2,1,6,2,0.5,0.3333333333333333,0.5833333333333334,Middle-age,Medium Spenders,0.0,0.0,3.0,0.375,1.0,0.6666666666666666,0.09813542688910697,0.0,0.1,0.06869479882237488,0.13333333333333333,0.5833333333333334,0.37,0.2925,score_exclusive_discount
557005,2,1,6,3,0.5,0.5,0.5,Middle-age,Champions,0.0,0.67,6.5,0.5,1.0,0.75,0.014144271570014143,0.22333333333333336,0.21666666666666667,0.0099009900990099,0.3286666666666667,0.5,0.45166666666666666,0.415,score_exclusive_discount
557010,1,0,7,0,0.0,0.0,0.5,0,0,0.0,0.0,0.0,0.0,0.0,0.0,0.0,0.0,0.0,0.0,0.0,0.5,0.0,0.0,score_exclusive_discount
557033,2,0,6,3,0.0,0.5,0.25,Middle-age,Medium Spenders,0.0,0.67,3.0,0.375,1.0,1.0,0.10593220338983052,0.22333333333333336,0.1,0.07415254237288135,0.3786666666666667,0.25,0.37,0.2925,score_free_checkedbag
557036,2,0,6,3,0.0,0.5,0.25,Middle-age,Medium Spenders,0.0,0.0,0.33,0.375,0.3333333333333333,1.0,0.009091735612328395,0.0,0.011000000000000001,0.006364214928629876,0.2,0.25,0.10769999999999999,0.2658,score_free_night_flight
557055,0,0,8,2,0.0,0.25,0.5,Middle-age,High Spenders,0.0,0.25,2.5,0.25,1.0,1.0,0.06863417982155114,0.08333333333333333,0.08333333333333333,0.04804392587508579,0.26666666666666666,0.5,0.35833333333333334,0.19999999999999998,score_exclusive_discount
557107,3,1,5,4,0.3333333333333333,0.8,0.2666666666666666,Middle-age,Champions,0.0,0.38,2.6,0.625,1.0,0.8,0.11337868480725623,0.12666666666666668,0.08666666666666667,0.07936507936507936,0.26133333333333336,0.2666666666666666,0.36066666666666664,0.4635,score_free_night_flight
557108,3,1,5,0,0.3333333333333333,0.0,0.6666666666666666,Youth,At Risk,0.0,0.0,1.0,0.125,1.0,1.0,0.18315018315018314,0.0,0.03333333333333333,0.1282051282051282,0.2,0.6666666666666666,0.3233333333333333,0.09749999999999999,score_exclusive_discount
557118,3,2,6,3,0.6666666666666666,0.5,0.5833333333333333,Middle-age,Medium Spenders,0.0,0.6,2.2,0.5555555555555556,1.0,1.0,0.10460251046025104,0.19999999999999998,0.07333333333333333,0.07322175732217573,0.36,0.5833333333333333,0.35133333333333333,0.4108888888888889,score_exclusive_discount
557134,1,1,7,4,1.0,0.5714285714285714,0.7142857142857143,Middle-age,Champions,0.0,0.5,6.8,0.625,1.0,0.4,0.12300123001230014,0.16666666666666666,0.22666666666666666,0.08610086100861009,0.21333333333333335,0.7142857142857143,0.45866666666666667,0.5055,score_exclusive_discount
557236,2,0,6,4,0.0,0.6666666666666666,0.16666666666666669,Middle-age,Champions,0.0,0.25,1.75,0.5,1.0,1.0,0.1240694789081886,0.08333333333333333,0.058333333333333334,0.08684863523573202,0.26666666666666666,0.16666666666666669,0.3408333333333333,0.3675,score_free_night_flight
557248,1,0,8,0,0.0,0.0,0.5,0,0,0.0,0.0,0.0,0.0,0.0,0.0,0.0,0.0,0.0,0.0,0.0,0.5,0.0,0.0,score_exclusive_discount
557262,2,2,6,3,1.0,0.5,0.75,Youth,High Spenders,0.2,0.0,7.0,0.625,1.0,0.8,0.09505703422053233,0.0,0.23333333333333334,0.06653992395437262,0.16000000000000003,0.75,0.4633333333333333,0.5075,score_exclusive_discount
557282,4,2,4,0,0.5,0.0,0.75,Middle-age,High Spenders,0.0,0.5,4.0,0.25,1.0,1.0,0.12626262626262627,0.16666666666666666,0.13333333333333333,0.08838383838383838,0.33333333333333337,0.75,0.3933333333333333,0.215,score_exclusive_discount
557298,2,0,6,2,0.0,0.3333333333333333,0.33333333333333337,Middle-age,Medium Spenders,0.0,0.0,3.0,0.25,1.0,1.0,0.14326647564469913,0.0,0.1,0.10028653295128939,0.2,0.33333333333333337,0.37,0.205,score_free_meal
557307,2,0,6,1,0.0,0.16666666666666666,0.4166666666666667,Middle-age,At Risk,0.0,0.0,2.0,0.125,1.0,1.0,0.10493179433368312,0.0,0.06666666666666667,0.07345225603357818,0.2,0.4166666666666667,0.3466666666666667,0.1075,score_exclusive_discount
557314,2,1,6,3,0.5,0.5,0.5,Middle-age,Champions,0.0,0.58,2.25,0.5,1.0,1.0,0.10683760683760685,0.19333333333333333,0.075,0.07478632478632478,0.3546666666666667,0.5,0.3525,0.3725,score_exclusive_discount
557343,3,1,5,0,0.3333333333333333,0.0,0.6666666666666666,Middle-age,At Risk,0.0,0.0,1.0,0.125,1.0,1.0,0.07288629737609328,0.0,0.03333333333333333,0.05102040816326529,0.2,0.6666666666666666,0.3233333333333333,0.09749999999999999,score_exclusive_discount
557402,1,0,7,1,0.0,0.14285714285714285,0.4285714285714286,Middle-age,At Risk,0.0,0.0,1.0,0.125,1.0,1.0,0.10638297872340426,0.0,0.03333333333333333,0.07446808510638298,0.2,0.4285714285714286,0.3233333333333333,0.09749999999999999,score_exclusive_discount
557449,2,0,6,1,0.0,0.16666666666666666,0.4166666666666667,Middle-age,At Risk,0.0,1.0,1.0,0.125,1.0,1.0,0.11534025374855825,0.3333333333333333,0.03333333333333333,0.08073817762399077,0.4666666666666667,0.4166666666666667,0.3233333333333333,0.09749999999999999,score_free_checkedbag
557476,2,0,6,3,0.0,0.5,0.25,Middle-age,High Spenders,0.0,0.33,5.0,0.375,1.0,1.0,0.0778816199376947,0.11,0.16666666666666666,0.054517133956386285,0.28800000000000003,0.25,0.41666666666666663,0.31249999999999994,score_free_meal
557492,3,0,5,2,0.0,0.4,0.3,Youth,Champions,0.0,0.0,5.0,0.25,1.0,0.5,0.10298661174047373,0.0,0.16666666666666666,0.0720906282183316,0.1,0.3,0.41666666666666663,0.22499999999999998,score_free_meal
557496,2,1,6,0,0.5,0.0,0.75,Middle-age,At Risk,0.0,1.0,1.0,0.125,1.0,1.0,0.10373443983402489,0.3333333333333333,0.03333333333333333,0.07261410788381742,0.4666666666666667,0.75,0.3233333333333333,0.09749999999999999,score_exclusive_discount
557508,4,3,4,1,0.75,0.25,0.75,Middle-age,Champions,0.0,0.62,2.0,0.5,1.0,1.0,0.1020408163265306,0.20666666666666667,0.06666666666666667,0.07142857142857141,0.36533333333333334,0.75,0.3466666666666667,0.37,score_exclusive_discount
557525,1,0,7,3,0.0,0.42857142857142855,0.2857142857142857,Middle-age,Low Spenders,0.0,0.67,1.0,0.375,1.0,1.0,0.13736263736263735,0.22333333333333336,0.03333333333333333,0.09615384615384613,0.3786666666666667,0.2857142857142857,0.3233333333333333,0.27249999999999996,score_free_checkedbag
557562,2,2,6,3,1.0,0.5,0.75,Middle-age,Champions,0.0,0.33,8.0,0.625,1.0,0.6,0.11560693641618497,0.11,0.26666666666666666,0.08092485549132947,0.20800000000000002,0.75,0.48666666666666664,0.5175,score_exclusive_discount
557569,4,2,4,1,0.5,0.25,0.625,Middle-age,High Spenders,0.33,0.0,15.0,0.375,0.6666666666666666,0.6666666666666666,1.0,0.0,0.5,0.7,0.13333333333333333,0.625,0.5499999999999999,0.4125,score_free_cancellation
557643,3,0,5,3,0.0,0.6,0.2,Middle-age,High Spenders,0.0,0.0,4.0,0.375,0.6666666666666666,1.0,0.11904761904761904,0.0,0.13333333333333333,0.08333333333333333,0.2,0.2,0.29333333333333333,0.30249999999999994,score_free_night_flight
557672,2,0,6,3,0.0,0.5,0.25,Middle-age,Medium Spenders,0.0,0.67,1.33,0.375,0.6666666666666666,1.0,0.11682242990654207,0.22333333333333336,0.044333333333333336,0.08177570093457945,0.3786666666666667,0.25,0.2310333333333333,0.27579999999999993,score_free_checkedbag
557692,2,2,7,1,1.0,0.14285714285714285,0.9285714285714286,Middle-age,Champions,0.0,1.25,6.67,0.3333333333333333,1.0,0.6666666666666666,0.10775862068965518,0.4166666666666667,0.22233333333333333,0.07543103448275862,0.4666666666666667,0.9285714285714286,0.45563333333333333,0.3000333333333333,score_exclusive_discount
557726,6,3,2,0,0.5,0.0,0.75,Middle-age,At Risk,0.33,0.0,0.0,0.375,0.3333333333333333,1.0,0.08445945945945946,0.0,0.0,0.059121621621621614,0.2,0.75,0.09999999999999999,0.26249999999999996,score_exclusive_discount
557762,4,4,5,1,1.0,0.2,0.9,Elderly,Low Spenders,0.4,0.0,6.0,0.5555555555555556,0.8,0.6,1.0,0.0,0.2,0.7,0.12,0.9,0.38,0.4488888888888889,score_exclusive_discount
557794,2,2,6,2,1.0,0.3333333333333333,0.8333333333333334,Middle-age,High Spenders,0.0,1.0,2.75,0.5,0.75,1.0,0.11312217194570136,0.3333333333333333,0.09166666666666666,0.07918552036199095,0.4666666666666667,0.8333333333333334,0.2891666666666666,0.37749999999999995,score_exclusive_discount
557799,3,0,6,1,0.0,0.16666666666666666,0.4166666666666667,Elderly,At Risk,0.0,0.0,7.0,0.1111111111111111,1.0,0.0,1.0,0.0,0.23333333333333334,0.7,0.0,0.4166666666666667,0.4633333333333333,0.14777777777777776,score_free_cancellation
557815,4,3,4,2,0.75,0.5,0.625,Middle-age,Medium Spenders,0.2,0.5,4.33,0.625,1.0,0.8,0.1023541453428864,0.16666666666666666,0.14433333333333334,0.07164790174002048,0.29333333333333333,0.625,0.40103333333333335,0.4808,score_exclusive_discount
557834,2,1,6,2,0.5,0.3333333333333333,0.5833333333333334,Youth,At Risk,0.33,1.0,2.0,0.375,0.6666666666666666,1.0,0.1798561151079137,0.3333333333333333,0.06666666666666667,0.12589928057553956,0.4666666666666667,0.5833333333333334,0.24666666666666665,0.2825,score_exclusive_discount
557851,4,3,4,1,0.75,0.25,0.75,Middle-age,Champions,0.0,1.29,3.75,0.5,1.0,1.0,0.14771048744460857,0.43,0.125,0.103397341211226,0.544,0.75,0.38749999999999996,0.38749999999999996,score_exclusive_discount
557875,0,0,8,2,0.0,0.25,0.5,Middle-age,Medium Spenders,0.0,0.0,4.5,0.25,1.0,1.0,0.09057971014492755,0.0,0.15,0.06340579710144928,0.2,0.5,0.40499999999999997,0.21999999999999997,score_exclusive_discount
557876,2,1,6,2,0.5,0.3333333333333333,0.5833333333333334,Middle-age,Medium Spenders,0.0,0.0,0.67,0.375,0.6666666666666666,1.0,0.11587485515643106,0.0,0.022333333333333334,0.08111239860950174,0.2,0.5833333333333334,0.21563333333333332,0.26919999999999994,score_exclusive_discount
557879,1,1,7,1,1.0,0.14285714285714285,0.9285714285714286,0,0,0.0,0.0,0.0,0.0,0.0,0.0,0.0,0.0,0.0,0.0,0.0,0.9285714285714286,0.0,0.0,score_exclusive_discount
557887,2,0,6,3,0.0,0.5,0.25,Youth,Champions,0.0,1.0,7.67,0.375,1.0,0.3333333333333333,0.1388888888888889,0.3333333333333333,0.25566666666666665,0.09722222222222222,0.3333333333333333,0.25,0.47896666666666665,0.33919999999999995,score_free_meal
557921,3,0,5,4,0.0,0.8,0.09999999999999998,Middle-age,Medium Spenders,0.0,0.75,2.0,0.5,1.0,1.0,0.10775862068965518,0.25,0.06666666666666667,0.07543103448275862,0.4,0.09999999999999998,0.3466666666666667,0.37,score_free_checkedbag
557932,2,2,6,2,1.0,0.3333333333333333,0.8333333333333334,Middle-age,High Spenders,0.0,0.75,1.75,0.5,0.75,1.0,0.09398496240601503,0.25,0.058333333333333334,0.06578947368421052,0.4,0.8333333333333334,0.2658333333333333,0.3675,score_exclusive_discount
557956,3,2,5,1,0.6666666666666666,0.2,0.7333333333333333,Elderly,High Spenders,0.0,0.0,9.0,0.375,1.0,0.3333333333333333,0.12804097311139565,0.0,0.3,0.08962868117797694,0.06666666666666667,0.7333333333333333,0.51,0.3524999999999999,score_exclusive_discount
557957,1,0,8,2,0.0,0.25,0.375,Middle-age,High Spenders,0.0,1.0,2.5,0.2222222222222222,0.5,1.0,0.15748031496062992,0.3333333333333333,0.08333333333333333,0.11023622047244093,0.4666666666666667,0.375,0.20833333333333331,0.18055555555555552,score_free_checkedbag
557963,2,1,6,3,0.5,0.5,0.5,Middle-age,At Risk,0.25,0.0,4.0,0.5,1.0,1.0,0.13280212483399734,0.0,0.13333333333333333,0.09296148738379813,0.2,0.5,0.3933333333333333,0.38999999999999996,score_exclusive_discount
557986,1,0,9,2,0.0,0.2222222222222222,0.3888888888888889,Youth,Low Spenders,0.0,1.0,3.0,0.2,1.0,1.0,0.09337068160597571,0.3333333333333333,0.1,0.065359477124183,0.4666666666666667,0.3888888888888889,0.37,0.16999999999999998,score_free_checkedbag
557992,2,0,7,0,0.0,0.0,0.5,0,0,0.0,0.0,0.0,0.0,0.0,0.0,0.0,0.0,0.0,0.0,0.0,0.5,0.0,0.0,score_exclusive_discount
558018,4,0,4,2,0.0,0.5,0.25,Middle-age,Low Spenders,0.0,0.5,2.5,0.25,1.0,1.0,0.1360544217687075,0.16666666666666666,0.08333333333333333,0.09523809523809525,0.33333333333333337,0.25,0.35833333333333334,0.19999999999999998,score_free_meal
558019,1,0,7,2,0.0,0.2857142857142857,0.35714285714285715,Middle-age,Low Spenders,0.0,0.5,2.0,0.25,1.0,1.0,0.08741258741258742,0.16666666666666666,0.06666666666666667,0.06118881118881119,0.33333333333333337,0.35714285714285715,0.3466666666666667,0.19499999999999998,score_exclusive_discount
558081,0,0,8,3,0.0,0.375,0.5,Middle-age,Medium Spenders,0.0,0.0,5.33,0.375,1.0,1.0,0.12004801920768307,0.0,0.17766666666666667,0.08403361344537814,0.2,0.5,0.42436666666666667,0.31579999999999997,score_exclusive_discount
558114,1,1,8,4,1.0,0.5,0.75,Middle-age,High Spenders,0.2,0.5,4.67,0.5555555555555556,1.0,0.8,0.10341261633919338,0.16666666666666666,0.15566666666666668,0.07238883143743537,0.29333333333333333,0.75,0.40896666666666665,0.4355888888888889,score_exclusive_discount
558138,2,2,6,2,1.0,0.3333333333333333,0.8333333333333334,Middle-age,High Spenders,0.0,0.75,2.25,0.5,1.0,1.0,0.12562814070351758,0.25,0.075,0.0879396984924623,0.4,0.8333333333333334,0.3525,0.3725,score_exclusive_discount
558147,1,0,7,1,0.0,0.14285714285714285,0.4285714285714286,Elderly,Champions,0.0,0.0,13.0,0.125,1.0,0.0,1.0,0.0,0.43333333333333335,0.7,0.0,0.4285714285714286,0.6033333333333333,0.2175,score_free_cancellation
558202,2,1,6,2,0.5,0.3333333333333333,0.5833333333333334,Youth,Champions,0.0,0.0,2.0,0.375,0.6666666666666666,0.6666666666666666,0.1869158878504673,0.0,0.06666666666666667,0.13084112149532712,0.13333333333333333,0.5833333333333334,0.24666666666666665,0.2825,score_exclusive_discount
558204,3,1,5,2,0.3333333333333333,0.4,0.4666666666666667,Middle-age,Medium Spenders,0.0,0.67,2.33,0.375,0.6666666666666666,1.0,0.10905125408942203,0.22333333333333336,0.07766666666666668,0.07633587786259541,0.3786666666666667,0.4666666666666667,0.25436666666666663,0.28579999999999994,score_exclusive_discount
558251,2,1,6,2,0.5,0.3333333333333333,0.5833333333333334,Middle-age,Champions,0.0,0.33,2.0,0.375,1.0,1.0,0.12391573729863692,0.11,0.06666666666666667,0.08674101610904583,0.28800000000000003,0.5833333333333334,0.3466666666666667,0.2825,score_exclusive_discount
558270,3,0,7,4,0.0,0.5714285714285714,0.2142857142857143,Middle-age,Champions,0.0,0.5,1.25,0.4,1.0,1.0,0.10080645161290323,0.16666666666666666,0.041666666666666664,0.07056451612903226,0.33333333333333337,0.2142857142857143,0.32916666666666666,0.2925,score_free_checkedbag
558277,0,0,8,5,0.0,0.625,0.5,Middle-age,Champions,0.0,1.3,3.2,0.625,1.0,1.0,0.09861932938856015,0.43333333333333335,0.10666666666666667,0.0690335305719921,0.5466666666666666,0.5,0.37466666666666665,0.46950000000000003,score_free_checkedbag
558294,4,2,4,1,0.5,0.25,0.625,Middle-age,High Spenders,0.0,0.0,5.0,0.375,1.0,1.0,0.13869625520110956,0.0,0.16666666666666666,0.09708737864077668,0.2,0.625,0.41666666666666663,0.31249999999999994,score_exclusive_discount
558300,2,0,6,3,0.0,0.5,0.25,Middle-age,High Spenders,0.0,0.5,1.67,0.375,1.0,1.0,0.13440860215053763,0.16666666666666666,0.05566666666666666,0.09408602150537633,0.33333333333333337,0.25,0.33896666666666664,0.27919999999999995,score_free_meal
558362,1,0,7,4,0.0,0.5714285714285714,0.2142857142857143,Middle-age,High Spenders,0.0,0.75,2.5,0.5,1.0,1.0,0.13850415512465375,0.25,0.08333333333333333,0.09695290858725762,0.4,0.2142857142857143,0.35833333333333334,0.375,score_free_checkedbag
558388,5,2,3,2,0.4,0.6666666666666666,0.3666666666666667,Middle-age,Champions,0.0,1.17,2.75,0.5,1.0,0.75,0.1288659793814433,0.38999999999999996,0.09166666666666666,0.09020618556701031,0.462,0.3666666666666667,0.36416666666666664,0.37749999999999995,score_free_checkedbag
558394,2,0,7,2,0.0,0.2857142857142857,0.35714285714285715,Middle-age,Medium Spenders,0.0,1.0,6.0,0.2222222222222222,1.0,1.0,0.1272264631043257,0.3333333333333333,0.2,0.08905852417302798,0.4666666666666667,0.35714285714285715,0.43999999999999995,0.21555555555555553,score_free_checkedbag
558395,1,1,7,0,1.0,0.0,1.0,Middle-age,Low Spenders,0.0,0.0,9.0,0.125,1.0,0.0,1.0,0.0,0.3,0.7,0.0,1.0,0.51,0.1775,score_exclusive_discount
558437,4,1,6,0,0.25,0.0,0.625,Middle-age,Low Spenders,0.0,0.0,4.0,0.1,1.0,1.0,0.14947683109118085,0.0,0.13333333333333333,0.10463378176382658,0.2,0.625,0.3933333333333333,0.10999999999999999,score_exclusive_discount
558466,3,0,6,2,0.0,0.3333333333333333,0.33333333333333337,Middle-age,Low Spenders,0.0,0.0,1.0,0.2222222222222222,1.0,1.0,0.1017293997965412,0.0,0.03333333333333333,0.07121057985757884,0.2,0.33333333333333337,0.3233333333333333,0.16555555555555554,score_exclusive_discount
558489,1,1,7,2,1.0,0.2857142857142857,0.8571428571428572,Youth,Low Spenders,0.0,0.67,0.67,0.375,0.6666666666666666,1.0,0.09082652134423251,0.22333333333333336,0.022333333333333334,0.06357856494096276,0.3786666666666667,0.8571428571428572,0.21563333333333332,0.26919999999999994,score_exclusive_discount
558506,1,1,7,1,1.0,0.14285714285714285,0.9285714285714286,Middle-age,At Risk,0.0,0.5,1.5,0.25,1.0,1.0,0.1251564455569462,0.16666666666666666,0.05,0.08760951188986232,0.33333333333333337,0.9285714285714286,0.33499999999999996,0.19,score_exclusive_discount
558513,0,0,8,3,0.0,0.375,0.5,Middle-age,Champions,0.0,0.17,4.0,0.375,1.0,1.0,0.13123359580052493,0.05666666666666667,0.13333333333333333,0.09186351706036745,0.24533333333333335,0.5,0.3933333333333333,0.30249999999999994,score_exclusive_discount
558651,2,1,6,1,0.5,0.16666666666666666,0.6666666666666667,Middle-age,At Risk,0.0,1.0,0.5,0.25,0.5,1.0,0.10582010582010583,0.3333333333333333,0.016666666666666666,0.07407407407407407,0.4666666666666667,0.6666666666666667,0.16166666666666665,0.18,score_exclusive_discount
558659,2,0,6,1,0.0,0.16666666666666666,0.4166666666666667,Middle-age,At Risk,0.0,0.0,2.0,0.125,1.0,1.0,0.1519756838905775,0.0,0.06666666666666667,0.10638297872340424,0.2,0.4166666666666667,0.3466666666666667,0.1075,score_exclusive_discount
558682,3,1,6,2,0.3333333333333333,0.3333333333333333,0.5,Middle-age,Medium Spenders,0.0,0.5,3.0,0.3333333333333333,1.0,0.6666666666666666,0.13280212483399734,0.16666666666666666,0.1,0.09296148738379813,0.26666666666666666,0.5,0.37,0.2633333333333333,score_exclusive_discount
558774,2,0,6,2,0.0,0.3333333333333333,0.33333333333333337,Middle-age,Low Spenders,0.0,0.5,0.5,0.25,0.5,1.0,0.10224948875255624,0.16666666666666666,0.016666666666666666,0.07157464212678936,0.33333333333333337,0.33333333333333337,0.16166666666666665,0.18,score_free_checkedbag
558786,2,0,7,3,0.0,0.42857142857142855,0.2857142857142857,Middle-age,Low Spenders,0.0,0.0,2.33,0.3333333333333333,0.6666666666666666,1.0,0.09900990099009901,0.0,0.07766666666666668,0.0693069306930693,0.2,0.2857142857142857,0.25436666666666663,0.2566333333333333,score_exclusive_discount
558838,4,2,5,3,0.5,0.6,0.45,Middle-age,Champions,0.0,0.0,2.8,0.5555555555555556,0.8,1.0,0.13755158184319122,0.0,0.09333333333333332,0.09628610729023385,0.2,0.45,0.30533333333333335,0.41688888888888886,score_exclusive_discount
558851,4,1,4,1,0.25,0.25,0.5,0,0,0.0,0.0,0.0,0.0,0.0,0.0,0.0,0.0,0.0,0.0,0.0,0.5,0.0,0.0,score_exclusive_discount
558852,0,0,9,0,0.0,0.0,0.5,0,0,0.0,0.0,0.0,0.0,0.0,0.0,0.0,0.0,0.0,0.0,0.0,0.5,0.0,0.0,score_exclusive_discount
558919,3,0,5,0,0.0,0.0,0.5,0,0,0.0,0.0,0.0,0.0,0.0,0.0,0.0,0.0,0.0,0.0,0.0,0.5,0.0,0.0,score_exclusive_discount
558920,2,1,7,3,0.5,0.42857142857142855,0.5357142857142857,Middle-age,High Spenders,0.0,0.75,3.25,0.4444444444444444,1.0,1.0,0.14285714285714285,0.25,0.10833333333333334,0.09999999999999999,0.4,0.5357142857142857,0.37583333333333335,0.3436111111111111,score_exclusive_discount
558966,3,2,6,1,0.6666666666666666,0.16666666666666666,0.75,Middle-age,Low Spenders,0.0,0.17,1.67,0.3333333333333333,1.0,1.0,0.11325028312570781,0.05666666666666667,0.05566666666666666,0.07927519818799546,0.24533333333333335,0.75,0.33896666666666664,0.25003333333333333,score_exclusive_discount
558987,2,0,6,3,0.0,0.5,0.25,Middle-age,High Spenders,0.0,1.0,4.67,0.375,1.0,0.6666666666666666,0.08904719501335707,0.3333333333333333,0.15566666666666668,0.062333036509349946,0.4,0.25,0.40896666666666665,0.3092,score_free_meal
558988,2,2,6,1,1.0,0.16666666666666666,0.9166666666666667,Elderly,Champions,0.0,0.33,5.67,0.375,1.0,1.0,0.09832841691248771,0.11,0.189,0.0688298918387414,0.28800000000000003,0.9166666666666667,0.4323,0.31919999999999993,score_exclusive_discount
559068,1,1,8,3,1.0,0.375,0.8125,Middle-age,Low Spenders,0.25,0.5,2.0,0.4444444444444444,0.75,1.0,0.06038647342995168,0.16666666666666666,0.06666666666666667,0.04227053140096618,0.33333333333333337,0.8125,0.2716666666666666,0.3311111111111111,score_exclusive_discount
559071,4,2,4,1,0.5,0.25,0.625,Middle-age,Low Spenders,0.0,0.5,1.67,0.375,0.3333333333333333,0.6666666666666666,0.11160714285714285,0.16666666666666666,0.05566666666666666,0.07812499999999999,0.26666666666666666,0.625,0.13896666666666666,0.27919999999999995,score_exclusive_discount
559093,1,1,7,4,1.0,0.5714285714285714,0.7142857142857143,Middle-age,High Spenders,0.0,0.33,2.8,0.625,1.0,0.6,0.12610340479192939,0.11,0.09333333333333332,0.08827238335435056,0.20800000000000002,0.7142857142857143,0.3653333333333333,0.4655,score_exclusive_discount
559094,0,0,8,1,0.0,0.125,0.5,Middle-age,Low Spenders,0.0,0.0,2.0,0.125,1.0,0.0,1.0,0.0,0.06666666666666667,0.7,0.0,0.5,0.3466666666666667,0.1075,score_free_cancellation
559107,4,3,4,1,0.75,0.25,0.75,Middle-age,Low Spenders,0.0,0.33,1.5,0.5,0.75,0.75,0.12484394506866417,0.11,0.05,0.08739076154806491,0.23800000000000004,0.75,0.25999999999999995,0.365,score_exclusive_discount
559112,0,0,8,3,0.0,0.375,0.5,Middle-age,Low Spenders,0.0,1.0,2.67,0.375,0.6666666666666666,1.0,0.15384615384615385,0.3333333333333333,0.089,0.1076923076923077,0.4666666666666667,0.5,0.2623,0.28919999999999996,score_exclusive_discount
559146,1,0,7,4,0.0,0.5714285714285714,0.2142857142857143,Middle-age,High Spenders,0.0,0.5,4.25,0.5,0.75,0.5,0.13333333333333333,0.16666666666666666,0.14166666666666666,0.09333333333333332,0.23333333333333334,0.2142857142857143,0.3241666666666666,0.39249999999999996,score_free_night_flight
559148,4,2,4,1,0.5,0.25,0.625,Middle-age,Medium Spenders,0.0,0.67,1.0,0.375,0.6666666666666666,1.0,0.12077294685990336,0.22333333333333336,0.03333333333333333,0.08454106280193235,0.3786666666666667,0.625,0.22333333333333333,0.27249999999999996,score_exclusive_discount
559164,2,0,6,1,0.0,0.16666666666666666,0.4166666666666667,Middle-age,At Risk,0.0,1.0,1.0,0.125,1.0,1.0,0.11481056257175659,0.3333333333333333,0.03333333333333333,0.08036739380022961,0.4666666666666667,0.4166666666666667,0.3233333333333333,0.09749999999999999,score_free_checkedbag
559176,3,1,5,1,0.3333333333333333,0.2,0.5666666666666667,Elderly,Low Spenders,0.0,0.0,2.5,0.25,1.0,0.5,0.14224751066856328,0.0,0.08333333333333333,0.0995732574679943,0.1,0.5666666666666667,0.35833333333333334,0.19999999999999998,score_exclusive_discount
559194,3,0,5,2,0.0,0.4,0.3,Middle-age,Medium Spenders,0.0,0.5,6.0,0.25,1.0,1.0,0.009798157946306094,0.16666666666666666,0.2,0.006858710562414266,0.33333333333333337,0.3,0.43999999999999995,0.235,score_free_meal
559211,3,1,5,3,0.3333333333333333,0.6,0.3666666666666667,Middle-age,Medium Spenders,0.0,0.5,3.0,0.5,1.0,1.0,0.1150747986191024,0.16666666666666666,0.1,0.08055235903337167,0.33333333333333337,0.3666666666666667,0.37,0.38,score_free_night_flight
559226,4,0,4,1,0.0,0.25,0.375,Middle-age,At Risk,0.0,0.0,1.0,0.125,1.0,1.0,0.1811594202898551,0.0,0.03333333333333333,0.12681159420289856,0.2,0.375,0.3233333333333333,0.09749999999999999,score_exclusive_discount
559228,4,0,4,1,0.0,0.25,0.375,Middle-age,Low Spenders,0.0,1.0,3.0,0.125,1.0,1.0,0.21097046413502107,0.3333333333333333,0.1,0.14767932489451474,0.4666666666666667,0.375,0.37,0.1175,score_free_checkedbag
559266,1,0,7,1,0.0,0.14285714285714285,0.4285714285714286,Middle-age,At Risk,0.0,0.0,3.0,0.125,1.0,1.0,0.12091898428053205,0.0,0.1,0.08464328899637243,0.2,0.4285714285714286,0.37,0.1175,score_exclusive_discount
559277,2,2,6,2,1.0,0.3333333333333333,0.8333333333333334,Middle-age,Champions,0.0,0.0,6.75,0.5,1.0,0.25,0.09425070688030161,0.0,0.225,0.06597549481621112,0.05,0.8333333333333334,0.4575,0.4175,score_exclusive_discount
559324,2,1,7,2,0.5,0.2857142857142857,0.6071428571428572,Middle-age,Champions,0.0,0.0,5.33,0.3333333333333333,1.0,0.6666666666666666,0.1358695652173913,0.0,0.17766666666666667,0.0951086956521739,0.13333333333333333,0.6071428571428572,0.42436666666666667,0.2866333333333333,score_exclusive_discount
559345,4,1,4,1,0.25,0.25,0.5,Middle-age,Champions,0.0,0.0,4.0,0.25,0.5,0.5,0.12150668286755771,0.0,0.13333333333333333,0.0850546780072904,0.1,0.5,0.24333333333333332,0.215,score_exclusive_discount
559368,2,1,6,2,0.5,0.3333333333333333,0.5833333333333334,Middle-age,High Spenders,0.0,1.33,2.33,0.375,1.0,1.0,0.10288065843621398,0.44333333333333336,0.07766666666666668,0.07201646090534979,0.5546666666666666,0.5833333333333334,0.35436666666666666,0.28579999999999994,score_exclusive_discount
559407,3,2,5,2,0.6666666666666666,0.4,0.6333333333333333,Middle-age,High Spenders,0.0,0.75,4.5,0.5,1.0,1.0,0.12077294685990336,0.25,0.15,0.08454106280193235,0.4,0.6333333333333333,0.40499999999999997,0.39499999999999996,score_exclusive_discount
559432,1,0,7,1,0.0,0.14285714285714285,0.4285714285714286,Youth,Low Spenders,0.0,0.5,11.0,0.125,1.0,1.0,0.004432034747152418,0.16666666666666666,0.36666666666666664,0.003102424323006692,0.33333333333333337,0.4285714285714286,0.5566666666666666,0.19749999999999998,score_free_meal
559441,3,0,6,2,0.0,0.3333333333333333,0.33333333333333337,Elderly,At Risk,0.0,1.0,1.5,0.2222222222222222,0.5,0.5,0.11682242990654207,0.3333333333333333,0.05,0.08177570093457945,0.3666666666666667,0.33333333333333337,0.185,0.17055555555555552,score_free_checkedbag
559461,4,0,4,0,0.0,0.0,0.5,0,0,0.0,0.0,0.0,0.0,0.0,0.0,0.0,0.0,0.0,0.0,0.0,0.5,0.0,0.0,score_exclusive_discount
559464,3,0,5,2,0.0,0.4,0.3,Middle-age,Medium Spenders,0.0,0.5,5.5,0.25,0.5,1.0,0.11695906432748537,0.16666666666666666,0.18333333333333332,0.08187134502923976,0.33333333333333337,0.3,0.2783333333333333,0.22999999999999998,score_free_checkedbag
559465,4,0,4,0,0.0,0.0,0.5,0,0,0.0,0.0,0.0,0.0,0.0,0.0,0.0,0.0,0.0,0.0,0.0,0.5,0.0,0.0,score_exclusive_discount
559468,1,0,7,2,0.0,0.2857142857142857,0.35714285714285715,Middle-age,Medium Spenders,0.0,1.0,7.0,0.25,1.0,0.5,0.0831946755407654,0.3333333333333333,0.23333333333333334,0.05823627287853578,0.3666666666666667,0.35714285714285715,0.4633333333333333,0.245,score_free_meal
559469,1,0,7,4,0.0,0.5714285714285714,0.2142857142857143,Middle-age,Champions,0.0,0.5,1.25,0.5,0.75,1.0,0.08795074758135445,0.16666666666666666,0.041666666666666664,0.06156552330694811,0.33333333333333337,0.2142857142857143,0.25416666666666665,0.3625,score_free_night_flight
559473,5,1,3,2,0.2,0.6666666666666666,0.2666666666666667,Middle-age,Low Spenders,0.0,0.33,2.33,0.375,1.0,1.0,0.08382229673093043,0.11,0.07766666666666668,0.0586756077116513,0.28800000000000003,0.2666666666666667,0.35436666666666666,0.28579999999999994,score_free_meal
559520,3,0,6,1,0.0,0.16666666666666666,0.4166666666666667,Middle-age,Medium Spenders,0.0,0.0,3.0,0.1111111111111111,1.0,1.0,0.11337868480725623,0.0,0.1,0.07936507936507936,0.2,0.4166666666666667,0.37,0.10777777777777776,score_exclusive_discount
559537,3,1,5,1,0.3333333333333333,0.2,0.5666666666666667,Middle-age,Champions,0.0,1.12,3.0,0.25,1.0,1.0,0.1322751322751323,0.37333333333333335,0.1,0.0925925925925926,0.4986666666666667,0.5666666666666667,0.37,0.205,score_exclusive_discount
559547,5,1,4,0,0.2,0.0,0.6,Elderly,At Risk,0.0,0.0,3.0,0.1111111111111111,1.0,0.0,1.0,0.0,0.1,0.7,0.0,0.6,0.37,0.10777777777777776,score_free_cancellation
559661,4,1,4,1,0.25,0.25,0.5,0,0,0.0,0.0,0.0,0.0,0.0,0.0,0.0,0.0,0.0,0.0,0.0,0.5,0.0,0.0,score_exclusive_discount
559695,2,2,6,3,1.0,0.5,0.75,Middle-age,Low Spenders,0.2,1.5,2.0,0.625,0.8,0.8,0.13157894736842105,0.5,0.06666666666666667,0.09210526315789473,0.56,0.75,0.2866666666666666,0.4575,score_exclusive_discount
559712,3,1,6,2,0.3333333333333333,0.3333333333333333,0.5,Middle-age,Medium Spenders,0.0,1.0,3.33,0.3333333333333333,1.0,1.0,0.11574074074074073,0.3333333333333333,0.111,0.0810185185185185,0.4666666666666667,0.5,0.3777,0.2666333333333333,score_exclusive_discount
559758,1,0,7,1,0.0,0.14285714285714285,0.4285714285714286,Middle-age,Low Spenders,0.0,0.0,6.0,0.125,1.0,0.0,1.0,0.0,0.2,0.7,0.0,0.4285714285714286,0.43999999999999995,0.1475,score_free_cancellation
559772,1,0,7,6,0.0,0.8571428571428571,0.07142857142857145,Middle-age,Champions,0.0,0.17,2.17,0.75,1.0,1.0,0.13774104683195593,0.05666666666666667,0.07233333333333333,0.09641873278236915,0.24533333333333335,0.07142857142857145,0.3506333333333333,0.5467,score_free_night_flight
559775,3,1,6,2,0.3333333333333333,0.3333333333333333,0.5,Middle-age,Medium Spenders,0.0,1.0,3.67,0.3333333333333333,1.0,1.0,0.09910802775024777,0.3333333333333333,0.12233333333333334,0.06937561942517344,0.4666666666666667,0.5,0.38563333333333333,0.2700333333333333,score_exclusive_discount
559782,6,2,2,2,0.3333333333333333,1.0,0.16666666666666663,Middle-age,High Spenders,0.0,0.25,3.25,0.5,1.0,1.0,0.1272264631043257,0.08333333333333333,0.10833333333333334,0.08905852417302798,0.26666666666666666,0.16666666666666663,0.37583333333333335,0.38249999999999995,score_free_night_flight
559787,3,1,6,3,0.3333333333333333,0.5,0.41666666666666663,Middle-age,Champions,0.0,0.62,2.5,0.4444444444444444,0.5,1.0,0.013215276860050218,0.20666666666666667,0.08333333333333333,0.009250693802035153,0.36533333333333334,0.41666666666666663,0.20833333333333331,0.3361111111111111,score_exclusive_discount
559794,3,1,5,4,0.3333333333333333,0.8,0.2666666666666666,Middle-age,High Spenders,0.0,0.8,2.2,0.625,0.8,1.0,0.11185682326621922,0.26666666666666666,0.07333333333333333,0.07829977628635346,0.41333333333333333,0.2666666666666666,0.29133333333333333,0.4595,score_free_night_flight
559832,5,0,3,0,0.0,0.0,0.5,0,0,0.0,0.0,0.0,0.0,0.0,0.0,0.0,0.0,0.0,0.0,0.0,0.5,0.0,0.0,score_exclusive_discount
559834,1,0,8,2,0.0,0.25,0.375,Middle-age,Low Spenders,0.0,0.5,1.0,0.2222222222222222,1.0,1.0,0.17921146953405018,0.16666666666666666,0.03333333333333333,0.12544802867383512,0.33333333333333337,0.375,0.3233333333333333,0.16555555555555554,score_exclusive_discount
559846,2,1,7,0,0.5,0.0,0.75,Middle-age,Medium Spenders,0.0,0.0,4.0,0.1111111111111111,1.0,1.0,0.1347708894878706,0.0,0.13333333333333333,0.09433962264150943,0.2,0.75,0.3933333333333333,0.11777777777777776,score_exclusive_discount
559863,1,0,7,3,0.0,0.42857142857142855,0.2857142857142857,Middle-age,Medium Spenders,0.0,0.67,4.0,0.375,1.0,1.0,0.1295336787564767,0.22333333333333336,0.13333333333333333,0.09067357512953368,0.3786666666666667,0.2857142857142857,0.3933333333333333,0.30249999999999994,score_free_meal
559901,2,0,6,4,0.0,0.6666666666666666,0.16666666666666669,Middle-age,Medium Spenders,0.0,0.25,1.0,0.5,1.0,1.0,0.1004016064257028,0.08333333333333333,0.03333333333333333,0.07028112449799195,0.26666666666666666,0.16666666666666669,0.3233333333333333,0.36,score_free_night_flight
559918,1,0,7,3,0.0,0.42857142857142855,0.2857142857142857,Middle-age,Champions,0.0,1.0,6.67,0.375,1.0,0.3333333333333333,0.1297016861219196,0.3333333333333333,0.22233333333333333,0.0907911802853437,0.3333333333333333,0.2857142857142857,0.45563333333333333,0.32919999999999994,score_free_meal
559936,3,2,5,2,0.6666666666666666,0.4,0.6333333333333333,Middle-age,Low Spenders,0.25,0.0,2.0,0.5,1.0,1.0,0.09174311926605504,0.0,0.06666666666666667,0.06422018348623852,0.2,0.6333333333333333,0.3466666666666667,0.37,score_exclusive_discount
559981,3,2,5,4,0.6666666666666666,0.8,0.4333333333333333,Middle-age,Champions,0.0,0.67,2.5,0.75,1.0,1.0,0.11764705882352941,0.22333333333333336,0.08333333333333333,0.08235294117647059,0.3786666666666667,0.4333333333333333,0.35833333333333334,0.5499999999999999,score_free_night_flight
559995,2,0,6,1,0.0,0.16666666666666666,0.4166666666666667,Middle-age,High Spenders,0.0,0.5,5.0,0.125,1.0,1.0,0.13089005235602094,0.16666666666666666,0.16666666666666666,0.09162303664921466,0.33333333333333337,0.4166666666666667,0.41666666666666663,0.13749999999999998,score_exclusive_discount
560015,2,1,6,0,0.5,0.0,0.75,Youth,At Risk,0.0,1.0,3.0,0.125,1.0,1.0,0.12180267965895249,0.3333333333333333,0.1,0.08526187576126673,0.4666666666666667,0.75,0.37,0.1175,score_exclusive_discount
560035,2,0,6,2,0.0,0.3333333333333333,0.33333333333333337,Middle-age,Medium Spenders,0.0,1.0,6.0,0.25,1.0,1.0,0.1631321370309951,0.3333333333333333,0.2,0.11419249592169657,0.4666666666666667,0.33333333333333337,0.43999999999999995,0.235,score_free_checkedbag
560065,5,3,5,1,0.6,0.2,0.7,Middle-age,High Spenders,0.0,0.5,5.5,0.4,1.0,0.5,0.11441647597254004,0.16666666666666666,0.18333333333333332,0.08009153318077802,0.23333333333333334,0.7,0.42833333333333334,0.33499999999999996,score_exclusive_discount
560078,5,2,3,1,0.4,0.3333333333333333,0.5333333333333333,Middle-age,Low Spenders,0.0,1.0,1.0,0.375,0.6666666666666666,1.0,0.12360939431396786,0.3333333333333333,0.03333333333333333,0.08652657601977749,0.4666666666666667,0.5333333333333333,0.22333333333333333,0.27249999999999996,score_exclusive_discount
560085,2,1,6,5,0.5,0.8333333333333334,0.3333333333333333,Middle-age,Champions,0.17,0.38,4.25,0.75,0.8333333333333334,1.0,0.11764705882352941,0.12666666666666668,0.14166666666666666,0.08235294117647059,0.30133333333333334,0.3333333333333333,0.3491666666666666,0.5674999999999999,score_free_night_flight
560090,3,1,5,2,0.3333333333333333,0.4,0.4666666666666667,Middle-age,Low Spenders,0.0,0.5,3.0,0.375,1.0,0.6666666666666666,0.11737089201877934,0.16666666666666666,0.1,0.08215962441314553,0.26666666666666666,0.4666666666666667,0.37,0.2925,score_exclusive_discount
560125,3,1,5,1,0.3333333333333333,0.2,0.5666666666666667,Middle-age,Champions,0.0,0.75,5.5,0.25,1.0,1.0,0.14265335235378032,0.25,0.18333333333333332,0.09985734664764621,0.4,0.5666666666666667,0.42833333333333334,0.22999999999999998,score_exclusive_discount
560175,2,0,6,2,0.0,0.3333333333333333,0.33333333333333337,Middle-age,At Risk,0.0,0.0,1.0,0.25,0.5,1.0,0.09017132551848513,0.0,0.03333333333333333,0.06311992786293959,0.2,0.33333333333333337,0.17333333333333334,0.185,score_exclusive_discount
560195,2,2,6,4,1.0,0.6666666666666666,0.6666666666666667,Middle-age,Champions,0.0,0.2,3.0,0.75,0.8333333333333334,0.8333333333333334,0.10309278350515465,0.06666666666666667,0.1,0.07216494845360825,0.22000000000000003,0.6666666666666667,0.32,0.5549999999999999,score_exclusive_discount
560213,3,1,5,1,0.3333333333333333,0.2,0.5666666666666667,Middle-age,Low Spenders,0.0,1.5,1.0,0.25,1.0,1.0,0.14705882352941177,0.5,0.03333333333333333,0.10294117647058823,0.6000000000000001,0.5666666666666667,0.3233333333333333,0.185,score_free_checkedbag
560245,2,0,7,3,0.0,0.42857142857142855,0.2857142857142857,Middle-age,Champions,0.0,0.0,2.67,0.3333333333333333,1.0,1.0,0.10405827263267431,0.0,0.089,0.07284079084287201,0.2,0.2857142857142857,0.36229999999999996,0.2600333333333333,score_free_meal
560257,0,0,10,1,0.0,0.1,0.5,Middle-age,At Risk,0.0,0.0,3.0,0.1,1.0,0.0,1.0,0.0,0.1,0.7,0.0,0.5,0.37,0.09999999999999999,score_free_cancellation
560273,1,1,7,2,1.0,0.2857142857142857,0.8571428571428572,Middle-age,High Spenders,0.0,0.0,2.0,0.375,1.0,0.6666666666666666,0.14430014430014432,0.0,0.06666666666666667,0.10101010101010102,0.13333333333333333,0.8571428571428572,0.3466666666666667,0.2825,score_exclusive_discount
560279,1,0,7,0,0.0,0.0,0.5,0,0,0.0,0.0,0.0,0.0,0.0,0.0,0.0,0.0,0.0,0.0,0.0,0.5,0.0,0.0,score_exclusive_discount
560291,4,1,4,2,0.25,0.5,0.375,Middle-age,Medium Spenders,0.0,1.0,3.0,0.375,0.6666666666666666,1.0,0.10857763300760043,0.3333333333333333,0.1,0.0760043431053203,0.4666666666666667,0.375,0.26999999999999996,0.2925,score_free_checkedbag
560341,2,0,6,3,0.0,0.5,0.25,Middle-age,Medium Spenders,0.0,0.0,6.33,0.375,1.0,0.3333333333333333,0.15723270440251572,0.0,0.211,0.110062893081761,0.06666666666666667,0.25,0.4477,0.3258,score_free_meal
560362,1,1,7,3,1.0,0.42857142857142855,0.7857142857142857,Middle-age,Medium Spenders,0.0,1.0,1.5,0.5,1.0,1.0,0.14534883720930233,0.3333333333333333,0.05,0.10174418604651163,0.4666666666666667,0.7857142857142857,0.33499999999999996,0.365,score_exclusive_discount
560367,1,1,8,4,1.0,0.5,0.75,Middle-age,Champions,0.0,0.4,2.2,0.5555555555555556,0.8,1.0,0.1336898395721925,0.13333333333333333,0.07333333333333333,0.09358288770053474,0.3066666666666667,0.75,0.29133333333333333,0.4108888888888889,score_exclusive_discount
560374,4,2,4,3,0.5,0.75,0.375,Middle-age,Champions,0.0,0.5,4.0,0.625,1.0,0.8,0.10593220338983052,0.16666666666666666,0.13333333333333333,0.07415254237288135,0.29333333333333333,0.375,0.3933333333333333,0.4775,score_free_night_flight
560433,2,0,6,0,0.0,0.0,0.5,0,0,0.0,0.0,0.0,0.0,0.0,0.0,0.0,0.0,0.0,0.0,0.0,0.5,0.0,0.0,score_exclusive_discount
560468,2,0,6,3,0.0,0.5,0.25,Middle-age,Medium Spenders,0.0,0.33,5.33,0.375,1.0,1.0,0.1194743130227001,0.11,0.17766666666666667,0.08363201911589006,0.28800000000000003,0.25,0.42436666666666667,0.31579999999999997,score_free_meal
560478,5,0,5,2,0.0,0.4,0.3,Middle-age,Medium Spenders,0.0,3.0,6.0,0.2,1.0,0.5,0.0927643784786642,1.0,0.2,0.06493506493506494,0.9,0.3,0.43999999999999995,0.19999999999999998,score_free_checkedbag
560495,3,0,5,0,0.0,0.0,0.5,0,0,0.0,0.0,0.0,0.0,0.0,0.0,0.0,0.0,0.0,0.0,0.0,0.5,0.0,0.0,score_exclusive_discount
560497,2,0,7,1,0.0,0.14285714285714285,0.4285714285714286,Middle-age,At Risk,0.0,0.0,1.0,0.1111111111111111,1.0,1.0,0.11363636363636363,0.0,0.03333333333333333,0.07954545454545454,0.2,0.4285714285714286,0.3233333333333333,0.08777777777777776,score_exclusive_discount
560508,2,0,6,1,0.0,0.16666666666666666,0.4166666666666667,Middle-age,At Risk,0.0,0.0,0.0,0.125,0.0,1.0,0.11350737797956868,0.0,0.0,0.07945516458569807,0.2,0.4166666666666667,0.0,0.0875,score_exclusive_discount
560511,3,2,5,4,0.6666666666666666,0.8,0.4333333333333333,Middle-age,Champions,0.0,0.6,4.5,0.75,1.0,0.8333333333333334,0.1075268817204301,0.19999999999999998,0.15,0.07526881720430106,0.32666666666666666,0.4333333333333333,0.40499999999999997,0.57,score_free_night_flight
560519,2,0,6,2,0.0,0.3333333333333333,0.33333333333333337,Middle-age,Low Spenders,0.0,0.0,3.5,0.25,0.5,1.0,0.07633587786259542,0.0,0.11666666666666667,0.05343511450381679,0.2,0.33333333333333337,0.23166666666666666,0.21,score_exclusive_discount
560529,4,0,4,1,0.0,0.25,0.375,Youth,Low Spenders,0.0,0.0,8.0,0.125,1.0,0.0,1.0,0.0,0.26666666666666666,0.7,0.0,0.375,0.48666666666666664,0.16749999999999998,score_free_cancellation
560627,4,2,5,2,0.5,0.4,0.55,Middle-age,Low Spenders,0.25,1.0,5.0,0.4444444444444444,1.0,1.0,0.10964912280701755,0.3333333333333333,0.16666666666666666,0.07675438596491228,0.4666666666666667,0.55,0.41666666666666663,0.36111111111111105,score_exclusive_discount
560672,3,1,5,2,0.3333333333333333,0.4,0.4666666666666667,Middle-age,High Spenders,0.0,0.33,3.33,0.375,1.0,1.0,0.13262599469496023,0.11,0.111,0.09283819628647215,0.28800000000000003,0.4666666666666667,0.3777,0.29579999999999995,score_exclusive_discount
560680,5,2,3,0,0.4,0.0,0.7,0,0,0.0,0.0,0.0,0.0,0.0,0.0,0.0,0.0,0.0,0.0,0.0,0.7,0.0,0.0,score_exclusive_discount
560723,2,0,7,0,0.0,0.0,0.5,0,0,0.0,0.0,0.0,0.0,0.0,0.0,0.0,0.0,0.0,0.0,0.0,0.5,0.0,0.0,score_exclusive_discount
560733,3,1,5,3,0.3333333333333333,0.6,0.3666666666666667,Middle-age,Champions,0.0,0.78,2.75,0.5,1.0,0.75,0.14064697609001406,0.26,0.09166666666666666,0.09845288326300984,0.35800000000000004,0.3666666666666667,0.36416666666666664,0.37749999999999995,score_free_night_flight
560739,3,2,5,3,0.6666666666666666,0.6,0.5333333333333333,Middle-age,Medium Spenders,0.2,0.33,2.67,0.625,0.8,1.0,0.1122334455667789,0.11,0.089,0.07856341189674523,0.28800000000000003,0.5333333333333333,0.3023,0.4642,score_exclusive_discount
560747,2,1,6,3,0.5,0.5,0.5,Middle-age,High Spenders,0.0,0.25,1.25,0.5,0.75,1.0,0.11337868480725623,0.08333333333333333,0.041666666666666664,0.07936507936507936,0.26666666666666666,0.5,0.25416666666666665,0.3625,score_exclusive_discount
560796,5,2,3,0,0.4,0.0,0.7,Middle-age,Medium Spenders,0.0,1.0,4.5,0.25,0.5,1.0,0.10706638115631692,0.3333333333333333,0.15,0.07494646680942184,0.4666666666666667,0.7,0.255,0.21999999999999997,score_exclusive_discount
560803,5,2,3,3,0.4,1.0,0.2,Middle-age,Champions,0.0,0.2,3.4,0.625,1.0,1.0,0.10718113612004287,0.06666666666666667,0.11333333333333333,0.07502679528403,0.25333333333333335,0.2,0.3793333333333333,0.4715,score_free_night_flight
560854,0,0,9,4,0.0,0.4444444444444444,0.5,Middle-age,Champions,0.0,0.45,4.25,0.4444444444444444,1.0,1.0,0.013114754098360656,0.15,0.14166666666666666,0.009180327868852459,0.32,0.5,0.39916666666666667,0.35361111111111104,score_exclusive_discount
560870,4,1,4,1,0.25,0.25,0.5,Middle-age,Low Spenders,0.0,0.5,2.0,0.25,0.5,1.0,0.14347202295552366,0.16666666666666666,0.06666666666666667,0.10043041606886656,0.33333333333333337,0.5,0.19666666666666666,0.19499999999999998,score_exclusive_discount
560888,2,0,7,3,0.0,0.42857142857142855,0.2857142857142857,Middle-age,High Spenders,0.0,0.5,2.0,0.3333333333333333,0.6666666666666666,1.0,0.11764705882352941,0.16666666666666666,0.06666666666666667,0.08235294117647059,0.33333333333333337,0.2857142857142857,0.24666666666666665,0.2533333333333333,score_free_checkedbag
560897,0,0,8,3,0.0,0.375,0.5,Middle-age,Low Spenders,0.0,1.0,1.33,0.375,1.0,1.0,0.1297016861219196,0.3333333333333333,0.044333333333333336,0.0907911802853437,0.4666666666666667,0.5,0.33103333333333335,0.27579999999999993,score_exclusive_discount
560915,3,1,5,0,0.3333333333333333,0.0,0.6666666666666666,Youth,At Risk,0.0,1.0,4.0,0.125,1.0,1.0,0.11273957158962794,0.3333333333333333,0.13333333333333333,0.07891770011273955,0.4666666666666667,0.6666666666666666,0.3933333333333333,0.1275,score_exclusive_discount
560929,2,0,8,2,0.0,0.25,0.375,Middle-age,Low Spenders,0.0,1.0,2.0,0.2,1.0,0.5,0.09302325581395349,0.3333333333333333,0.06666666666666667,0.06511627906976744,0.3666666666666667,0.375,0.3466666666666667,0.15999999999999998,score_exclusive_discount
560948,1,0,7,0,0.0,0.0,0.5,0,0,0.0,0.0,0.0,0.0,0.0,0.0,0.0,0.0,0.0,0.0,0.0,0.5,0.0,0.0,score_exclusive_discount
560949,1,0,7,2,0.0,0.2857142857142857,0.35714285714285715,Middle-age,Champions,0.0,0.67,6.5,0.25,1.0,0.5,0.1278772378516624,0.22333333333333336,0.21666666666666667,0.08951406649616368,0.27866666666666673,0.35714285714285715,0.45166666666666666,0.24,score_free_meal
560978,1,1,7,1,1.0,0.14285714285714285,0.9285714285714286,Youth,Champions,0.0,0.5,13.0,0.25,1.0,0.5,0.017340038148083926,0.16666666666666666,0.43333333333333335,0.012138026703658747,0.23333333333333334,0.9285714285714286,0.6033333333333333,0.305,score_exclusive_discount
560991,2,0,6,4,0.0,0.6666666666666666,0.16666666666666669,Middle-age,Champions,0.0,0.5,7.0,0.5,1.0,1.0,0.08984725965858041,0.16666666666666666,0.23333333333333334,0.06289308176100629,0.33333333333333337,0.16666666666666669,0.4633333333333333,0.42,score_free_meal
561013,3,2,5,1,0.6666666666666666,0.2,0.7333333333333333,Middle-age,Champions,0.0,0.5,10.67,0.375,0.6666666666666666,0.6666666666666666,0.10604453870625663,0.16666666666666666,0.3556666666666667,0.07423117709437964,0.26666666666666666,0.7333333333333333,0.4489666666666666,0.3692,score_exclusive_discount
561031,1,1,7,5,1.0,0.7142857142857143,0.6428571428571428,Middle-age,High Spenders,0.17,0.5,3.75,0.75,1.0,1.0,0.136986301369863,0.16666666666666666,0.125,0.0958904109589041,0.33333333333333337,0.6428571428571428,0.38749999999999996,0.5624999999999999,score_exclusive_discount
561033,2,1,6,3,0.5,0.5,0.5,Middle-age,High Spenders,0.0,1.0,2.0,0.5,1.0,1.0,0.10224948875255624,0.3333333333333333,0.06666666666666667,0.07157464212678936,0.4666666666666667,0.5,0.3466666666666667,0.37,score_exclusive_discount
561037,2,0,6,2,0.0,0.3333333333333333,0.33333333333333337,Middle-age,High Spenders,0.0,1.0,10.0,0.25,1.0,0.5,0.1234567901234568,0.3333333333333333,0.3333333333333333,0.08641975308641975,0.3666666666666667,0.33333333333333337,0.5333333333333333,0.27499999999999997,score_free_meal
561044,2,0,6,0,0.0,0.0,0.5,0,0,0.0,0.0,0.0,0.0,0.0,0.0,0.0,0.0,0.0,0.0,0.0,0.5,0.0,0.0,score_exclusive_discount
561054,3,2,6,2,0.6666666666666666,0.3333333333333333,0.6666666666666666,Youth,High Spenders,0.0,0.67,3.75,0.4444444444444444,1.0,0.75,0.014031149151115477,0.22333333333333336,0.125,0.009821804405780834,0.3286666666666667,0.6666666666666666,0.38749999999999996,0.34861111111111104,score_exclusive_discount
561156,1,0,7,0,0.0,0.0,0.5,0,0,0.0,0.0,0.0,0.0,0.0,0.0,0.0,0.0,0.0,0.0,0.0,0.5,0.0,0.0,score_exclusive_discount
561201,2,1,6,2,0.5,0.3333333333333333,0.5833333333333334,Middle-age,Champions,0.0,0.92,2.0,0.375,0.6666666666666666,0.6666666666666666,0.007534091765237701,0.3066666666666667,0.06666666666666667,0.0052738642356663906,0.3786666666666667,0.5833333333333334,0.24666666666666665,0.2825,score_exclusive_discount
561243,4,2,4,2,0.5,0.5,0.5,Middle-age,High Spenders,0.0,0.5,3.25,0.5,0.75,1.0,0.11547344110854503,0.16666666666666666,0.10833333333333334,0.08083140877598152,0.33333333333333337,0.5,0.3008333333333333,0.38249999999999995,score_exclusive_discount
561288,2,0,6,0,0.0,0.0,0.5,0,0,0.0,0.0,0.0,0.0,0.0,0.0,0.0,0.0,0.0,0.0,0.0,0.5,0.0,0.0,score_exclusive_discount
561326,2,1,6,1,0.5,0.16666666666666666,0.6666666666666667,Middle-age,Low Spenders,0.0,1.0,6.0,0.25,1.0,0.5,0.11415525114155252,0.3333333333333333,0.2,0.07990867579908675,0.3666666666666667,0.6666666666666667,0.43999999999999995,0.235,score_exclusive_discount
561331,2,1,6,1,0.5,0.16666666666666666,0.6666666666666667,Middle-age,Medium Spenders,0.0,0.0,6.0,0.25,1.0,1.0,0.12300123001230014,0.0,0.2,0.08610086100861009,0.2,0.6666666666666667,0.43999999999999995,0.235,score_exclusive_discount
561333,1,0,7,0,0.0,0.0,0.5,0,0,0.0,0.0,0.0,0.0,0.0,0.0,0.0,0.0,0.0,0.0,0.0,0.5,0.0,0.0,score_exclusive_discount
561339,2,0,6,2,0.0,0.3333333333333333,0.33333333333333337,Middle-age,Low Spenders,0.0,2.0,1.5,0.25,1.0,1.0,0.1004016064257028,0.6666666666666666,0.05,0.07028112449799195,0.7333333333333334,0.33333333333333337,0.33499999999999996,0.19,score_free_checkedbag
561353,0,0,8,4,0.0,0.5,0.5,Middle-age,Medium Spenders,0.0,0.0,2.0,0.5,0.75,1.0,0.12820512820512822,0.0,0.06666666666666667,0.08974358974358974,0.2,0.5,0.2716666666666666,0.37,score_exclusive_discount
561367,3,0,5,2,0.0,0.4,0.3,Middle-age,Low Spenders,0.0,0.5,1.5,0.25,0.5,1.0,0.09633911368015413,0.16666666666666666,0.05,0.06743737957610789,0.33333333333333337,0.3,0.185,0.19,score_free_checkedbag
561386,1,1,7,3,1.0,0.42857142857142855,0.7857142857142857,Middle-age,High Spenders,0.0,0.75,3.0,0.5,0.75,1.0,0.10810810810810811,0.25,0.1,0.07567567567567568,0.4,0.7857142857142857,0.295,0.38,score_exclusive_discount
561503,3,1,5,3,0.3333333333333333,0.6,0.3666666666666667,Middle-age,Medium Spenders,0.0,0.33,4.0,0.5,0.75,0.75,0.09319664492078285,0.11,0.13333333333333333,0.06523765144454799,0.23800000000000004,0.3666666666666667,0.3183333333333333,0.38999999999999996,score_free_night_flight
561519,3,0,5,2,0.0,0.4,0.3,Middle-age,Champions,0.0,0.0,14.5,0.25,1.0,0.0,1.0,0.0,0.48333333333333334,0.7,0.0,0.3,0.6383333333333333,0.31999999999999995,score_free_cancellation
561642,2,2,6,2,1.0,0.3333333333333333,0.8333333333333334,Middle-age,Champions,0.0,0.67,5.5,0.5,1.0,0.75,0.14662756598240467,0.22333333333333336,0.18333333333333332,0.10263929618768326,0.3286666666666667,0.8333333333333334,0.42833333333333334,0.40499999999999997,score_exclusive_discount
561652,2,0,6,3,0.0,0.5,0.25,Middle-age,Medium Spenders,0.0,0.33,1.33,0.375,0.6666666666666666,1.0,0.13679890560875513,0.11,0.044333333333333336,0.09575923392612859,0.28800000000000003,0.25,0.2310333333333333,0.27579999999999993,score_free_checkedbag
561653,2,1,6,3,0.5,0.5,0.5,Middle-age,Medium Spenders,0.0,0.0,3.25,0.5,1.0,0.75,0.11325028312570781,0.0,0.10833333333333334,0.07927519818799546,0.15000000000000002,0.5,0.37583333333333335,0.38249999999999995,score_exclusive_discount
561665,4,0,4,1,0.0,0.25,0.375,Middle-age,High Spenders,0.0,0.0,1.0,0.125,1.0,1.0,0.13262599469496023,0.0,0.03333333333333333,0.09283819628647215,0.2,0.375,0.3233333333333333,0.09749999999999999,score_exclusive_discount
561687,2,1,6,2,0.5,0.3333333333333333,0.5833333333333334,Youth,High Spenders,0.0,0.0,6.67,0.375,1.0,0.6666666666666666,0.16891891891891891,0.0,0.22233333333333333,0.11824324324324323,0.13333333333333333,0.5833333333333334,0.45563333333333333,0.32919999999999994,score_exclusive_discount
561699,0,0,8,1,0.0,0.125,0.5,Youth,Low Spenders,0.0,0.0,3.0,0.125,1.0,1.0,0.12804097311139565,0.0,0.1,0.08962868117797694,0.2,0.5,0.37,0.1175,score_exclusive_discount
561707,1,0,7,2,0.0,0.2857142857142857,0.35714285714285715,Middle-age,Low Spenders,0.0,1.0,0.0,0.25,0.0,1.0,0.1075268817204301,0.3333333333333333,0.0,0.07526881720430106,0.4666666666666667,0.35714285714285715,0.0,0.175,score_free_checkedbag
561710,0,0,9,3,0.0,0.3333333333333333,0.5,Middle-age,Medium Spenders,0.0,1.0,2.0,0.3333333333333333,0.6666666666666666,1.0,0.11600928074245938,0.3333333333333333,0.06666666666666667,0.08120649651972156,0.4666666666666667,0.5,0.24666666666666665,0.2533333333333333,score_exclusive_discount
561798,0,0,8,3,0.0,0.375,0.5,Middle-age,Medium Spenders,0.0,0.0,3.33,0.375,1.0,1.0,0.13869625520110956,0.0,0.111,0.09708737864077668,0.2,0.5,0.3777,0.29579999999999995,score_exclusive_discount
561837,0,0,8,2,0.0,0.25,0.5,Middle-age,Low Spenders,0.0,0.0,4.0,0.25,1.0,0.5,0.12594458438287154,0.0,0.13333333333333333,0.08816120906801007,0.1,0.5,0.3933333333333333,0.215,score_exclusive_discount
561846,3,2,5,3,0.6666666666666666,0.6,0.5333333333333333,Middle-age,Medium Spenders,0.2,0.5,2.33,0.625,0.8,0.8,0.13717421124828533,0.16666666666666666,0.07766666666666668,0.09602194787379972,0.29333333333333333,0.5333333333333333,0.29436666666666667,0.4608,score_exclusive_discount
561864,0,0,8,3,0.0,0.375,0.5,Middle-age,High Spenders,0.0,0.5,4.67,0.375,1.0,0.6666666666666666,0.0856898029134533,0.16666666666666666,0.15566666666666668,0.0599828620394173,0.26666666666666666,0.5,0.40896666666666665,0.3092,score_exclusive_discount
561896,3,1,5,0,0.3333333333333333,0.0,0.6666666666666666,Middle-age,Low Spenders,0.0,1.0,3.0,0.125,1.0,1.0,0.09242144177449169,0.3333333333333333,0.1,0.06469500924214418,0.4666666666666667,0.6666666666666666,0.37,0.1175,score_exclusive_discount
561908,4,2,5,3,0.5,0.6,0.45,Middle-age,Low Spenders,0.4,0.0,1.0,0.5555555555555556,1.0,1.0,0.11848341232227487,0.0,0.03333333333333333,0.0829383886255924,0.2,0.45,0.3233333333333333,0.3988888888888889,score_exclusive_discount
561945,3,1,5,0,0.3333333333333333,0.0,0.6666666666666666,Youth,At Risk,0.0,1.0,1.0,0.125,1.0,1.0,0.1336898395721925,0.3333333333333333,0.03333333333333333,0.09358288770053474,0.4666666666666667,0.6666666666666666,0.3233333333333333,0.09749999999999999,score_exclusive_discount
561950,2,1,7,7,0.5,1.0,0.25,Middle-age,Champions,0.12,0.75,4.33,0.8888888888888888,1.0,1.0,0.10152284263959391,0.25,0.14433333333333334,0.07106598984771573,0.4,0.25,0.40103333333333335,0.6655222222222221,score_free_night_flight
561992,0,0,8,2,0.0,0.25,0.5,Middle-age,Medium Spenders,0.0,0.5,4.0,0.25,1.0,1.0,0.15060240963855423,0.16666666666666666,0.13333333333333333,0.10542168674698796,0.33333333333333337,0.5,0.3933333333333333,0.215,score_exclusive_discount
561994,3,1,5,2,0.3333333333333333,0.4,0.4666666666666667,Middle-age,Medium Spenders,0.0,0.0,2.33,0.375,1.0,1.0,0.10482180293501049,0.0,0.07766666666666668,0.07337526205450734,0.2,0.4666666666666667,0.35436666666666666,0.28579999999999994,score_exclusive_discount
562010,1,0,7,5,0.0,0.7142857142857143,0.14285714285714285,Middle-age,Medium Spenders,0.0,0.6,0.6,0.625,0.6,1.0,0.11428571428571428,0.19999999999999998,0.02,0.07999999999999999,0.36,0.14285714285714285,0.194,0.4435,score_free_night_flight
562032,4,2,4,0,0.5,0.0,0.75,Youth,High Spenders,0.0,0.0,7.5,0.25,1.0,0.0,1.0,0.0,0.25,0.7,0.0,0.75,0.475,0.25,score_exclusive_discount
562042,4,1,4,1,0.25,0.25,0.5,Middle-age,Low Spenders,0.0,0.5,1.0,0.25,1.0,1.0,0.12690355329949238,0.16666666666666666,0.03333333333333333,0.08883248730964466,0.33333333333333337,0.5,0.3233333333333333,0.185,score_exclusive_discount
562108,1,0,7,5,0.0,0.7142857142857143,0.14285714285714285,Middle-age,Champions,0.0,0.1,4.0,0.625,1.0,1.0,0.11820330969267138,0.03333333333333333,0.13333333333333333,0.08274231678486997,0.22666666666666668,0.14285714285714285,0.3933333333333333,0.4775,score_free_night_flight
562148,4,2,4,2,0.5,0.5,0.5,Middle-age,High Spenders,0.0,0.38,2.25,0.5,1.0,1.0,0.11210762331838565,0.12666666666666668,0.075,0.07847533632286996,0.30133333333333334,0.5,0.3525,0.3725,score_exclusive_discount
562161,1,1,7,1,1.0,0.14285714285714285,0.9285714285714286,Middle-age,Champions,0.0,0.17,1.5,0.25,1.0,1.0,0.13531799729364005,0.05666666666666667,0.05,0.09472259810554803,0.24533333333333335,0.9285714285714286,0.33499999999999996,0.19,score_exclusive_discount
562192,2,0,6,3,0.0,0.5,0.25,Middle-age,Low Spenders,0.0,1.33,0.67,0.375,0.6666666666666666,1.0,0.151285930408472,0.44333333333333336,0.022333333333333334,0.10590015128593039,0.5546666666666666,0.25,0.21563333333333332,0.26919999999999994,score_free_checkedbag
562209,4,2,4,0,0.5,0.0,0.75,Middle-age,High Spenders,0.0,0.5,1.5,0.25,1.0,1.0,0.12853470437017994,0.16666666666666666,0.05,0.08997429305912595,0.33333333333333337,0.75,0.33499999999999996,0.19,score_exclusive_discount
562238,1,0,7,1,0.0,0.14285714285714285,0.4285714285714286,Middle-age,At Risk,0.0,1.0,1.0,0.125,1.0,1.0,0.11904761904761904,0.3333333333333333,0.03333333333333333,0.08333333333333333,0.4666666666666667,0.4285714285714286,0.3233333333333333,0.09749999999999999,score_free_checkedbag
562275,3,3,5,3,1.0,0.6,0.7,Middle-age,High Spenders,0.17,0.25,3.75,0.75,1.0,1.0,0.11325028312570781,0.08333333333333333,0.125,0.07927519818799546,0.26666666666666666,0.7,0.38749999999999996,0.5624999999999999,score_exclusive_discount
562283,3,1,5,0,0.3333333333333333,0.0,0.6666666666666666,Youth,At Risk,0.0,0.0,4.0,0.125,1.0,0.0,1.0,0.0,0.13333333333333333,0.7,0.0,0.6666666666666666,0.3933333333333333,0.1275,score_free_cancellation
562315,3,1,6,1,0.3333333333333333,0.16666666666666666,0.5833333333333334,Middle-age,Low Spenders,0.0,0.0,1.0,0.2222222222222222,1.0,1.0,0.12690355329949238,0.0,0.03333333333333333,0.08883248730964466,0.2,0.5833333333333334,0.3233333333333333,0.16555555555555554,score_exclusive_discount
562334,0,0,9,4,0.0,0.4444444444444444,0.5,Middle-age,High Spenders,0.0,0.5,3.5,0.4444444444444444,1.0,0.75,0.1272264631043257,0.16666666666666666,0.11666666666666667,0.08905852417302798,0.2833333333333333,0.5,0.38166666666666665,0.34611111111111104,score_exclusive_discount
562338,1,1,7,2,1.0,0.2857142857142857,0.8571428571428572,Middle-age,Champions,0.0,1.0,7.33,0.375,1.0,0.3333333333333333,0.09823182711198429,0.3333333333333333,0.24433333333333335,0.068762278978389,0.3333333333333333,0.8571428571428572,0.4710333333333333,0.3358,score_exclusive_discount
562362,3,0,5,2,0.0,0.4,0.3,Middle-age,Low Spenders,0.0,0.5,1.5,0.25,1.0,1.0,0.08333333333333333,0.16666666666666666,0.05,0.05833333333333333,0.33333333333333337,0.3,0.33499999999999996,0.19,score_free_meal
562398,4,1,5,3,0.25,0.6,0.325,Middle-age,Champions,0.0,0.33,5.0,0.4444444444444444,1.0,0.75,0.10695187165775401,0.11,0.16666666666666666,0.0748663101604278,0.23800000000000004,0.325,0.41666666666666663,0.36111111111111105,score_free_meal
562416,4,2,5,1,0.5,0.2,0.65,Middle-age,Medium Spenders,0.0,0.5,3.67,0.3333333333333333,1.0,0.6666666666666666,0.17667844522968199,0.16666666666666666,0.12233333333333334,0.12367491166077738,0.26666666666666666,0.65,0.38563333333333333,0.2700333333333333,score_exclusive_discount
562417,1,1,7,2,1.0,0.2857142857142857,0.8571428571428572,Middle-age,High Spenders,0.0,0.33,4.33,0.375,1.0,1.0,0.10845986984815617,0.11,0.14433333333333334,0.07592190889370931,0.28800000000000003,0.8571428571428572,0.40103333333333335,0.30579999999999996,score_exclusive_discount
562428,1,1,7,2,1.0,0.2857142857142857,0.8571428571428572,Middle-age,Champions,0.0,0.33,3.67,0.375,1.0,1.0,0.11415525114155252,0.11,0.12233333333333334,0.07990867579908675,0.28800000000000003,0.8571428571428572,0.38563333333333333,0.29919999999999997,score_exclusive_discount
562490,1,1,7,2,1.0,0.2857142857142857,0.8571428571428572,Middle-age,Champions,0.0,0.83,0.33,0.375,0.3333333333333333,1.0,0.007936507936507936,0.27666666666666667,0.011000000000000001,0.005555555555555555,0.42133333333333334,0.8571428571428572,0.10769999999999999,0.2658,score_exclusive_discount
562516,0,0,8,0,0.0,0.0,0.5,0,0,0.0,0.0,0.0,0.0,0.0,0.0,0.0,0.0,0.0,0.0,0.0,0.5,0.0,0.0,score_exclusive_discount
562529,1,1,7,3,1.0,0.42857142857142855,0.7857142857142857,Middle-age,High Spenders,0.0,0.75,1.75,0.5,1.0,1.0,0.10672358591248667,0.25,0.058333333333333334,0.07470651013874066,0.4,0.7857142857142857,0.3408333333333333,0.3675,score_exclusive_discount
562576,2,1,6,2,0.5,0.3333333333333333,0.5833333333333334,Middle-age,High Spenders,0.0,0.5,3.33,0.375,0.6666666666666666,0.3333333333333333,0.0035566936975387677,0.16666666666666666,0.111,0.0024896855882771372,0.2,0.5833333333333334,0.27769999999999995,0.29579999999999995,score_exclusive_discount
562585,2,1,6,0,0.5,0.0,0.75,Middle-age,Low Spenders,0.0,0.0,1.0,0.125,1.0,1.0,0.15527950310559005,0.0,0.03333333333333333,0.10869565217391303,0.2,0.75,0.3233333333333333,0.09749999999999999,score_exclusive_discount
562587,2,0,6,1,0.0,0.16666666666666666,0.4166666666666667,Middle-age,Low Spenders,0.0,0.0,9.0,0.125,1.0,0.0,1.0,0.0,0.3,0.7,0.0,0.4166666666666667,0.51,0.1775,score_free_cancellation
562612,5,2,3,3,0.4,1.0,0.2,Middle-age,High Spenders,0.2,0.5,4.67,0.625,1.0,0.6,0.16501650165016502,0.16666666666666666,0.15566666666666668,0.11551155115511551,0.2533333333333333,0.2,0.40896666666666665,0.4842,score_free_night_flight
562641,2,1,6,0,0.5,0.0,0.75,Middle-age,Low Spenders,0.0,0.0,2.0,0.125,1.0,1.0,0.08410428931875526,0.0,0.06666666666666667,0.05887300252312867,0.2,0.75,0.3466666666666667,0.1075,score_exclusive_discount
562648,3,1,5,2,0.3333333333333333,0.4,0.4666666666666667,Middle-age,High Spenders,0.0,0.67,4.0,0.375,1.0,1.0,0.1400560224089636,0.22333333333333336,0.13333333333333333,0.09803921568627451,0.3786666666666667,0.4666666666666667,0.3933333333333333,0.30249999999999994,score_exclusive_discount
562708,2,2,6,3,1.0,0.5,0.75,Middle-age,Medium Spenders,0.0,0.6,1.8,0.625,1.0,1.0,0.11904761904761904,0.19999999999999998,0.060000000000000005,0.08333333333333333,0.36,0.75,0.34199999999999997,0.4555,score_exclusive_discount
562814,3,1,5,0,0.3333333333333333,0.0,0.6666666666666666,Youth,Low Spenders,0.0,0.0,11.0,0.125,1.0,0.0,1.0,0.0,0.36666666666666664,0.7,0.0,0.6666666666666666,0.5566666666666666,0.19749999999999998,score_free_cancellation
562832,3,2,7,3,0.6666666666666666,0.42857142857142855,0.6190476190476191,Middle-age,Champions,0.0,0.08,2.2,0.5,0.6,0.8,0.10775862068965518,0.02666666666666667,0.07333333333333333,0.07543103448275862,0.18133333333333337,0.6190476190476191,0.23133333333333334,0.372,score_exclusive_discount
562843,2,0,6,4,0.0,0.6666666666666666,0.16666666666666669,Middle-age,Champions,0.0,0.75,2.0,0.5,0.75,1.0,0.12658227848101264,0.25,0.06666666666666667,0.08860759493670885,0.4,0.16666666666666669,0.2716666666666666,0.37,score_free_checkedbag
562869,2,2,6,2,1.0,0.3333333333333333,0.8333333333333334,Middle-age,Champions,0.0,0.62,2.25,0.5,1.0,1.0,0.1044932079414838,0.20666666666666667,0.075,0.07314524555903866,0.36533333333333334,0.8333333333333334,0.3525,0.3725,score_exclusive_discount
562886,1,0,7,4,0.0,0.5714285714285714,0.2142857142857143,Middle-age,Medium Spenders,0.0,1.0,1.5,0.5,1.0,1.0,0.11235955056179775,0.3333333333333333,0.05,0.07865168539325842,0.4666666666666667,0.2142857142857143,0.33499999999999996,0.365,score_free_checkedbag
562888,4,0,4,0,0.0,0.0,0.5,0,0,0.0,0.0,0.0,0.0,0.0,0.0,0.0,0.0,0.0,0.0,0.0,0.5,0.0,0.0,score_exclusive_discount
562894,0,0,8,2,0.0,0.25,0.5,Middle-age,Low Spenders,0.0,0.5,0.5,0.25,0.5,1.0,0.12048192771084336,0.16666666666666666,0.016666666666666666,0.08433734939759034,0.33333333333333337,0.5,0.16166666666666665,0.18,score_exclusive_discount
563012,3,1,5,0,0.3333333333333333,0.0,0.6666666666666666,Youth,Medium Spenders,0.0,0.0,9.0,0.125,1.0,0.0,1.0,0.0,0.3,0.7,0.0,0.6666666666666666,0.51,0.1775,score_free_cancellation
563021,1,0,7,1,0.0,0.14285714285714285,0.4285714285714286,Middle-age,Low Spenders,0.0,0.0,1.0,0.125,1.0,1.0,0.15479876160990713,0.0,0.03333333333333333,0.10835913312693499,0.2,0.4285714285714286,0.3233333333333333,0.09749999999999999,score_exclusive_discount
563052,3,1,5,0,0.3333333333333333,0.0,0.6666666666666666,Youth,At Risk,0.0,0.0,4.0,0.125,1.0,0.0,1.0,0.0,0.13333333333333333,0.7,0.0,0.6666666666666666,0.3933333333333333,0.1275,score_free_cancellation
563059,4,4,4,2,1.0,0.5,0.75,Middle-age,High Spenders,0.17,0.5,1.25,0.75,0.8333333333333334,1.0,0.08605851979345956,0.16666666666666666,0.041666666666666664,0.060240963855421686,0.33333333333333337,0.75,0.2791666666666667,0.5374999999999999,score_exclusive_discount
563100,2,1,6,1,0.5,0.16666666666666666,0.6666666666666667,Youth,High Spenders,0.0,0.5,3.5,0.25,1.0,1.0,0.14367816091954022,0.16666666666666666,0.11666666666666667,0.10057471264367815,0.33333333333333337,0.6666666666666667,0.38166666666666665,0.21,score_exclusive_discount
563148,1,1,7,4,1.0,0.5714285714285714,0.7142857142857143,Middle-age,High Spenders,0.2,0.67,2.67,0.625,0.8,1.0,0.13192612137203166,0.22333333333333336,0.089,0.09234828496042216,0.3786666666666667,0.7142857142857143,0.3023,0.4642,score_exclusive_discount
563162,3,1,5,2,0.3333333333333333,0.4,0.4666666666666667,Middle-age,Medium Spenders,0.0,0.0,2.0,0.375,1.0,1.0,0.14556040756914118,0.0,0.06666666666666667,0.10189228529839882,0.2,0.4666666666666667,0.3466666666666667,0.2825,score_exclusive_discount
563165,3,2,6,0,0.6666666666666666,0.0,0.8333333333333333,Middle-age,Medium Spenders,0.0,0.5,4.5,0.2222222222222222,1.0,1.0,0.14513788098693758,0.16666666666666666,0.15,0.1015965166908563,0.33333333333333337,0.8333333333333333,0.40499999999999997,0.20055555555555554,score_exclusive_discount
563201,2,0,6,3,0.0,0.5,0.25,Middle-age,Champions,0.0,0.0,5.0,0.375,0.6666666666666666,1.0,0.12019230769230768,0.0,0.16666666666666666,0.08413461538461538,0.2,0.25,0.31666666666666665,0.31249999999999994,score_free_meal
563221,1,1,7,3,1.0,0.42857142857142855,0.7857142857142857,Middle-age,Champions,0.0,0.25,2.25,0.5,1.0,1.0,0.09569377990430622,0.08333333333333333,0.075,0.06698564593301434,0.26666666666666666,0.7857142857142857,0.3525,0.3725,score_exclusive_discount
563253,3,2,5,1,0.6666666666666666,0.2,0.7333333333333333,Middle-age,Medium Spenders,0.0,1.0,2.67,0.375,1.0,0.6666666666666666,0.14684287812041116,0.3333333333333333,0.089,0.1027900146842878,0.4,0.7333333333333333,0.36229999999999996,0.28919999999999996,score_exclusive_discount
563254,1,0,7,2,0.0,0.2857142857142857,0.35714285714285715,Youth,Medium Spenders,0.0,0.5,6.5,0.25,1.0,1.0,0.09099181073703366,0.16666666666666666,0.21666666666666667,0.06369426751592357,0.33333333333333337,0.35714285714285715,0.45166666666666666,0.24,score_free_meal
563266,1,1,7,1,1.0,0.14285714285714285,0.9285714285714286,Youth,Medium Spenders,0.0,0.0,1.5,0.25,1.0,1.0,0.12269938650306748,0.0,0.05,0.08588957055214723,0.2,0.9285714285714286,0.33499999999999996,0.19,score_exclusive_discount
563315,4,1,4,2,0.25,0.5,0.375,Middle-age,Medium Spenders,0.0,1.0,4.33,0.375,1.0,0.6666666666666666,0.13550135501355015,0.3333333333333333,0.14433333333333334,0.0948509485094851,0.4,0.375,0.40103333333333335,0.30579999999999996,score_free_meal
563335,2,0,6,1,0.0,0.16666666666666666,0.4166666666666667,Middle-age,At Risk,0.0,3.0,1.0,0.125,1.0,1.0,0.14598540145985403,1.0,0.03333333333333333,0.10218978102189781,1.0,0.4166666666666667,0.3233333333333333,0.09749999999999999,score_free_checkedbag
563340,4,1,4,1,0.25,0.25,0.5,Middle-age,Low Spenders,0.0,0.5,0.5,0.25,0.5,1.0,0.13071895424836602,0.16666666666666666,0.016666666666666666,0.0915032679738562,0.33333333333333337,0.5,0.16166666666666665,0.18,score_exclusive_discount
563342,1,0,7,1,0.0,0.14285714285714285,0.4285714285714286,Middle-age,Medium Spenders,0.0,0.0,2.0,0.125,1.0,1.0,0.09140767824497258,0.0,0.06666666666666667,0.0639853747714808,0.2,0.4285714285714286,0.3466666666666667,0.1075,score_exclusive_discount
563343,5,1,3,1,0.2,0.3333333333333333,0.43333333333333335,Elderly,Low Spenders,0.0,1.0,3.0,0.25,1.0,0.5,0.16556291390728478,0.3333333333333333,0.1,0.11589403973509933,0.3666666666666667,0.43333333333333335,0.37,0.205,score_exclusive_discount
563375,4,2,5,1,0.5,0.2,0.65,Elderly,Champions,0.0,0.17,4.67,0.3333333333333333,0.6666666666666666,0.6666666666666666,0.10869565217391305,0.05666666666666667,0.15566666666666668,0.07608695652173914,0.17866666666666667,0.65,0.30896666666666667,0.2800333333333333,score_exclusive_discount
563410,1,0,7,2,0.0,0.2857142857142857,0.35714285714285715,Middle-age,Low Spenders,0.0,0.0,2.0,0.25,1.0,1.0,0.16286644951140067,0.0,0.06666666666666667,0.11400651465798047,0.2,0.35714285714285715,0.3466666666666667,0.19499999999999998,score_exclusive_discount
563425,3,1,5,1,0.3333333333333333,0.2,0.5666666666666667,Elderly,Medium Spenders,0.0,0.0,5.0,0.25,1.0,0.5,0.07886435331230283,0.0,0.16666666666666666,0.05520504731861198,0.1,0.5666666666666667,0.41666666666666663,0.22499999999999998,score_exclusive_discount
563482,1,1,8,1,1.0,0.125,0.9375,Middle-age,Medium Spenders,0.0,0.0,2.5,0.2222222222222222,1.0,1.0,0.07315288953913679,0.0,0.08333333333333333,0.05120702267739575,0.2,0.9375,0.35833333333333334,0.18055555555555552,score_exclusive_discount
563483,1,1,8,4,1.0,0.5,0.75,Middle-age,High Spenders,0.0,0.75,3.2,0.5555555555555556,1.0,0.8,0.12180267965895249,0.25,0.10666666666666667,0.08526187576126673,0.36000000000000004,0.75,0.37466666666666665,0.42088888888888887,score_exclusive_discount
563489,4,2,4,3,0.5,0.75,0.375,Middle-age,High Spenders,0.0,0.25,3.0,0.625,0.8,0.8,0.11363636363636363,0.08333333333333333,0.1,0.07954545454545454,0.22666666666666668,0.375,0.31,0.4675,score_free_night_flight
563507,1,1,7,3,1.0,0.42857142857142855,0.7857142857142857,Middle-age,High Spenders,0.0,0.88,1.5,0.5,0.75,1.0,0.11792452830188678,0.29333333333333333,0.05,0.08254716981132074,0.4346666666666667,0.7857142857142857,0.25999999999999995,0.365,score_exclusive_discount
563544,3,1,5,2,0.3333333333333333,0.4,0.4666666666666667,Middle-age,High Spenders,0.0,1.0,3.67,0.375,1.0,1.0,0.10683760683760685,0.3333333333333333,0.12233333333333334,0.07478632478632478,0.4666666666666667,0.4666666666666667,0.38563333333333333,0.29919999999999997,score_free_checkedbag
563588,4,1,5,1,0.25,0.2,0.525,Middle-age,Medium Spenders,0.0,0.5,7.0,0.2222222222222222,0.5,1.0,0.09746588693957116,0.16666666666666666,0.23333333333333334,0.0682261208576998,0.33333333333333337,0.525,0.31333333333333335,0.2255555555555555,score_exclusive_discount
563592,5,1,3,2,0.2,0.6666666666666666,0.2666666666666667,Middle-age,Champions,0.0,0.0,4.33,0.375,1.0,0.6666666666666666,0.12254901960784313,0.0,0.14433333333333334,0.08578431372549018,0.13333333333333333,0.2666666666666667,0.40103333333333335,0.30579999999999996,score_free_meal
563598,3,2,6,0,0.6666666666666666,0.0,0.8333333333333333,Youth,Medium Spenders,0.0,0.0,3.0,0.2222222222222222,1.0,0.5,0.23529411764705882,0.0,0.1,0.16470588235294117,0.1,0.8333333333333333,0.37,0.18555555555555553,score_exclusive_discount
563679,2,0,7,0,0.0,0.0,0.5,0,0,0.0,0.0,0.0,0.0,0.0,0.0,0.0,0.0,0.0,0.0,0.0,0.5,0.0,0.0,score_exclusive_discount
563691,1,0,7,1,0.0,0.14285714285714285,0.4285714285714286,Youth,At Risk,0.0,0.0,5.0,0.125,1.0,0.0,1.0,0.0,0.16666666666666666,0.7,0.0,0.4285714285714286,0.41666666666666663,0.13749999999999998,score_free_cancellation
563711,2,2,7,3,1.0,0.42857142857142855,0.7857142857142857,Middle-age,Low Spenders,0.2,0.67,2.0,0.5555555555555556,1.0,0.8,0.13458950201884254,0.22333333333333336,0.06666666666666667,0.09421265141318977,0.3386666666666667,0.7857142857142857,0.3466666666666667,0.4088888888888889,score_exclusive_discount
563731,4,3,4,2,0.75,0.5,0.625,Middle-age,Champions,0.0,0.25,4.8,0.625,0.8,0.8,0.14104372355430184,0.08333333333333333,0.16,0.09873060648801128,0.22666666666666668,0.625,0.352,0.4855,score_exclusive_discount
563735,2,1,6,4,0.5,0.6666666666666666,0.4166666666666667,Middle-age,Champions,0.0,0.6,3.2,0.625,0.6,1.0,0.13175230566534915,0.19999999999999998,0.10666666666666667,0.0922266139657444,0.36,0.4166666666666667,0.25466666666666665,0.46950000000000003,score_free_night_flight
563736,2,1,6,2,0.5,0.3333333333333333,0.5833333333333334,Middle-age,Champions,0.0,0.25,4.33,0.375,1.0,0.6666666666666666,0.136986301369863,0.08333333333333333,0.14433333333333334,0.0958904109589041,0.2,0.5833333333333334,0.40103333333333335,0.30579999999999996,score_exclusive_discount
563740,3,1,5,2,0.3333333333333333,0.4,0.4666666666666667,Middle-age,Medium Spenders,0.0,0.5,2.67,0.375,1.0,0.6666666666666666,0.1006036217303823,0.16666666666666666,0.089,0.07042253521126761,0.26666666666666666,0.4666666666666667,0.36229999999999996,0.28919999999999996,score_exclusive_discount
563773,3,1,5,2,0.3333333333333333,0.4,0.4666666666666667,Middle-age,High Spenders,0.0,0.5,5.67,0.375,1.0,0.6666666666666666,0.1519756838905775,0.16666666666666666,0.189,0.10638297872340424,0.26666666666666666,0.4666666666666667,0.4323,0.31919999999999993,score_exclusive_discount
563787,2,1,6,3,0.5,0.5,0.5,Middle-age,Low Spenders,0.0,0.0,2.0,0.5,0.75,0.75,0.1004016064257028,0.0,0.06666666666666667,0.07028112449799195,0.15000000000000002,0.5,0.2716666666666666,0.37,score_exclusive_discount
563831,3,1,6,1,0.3333333333333333,0.16666666666666666,0.5833333333333334,0,0,0.0,0.0,0.0,0.0,0.0,0.0,0.0,0.0,0.0,0.0,0.0,0.5833333333333334,0.0,0.0,score_exclusive_discount
563853,2,1,6,3,0.5,0.5,0.5,Middle-age,Low Spenders,0.25,0.5,1.5,0.5,0.75,1.0,0.10683760683760685,0.16666666666666666,0.05,0.07478632478632478,0.33333333333333337,0.5,0.25999999999999995,0.365,score_exclusive_discount
563882,0,0,8,3,0.0,0.375,0.5,Middle-age,Champions,0.0,0.17,3.67,0.375,1.0,1.0,0.1072961373390558,0.05666666666666667,0.12233333333333334,0.07510729613733905,0.24533333333333335,0.5,0.38563333333333333,0.29919999999999997,score_exclusive_discount
563896,4,1,4,2,0.25,0.5,0.375,Middle-age,At Risk,0.33,1.0,2.0,0.375,1.0,1.0,0.1342281879194631,0.3333333333333333,0.06666666666666667,0.09395973154362415,0.4666666666666667,0.375,0.3466666666666667,0.2825,score_free_checkedbag
563956,1,0,7,2,0.0,0.2857142857142857,0.35714285714285715,Middle-age,Medium Spenders,0.0,0.25,2.0,0.25,1.0,1.0,0.1092896174863388,0.08333333333333333,0.06666666666666667,0.07650273224043715,0.26666666666666666,0.35714285714285715,0.3466666666666667,0.19499999999999998,score_exclusive_discount
563974,1,0,7,1,0.0,0.14285714285714285,0.4285714285714286,Middle-age,At Risk,0.0,0.0,6.0,0.125,1.0,0.0,1.0,0.0,0.2,0.7,0.0,0.4285714285714286,0.43999999999999995,0.1475,score_free_cancellation
563995,2,1,6,1,0.5,0.16666666666666666,0.6666666666666667,Youth,Champions,0.0,0.5,4.0,0.25,1.0,1.0,0.0992063492063492,0.16666666666666666,0.13333333333333333,0.06944444444444443,0.33333333333333337,0.6666666666666667,0.3933333333333333,0.215,score_exclusive_discount
564052,1,0,7,3,0.0,0.42857142857142855,0.2857142857142857,Middle-age,High Spenders,0.0,0.67,2.0,0.375,1.0,1.0,0.09407337723424271,0.22333333333333336,0.06666666666666667,0.0658513640639699,0.3786666666666667,0.2857142857142857,0.3466666666666667,0.2825,score_free_checkedbag
564100,3,3,5,3,1.0,0.6,0.7,Middle-age,Champions,0.0,0.6,2.67,0.75,0.8333333333333334,0.8333333333333334,0.1278772378516624,0.19999999999999998,0.089,0.08951406649616368,0.32666666666666666,0.7,0.3123,0.5516999999999999,score_exclusive_discount
564101,4,1,4,1,0.25,0.25,0.5,0,0,0.0,0.0,0.0,0.0,0.0,0.0,0.0,0.0,0.0,0.0,0.0,0.5,0.0,0.0,score_exclusive_discount
564112,2,1,6,2,0.5,0.3333333333333333,0.5833333333333334,Middle-age,Medium Spenders,0.0,0.33,2.33,0.375,1.0,1.0,0.11286681715575622,0.11,0.07766666666666668,0.07900677200902935,0.28800000000000003,0.5833333333333334,0.35436666666666666,0.28579999999999994,score_exclusive_discount
564182,2,2,6,1,1.0,0.16666666666666666,0.9166666666666667,Middle-age,Medium Spenders,0.0,0.17,1.33,0.375,1.0,1.0,0.1310615989515072,0.05666666666666667,0.044333333333333336,0.09174311926605504,0.24533333333333335,0.9166666666666667,0.33103333333333335,0.27579999999999993,score_exclusive_discount
564204,1,0,7,5,0.0,0.7142857142857143,0.14285714285714285,Middle-age,High Spenders,0.0,0.47,1.8,0.625,0.8,1.0,0.1145475372279496,0.15666666666666665,0.060000000000000005,0.08018327605956471,0.32533333333333336,0.14285714285714285,0.282,0.4555,score_free_night_flight
564219,4,1,5,3,0.25,0.6,0.325,Middle-age,Medium Spenders,0.0,0.67,3.5,0.4444444444444444,1.0,0.75,0.13262599469496023,0.22333333333333336,0.11666666666666667,0.09283819628647215,0.3286666666666667,0.325,0.38166666666666665,0.34611111111111104,score_free_meal
564234,2,1,7,1,0.5,0.14285714285714285,0.6785714285714286,Middle-age,At Risk,0.0,0.0,1.5,0.2222222222222222,0.5,1.0,0.1383125864453665,0.0,0.05,0.09681881051175655,0.2,0.6785714285714286,0.185,0.17055555555555552,score_exclusive_discount
564252,3,1,5,2,0.3333333333333333,0.4,0.4666666666666667,Middle-age,High Spenders,0.0,0.33,1.33,0.375,1.0,1.0,0.13054830287206265,0.11,0.044333333333333336,0.09138381201044385,0.28800000000000003,0.4666666666666667,0.33103333333333335,0.27579999999999993,score_exclusive_discount
564258,3,2,5,1,0.6666666666666666,0.2,0.7333333333333333,Youth,Champions,0.0,0.0,7.67,0.375,1.0,0.3333333333333333,0.10256410256410256,0.0,0.25566666666666665,0.07179487179487179,0.06666666666666667,0.7333333333333333,0.47896666666666665,0.33919999999999995,score_exclusive_discount
564306,3,2,5,2,0.6666666666666666,0.4,0.6333333333333333,Middle-age,Medium Spenders,0.0,0.67,3.75,0.5,0.75,0.75,0.09174311926605504,0.22333333333333336,0.125,0.06422018348623852,0.3286666666666667,0.6333333333333333,0.3125,0.38749999999999996,score_exclusive_discount
564312,3,1,5,3,0.3333333333333333,0.6,0.3666666666666667,Middle-age,High Spenders,0.0,0.33,4.25,0.5,1.0,0.75,0.1564945226917058,0.11,0.14166666666666666,0.10954616588419405,0.23800000000000004,0.3666666666666667,0.39916666666666667,0.39249999999999996,score_free_meal
564364,4,0,4,1,0.0,0.25,0.375,Middle-age,High Spenders,0.0,0.5,10.0,0.125,1.0,1.0,0.0968054211035818,0.16666666666666666,0.3333333333333333,0.06776379477250725,0.33333333333333337,0.375,0.5333333333333333,0.1875,score_free_meal
564369,2,0,6,0,0.0,0.0,0.5,0,0,0.0,0.0,0.0,0.0,0.0,0.0,0.0,0.0,0.0,0.0,0.0,0.5,0.0,0.0,score_exclusive_discount
564377,4,2,4,1,0.5,0.25,0.625,Middle-age,Low Spenders,0.0,0.5,2.0,0.375,0.6666666666666666,0.6666666666666666,0.10582010582010583,0.16666666666666666,0.06666666666666667,0.07407407407407407,0.26666666666666666,0.625,0.24666666666666665,0.2825,score_exclusive_discount
564430,1,1,7,5,1.0,0.7142857142857143,0.6428571428571428,Middle-age,Champions,0.0,0.4,3.0,0.75,0.8333333333333334,0.8333333333333334,0.09569377990430622,0.13333333333333333,0.1,0.06698564593301434,0.2733333333333334,0.6428571428571428,0.32,0.5549999999999999,score_exclusive_discount
564434,2,0,6,0,0.0,0.0,0.5,0,0,0.0,0.0,0.0,0.0,0.0,0.0,0.0,0.0,0.0,0.0,0.0,0.5,0.0,0.0,score_exclusive_discount
564495,4,2,4,3,0.5,0.75,0.375,Middle-age,Medium Spenders,0.2,0.0,2.33,0.625,1.0,0.8,0.10131712259371835,0.0,0.07766666666666668,0.07092198581560284,0.16000000000000003,0.375,0.35436666666666666,0.4608,score_free_night_flight
564498,5,0,3,0,0.0,0.0,0.5,0,0,0.0,0.0,0.0,0.0,0.0,0.0,0.0,0.0,0.0,0.0,0.0,0.5,0.0,0.0,score_exclusive_discount
564517,3,1,5,3,0.3333333333333333,0.6,0.3666666666666667,Middle-age,High Spenders,0.0,1.0,4.0,0.5,1.0,1.0,0.09596928982725528,0.3333333333333333,0.13333333333333333,0.06717850287907869,0.4666666666666667,0.3666666666666667,0.3933333333333333,0.38999999999999996,score_free_checkedbag
564534,2,1,6,2,0.5,0.3333333333333333,0.5833333333333334,Middle-age,High Spenders,0.0,0.0,4.33,0.375,1.0,1.0,0.13245033112582782,0.0,0.14433333333333334,0.09271523178807947,0.2,0.5833333333333334,0.40103333333333335,0.30579999999999996,score_exclusive_discount
564588,3,2,5,0,0.6666666666666666,0.0,0.8333333333333333,Youth,Low Spenders,0.0,0.0,4.0,0.25,1.0,0.0,1.0,0.0,0.13333333333333333,0.7,0.0,0.8333333333333333,0.3933333333333333,0.215,score_exclusive_discount
564593,3,1,5,1,0.3333333333333333,0.2,0.5666666666666667,Middle-age,Low Spenders,0.0,0.0,5.0,0.25,1.0,0.5,0.22935779816513766,0.0,0.16666666666666666,0.16055045871559634,0.1,0.5666666666666667,0.41666666666666663,0.22499999999999998,score_exclusive_discount
564596,0,0,8,4,0.0,0.5,0.5,Middle-age,Champions,0.0,0.75,3.5,0.5,1.0,1.0,0.14513788098693758,0.25,0.11666666666666667,0.1015965166908563,0.4,0.5,0.38166666666666665,0.38499999999999995,score_exclusive_discount
564604,2,1,7,2,0.5,0.2857142857142857,0.6071428571428572,Middle-age,Low Spenders,0.0,1.0,1.0,0.3333333333333333,0.6666666666666666,1.0,0.13869625520110956,0.3333333333333333,0.03333333333333333,0.09708737864077668,0.4666666666666667,0.6071428571428572,0.22333333333333333,0.24333333333333332,score_exclusive_discount
564606,5,1,3,2,0.2,0.6666666666666666,0.2666666666666667,Middle-age,Champions,0.0,0.75,5.67,0.375,1.0,0.6666666666666666,0.11695906432748537,0.25,0.189,0.08187134502923976,0.33333333333333337,0.2666666666666667,0.4323,0.31919999999999993,score_free_meal
564616,4,1,5,1,0.25,0.2,0.525,Middle-age,Low Spenders,0.0,0.5,1.5,0.2222222222222222,0.5,1.0,0.10111223458038422,0.16666666666666666,0.05,0.07077856420626895,0.33333333333333337,0.525,0.185,0.17055555555555552,score_exclusive_discount
564620,6,3,2,2,0.5,1.0,0.25,Middle-age,High Spenders,0.2,0.33,4.0,0.625,0.8,1.0,0.09560229445506692,0.11,0.13333333333333333,0.06692160611854683,0.28800000000000003,0.25,0.3333333333333333,0.4775,score_free_night_flight
564699,1,0,7,4,0.0,0.5714285714285714,0.2142857142857143,Middle-age,Medium Spenders,0.0,0.5,2.25,0.5,1.0,1.0,0.10438413361169102,0.16666666666666666,0.075,0.07306889352818371,0.33333333333333337,0.2142857142857143,0.3525,0.3725,score_free_night_flight
564713,1,0,7,4,0.0,0.5714285714285714,0.2142857142857143,Middle-age,Champions,0.0,0.7,1.5,0.5,0.5,1.0,0.010117361392148928,0.2333333333333333,0.05,0.007082152974504249,0.38666666666666666,0.2142857142857143,0.185,0.365,score_free_checkedbag
564736,2,1,6,4,0.5,0.6666666666666666,0.4166666666666667,Middle-age,Champions,0.0,0.4,4.0,0.625,1.0,1.0,0.1152073732718894,0.13333333333333333,0.13333333333333333,0.08064516129032258,0.3066666666666667,0.4166666666666667,0.3933333333333333,0.4775,score_free_night_flight
564737,4,1,4,0,0.25,0.0,0.625,Middle-age,At Risk,0.0,0.5,1.0,0.125,1.0,1.0,0.11961722488038279,0.16666666666666666,0.03333333333333333,0.08373205741626795,0.33333333333333337,0.625,0.3233333333333333,0.09749999999999999,score_exclusive_discount
564792,4,1,4,1,0.25,0.25,0.5,Middle-age,Low Spenders,0.0,1.0,5.5,0.25,1.0,0.5,0.13531799729364005,0.3333333333333333,0.18333333333333332,0.09472259810554803,0.3666666666666667,0.5,0.42833333333333334,0.22999999999999998,score_exclusive_discount
564822,2,0,6,0,0.0,0.0,0.5,0,0,0.0,0.0,0.0,0.0,0.0,0.0,0.0,0.0,0.0,0.0,0.0,0.5,0.0,0.0,score_exclusive_discount
564842,1,0,7,2,0.0,0.2857142857142857,0.35714285714285715,Youth,Low Spenders,0.0,0.5,1.0,0.25,1.0,1.0,0.12150668286755771,0.16666666666666666,0.03333333333333333,0.0850546780072904,0.33333333333333337,0.35714285714285715,0.3233333333333333,0.185,score_exclusive_discount
564854,2,0,6,2,0.0,0.3333333333333333,0.33333333333333337,Middle-age,Low Spenders,0.0,1.0,2.5,0.25,1.0,0.5,0.14792899408284024,0.3333333333333333,0.08333333333333333,0.10355029585798817,0.3666666666666667,0.33333333333333337,0.35833333333333334,0.19999999999999998,score_free_checkedbag
564962,1,0,7,4,0.0,0.5714285714285714,0.2142857142857143,Middle-age,High Spenders,0.0,0.25,1.5,0.5,1.0,1.0,0.10526315789473684,0.08333333333333333,0.05,0.07368421052631578,0.26666666666666666,0.2142857142857143,0.33499999999999996,0.365,score_free_night_flight
565056,3,0,5,0,0.0,0.0,0.5,0,0,0.0,0.0,0.0,0.0,0.0,0.0,0.0,0.0,0.0,0.0,0.0,0.5,0.0,0.0,score_exclusive_discount
565070,5,1,4,1,0.2,0.25,0.475,Elderly,Low Spenders,0.0,1.0,2.0,0.2222222222222222,1.0,1.0,0.1706484641638225,0.3333333333333333,0.06666666666666667,0.11945392491467575,0.4666666666666667,0.475,0.3466666666666667,0.17555555555555552,score_exclusive_discount
565076,2,0,6,0,0.0,0.0,0.5,0,0,0.0,0.0,0.0,0.0,0.0,0.0,0.0,0.0,0.0,0.0,0.0,0.5,0.0,0.0,score_exclusive_discount
565109,5,3,3,1,0.6,0.3333333333333333,0.6333333333333333,Middle-age,Medium Spenders,0.0,0.75,1.75,0.5,0.75,1.0,0.11025358324145534,0.25,0.058333333333333334,0.07717750826901873,0.4,0.6333333333333333,0.2658333333333333,0.3675,score_exclusive_discount
565114,6,3,4,1,0.5,0.25,0.625,Middle-age,Medium Spenders,0.0,1.0,3.5,0.4,0.5,0.75,0.12106537530266344,0.3333333333333333,0.11666666666666667,0.0847457627118644,0.4166666666666667,0.625,0.23166666666666666,0.31499999999999995,score_exclusive_discount
565131,1,1,7,2,1.0,0.2857142857142857,0.8571428571428572,Middle-age,Medium Spenders,0.0,0.67,2.33,0.375,1.0,1.0,0.12626262626262627,0.22333333333333336,0.07766666666666668,0.08838383838383838,0.3786666666666667,0.8571428571428572,0.35436666666666666,0.28579999999999994,score_exclusive_discount
565212,3,1,5,3,0.3333333333333333,0.6,0.3666666666666667,Middle-age,High Spenders,0.0,1.0,3.5,0.5,1.0,1.0,0.08833922261484099,0.3333333333333333,0.11666666666666667,0.06183745583038869,0.4666666666666667,0.3666666666666667,0.38166666666666665,0.38499999999999995,score_free_checkedbag
565240,2,0,6,0,0.0,0.0,0.5,0,0,0.0,0.0,0.0,0.0,0.0,0.0,0.0,0.0,0.0,0.0,0.0,0.5,0.0,0.0,score_exclusive_discount
565251,5,3,4,0,0.6,0.0,0.8,Middle-age,Medium Spenders,0.0,0.33,2.33,0.3333333333333333,1.0,1.0,0.11428571428571428,0.11,0.07766666666666668,0.07999999999999999,0.28800000000000003,0.8,0.35436666666666666,0.2566333333333333,score_exclusive_discount
565265,2,1,6,5,0.5,0.8333333333333334,0.3333333333333333,Youth,Champions,0.17,0.33,4.25,0.75,1.0,0.8333333333333334,0.0949667616334283,0.11,0.14166666666666666,0.06647673314339982,0.2546666666666667,0.3333333333333333,0.39916666666666667,0.5674999999999999,score_free_night_flight
565275,1,1,7,1,1.0,0.14285714285714285,0.9285714285714286,Middle-age,At Risk,0.0,1.0,1.0,0.25,0.5,0.5,0.14992503748125938,0.3333333333333333,0.03333333333333333,0.10494752623688156,0.3666666666666667,0.9285714285714286,0.17333333333333334,0.185,score_exclusive_discount
565280,2,0,6,2,0.0,0.3333333333333333,0.33333333333333337,Youth,High Spenders,0.0,0.5,1.0,0.25,0.5,1.0,0.006782880010852608,0.16666666666666666,0.03333333333333333,0.004748016007596825,0.33333333333333337,0.33333333333333337,0.17333333333333334,0.185,score_free_checkedbag
565294,1,1,7,4,1.0,0.5714285714285714,0.7142857142857143,Middle-age,High Spenders,0.0,0.75,4.6,0.625,1.0,0.8,0.1295336787564767,0.25,0.15333333333333332,0.09067357512953368,0.36000000000000004,0.7142857142857143,0.4073333333333333,0.4835,score_exclusive_discount
565301,2,1,6,4,0.5,0.6666666666666666,0.4166666666666667,Middle-age,Champions,0.0,0.4,2.2,0.625,1.0,1.0,0.0998003992015968,0.13333333333333333,0.07333333333333333,0.06986027944111776,0.3066666666666667,0.4166666666666667,0.35133333333333333,0.4595,score_free_night_flight
565348,0,0,8,1,0.0,0.125,0.5,Middle-age,Medium Spenders,0.0,0.0,15.0,0.125,1.0,0.0,1.0,0.0,0.5,0.7,0.0,0.5,0.6499999999999999,0.2375,score_free_cancellation
565365,3,0,5,1,0.0,0.2,0.4,Middle-age,Medium Spenders,0.0,1.0,8.0,0.125,1.0,1.0,0.20366598778004072,0.3333333333333333,0.26666666666666666,0.1425661914460285,0.4666666666666667,0.4,0.48666666666666664,0.16749999999999998,score_free_meal
565377,1,1,7,3,1.0,0.42857142857142855,0.7857142857142857,Middle-age,Champions,0.0,0.67,5.5,0.5,1.0,0.75,0.10822510822510822,0.22333333333333336,0.18333333333333332,0.07575757575757575,0.3286666666666667,0.7857142857142857,0.42833333333333334,0.40499999999999997,score_exclusive_discount
565387,1,0,7,2,0.0,0.2857142857142857,0.35714285714285715,Youth,Champions,0.0,0.25,0.5,0.25,0.5,1.0,0.007514277126540426,0.08333333333333333,0.016666666666666666,0.005259993988578298,0.26666666666666666,0.35714285714285715,0.16166666666666665,0.18,score_exclusive_discount
565419,5,2,3,1,0.4,0.3333333333333333,0.5333333333333333,Middle-age,At Risk,0.0,0.67,0.33,0.375,0.3333333333333333,1.0,0.08865248226950355,0.22333333333333336,0.011000000000000001,0.06205673758865248,0.3786666666666667,0.5333333333333333,0.10769999999999999,0.2658,score_exclusive_discount
565459,4,2,4,1,0.5,0.25,0.625,Middle-age,Medium Spenders,0.0,0.33,1.67,0.375,1.0,1.0,0.10706638115631692,0.11,0.05566666666666666,0.07494646680942184,0.28800000000000003,0.625,0.33896666666666664,0.27919999999999995,score_exclusive_discount
565460,4,1,4,2,0.25,0.5,0.375,Middle-age,High Spenders,0.0,1.0,5.33,0.375,1.0,0.6666666666666666,0.11148272017837237,0.3333333333333333,0.17766666666666667,0.07803790412486065,0.4,0.375,0.42436666666666667,0.31579999999999997,score_free_meal
565464,2,0,6,2,0.0,0.3333333333333333,0.33333333333333337,Middle-age,Low Spenders,0.0,0.0,2.0,0.25,1.0,1.0,0.10964912280701755,0.0,0.06666666666666667,0.07675438596491228,0.2,0.33333333333333337,0.3466666666666667,0.19499999999999998,score_free_meal
565467,4,1,4,2,0.25,0.5,0.375,Middle-age,Medium Spenders,0.0,0.0,5.0,0.375,1.0,0.6666666666666666,0.09784735812133072,0.0,0.16666666666666666,0.0684931506849315,0.13333333333333333,0.375,0.41666666666666663,0.31249999999999994,score_free_meal
565487,2,0,6,0,0.0,0.0,0.5,0,0,0.0,0.0,0.0,0.0,0.0,0.0,0.0,0.0,0.0,0.0,0.0,0.5,0.0,0.0,score_exclusive_discount
565508,2,0,6,0,0.0,0.0,0.5,0,0,0.0,0.0,0.0,0.0,0.0,0.0,0.0,0.0,0.0,0.0,0.0,0.5,0.0,0.0,score_exclusive_discount
565510,3,2,6,1,0.6666666666666666,0.16666666666666666,0.75,Elderly,Medium Spenders,0.0,0.67,4.0,0.3333333333333333,1.0,1.0,0.1321003963011889,0.22333333333333336,0.13333333333333333,0.09247027741083222,0.3786666666666667,0.75,0.3933333333333333,0.2733333333333333,score_exclusive_discount
565511,3,2,5,0,0.6666666666666666,0.0,0.8333333333333333,0,0,0.0,0.0,0.0,0.0,0.0,0.0,0.0,0.0,0.0,0.0,0.0,0.8333333333333333,0.0,0.0,score_exclusive_discount
565514,3,1,6,3,0.3333333333333333,0.5,0.41666666666666663,Middle-age,Medium Spenders,0.0,0.46,1.25,0.4444444444444444,0.75,1.0,0.12468827930174564,0.15333333333333335,0.041666666666666664,0.08728179551122195,0.3226666666666667,0.41666666666666663,0.25416666666666665,0.32361111111111107,score_exclusive_discount
565565,4,2,4,3,0.5,0.75,0.375,Middle-age,Low Spenders,0.2,0.0,3.33,0.625,0.8,0.6,0.09259259259259259,0.0,0.111,0.06481481481481481,0.12,0.375,0.3177,0.4708,score_free_night_flight
565573,1,0,8,6,0.0,0.75,0.125,Middle-age,Champions,0.0,1.0,2.67,0.6666666666666666,1.0,1.0,0.10570824524312895,0.3333333333333333,0.089,0.07399577167019027,0.4666666666666667,0.125,0.36229999999999996,0.4933666666666666,score_free_night_flight
565582,2,1,6,1,0.5,0.16666666666666666,0.6666666666666667,Youth,Medium Spenders,0.0,0.5,6.0,0.25,1.0,1.0,0.1149425287356322,0.16666666666666666,0.2,0.08045977011494253,0.33333333333333337,0.6666666666666667,0.43999999999999995,0.235,score_exclusive_discount
565601,5,0,3,0,0.0,0.0,0.5,0,0,0.0,0.0,0.0,0.0,0.0,0.0,0.0,0.0,0.0,0.0,0.0,0.5,0.0,0.0,score_exclusive_discount
565718,1,0,7,4,0.0,0.5714285714285714,0.2142857142857143,Middle-age,Medium Spenders,0.0,1.0,2.75,0.5,1.0,0.75,0.08841732979664013,0.3333333333333333,0.09166666666666666,0.06189213085764809,0.4166666666666667,0.2142857142857143,0.36416666666666664,0.37749999999999995,score_free_checkedbag
565755,3,1,5,0,0.3333333333333333,0.0,0.6666666666666666,Middle-age,At Risk,0.0,0.0,1.0,0.125,1.0,1.0,0.10224948875255624,0.0,0.03333333333333333,0.07157464212678936,0.2,0.6666666666666666,0.3233333333333333,0.09749999999999999,score_exclusive_discount
565764,3,0,5,1,0.0,0.2,0.4,Middle-age,Low Spenders,0.0,1.0,5.0,0.125,1.0,1.0,0.1287001287001287,0.3333333333333333,0.16666666666666666,0.09009009009009009,0.4666666666666667,0.4,0.41666666666666663,0.13749999999999998,score_free_checkedbag
565768,1,1,7,4,1.0,0.5714285714285714,0.7142857142857143,Middle-age,Champions,0.0,0.75,1.4,0.625,0.8,0.8,0.09624639076034648,0.25,0.04666666666666666,0.06737247353224253,0.36000000000000004,0.7142857142857143,0.27266666666666667,0.4515,score_exclusive_discount
565791,3,1,5,2,0.3333333333333333,0.4,0.4666666666666667,Middle-age,Champions,0.0,0.33,6.0,0.375,1.0,1.0,0.13661202185792348,0.11,0.2,0.09562841530054643,0.28800000000000003,0.4666666666666667,0.43999999999999995,0.32249999999999995,score_exclusive_discount
565826,1,0,7,1,0.0,0.14285714285714285,0.4285714285714286,Youth,Medium Spenders,0.0,0.0,11.0,0.125,1.0,0.0,1.0,0.0,0.36666666666666664,0.7,0.0,0.4285714285714286,0.5566666666666666,0.19749999999999998,score_free_cancellation
565827,3,1,6,2,0.3333333333333333,0.3333333333333333,0.5,Youth,At Risk,0.33,1.0,1.0,0.3333333333333333,0.6666666666666666,1.0,0.17094017094017094,0.3333333333333333,0.03333333333333333,0.11965811965811965,0.4666666666666667,0.5,0.22333333333333333,0.24333333333333332,score_exclusive_discount
565841,3,1,5,2,0.3333333333333333,0.4,0.4666666666666667,Middle-age,Medium Spenders,0.0,0.0,4.0,0.375,1.0,0.6666666666666666,0.14430014430014432,0.0,0.13333333333333333,0.10101010101010102,0.13333333333333333,0.4666666666666667,0.3933333333333333,0.30249999999999994,score_exclusive_discount
565902,3,0,5,2,0.0,0.4,0.3,Youth,Low Spenders,0.0,0.0,3.5,0.25,1.0,1.0,0.14326647564469913,0.0,0.11666666666666667,0.10028653295128939,0.2,0.3,0.38166666666666665,0.21,score_free_meal
565910,2,0,6,2,0.0,0.3333333333333333,0.33333333333333337,Middle-age,Low Spenders,0.0,0.0,0.5,0.25,0.5,1.0,0.12150668286755771,0.0,0.016666666666666666,0.0850546780072904,0.2,0.33333333333333337,0.16166666666666665,0.18,score_exclusive_discount
565912,4,1,5,1,0.25,0.2,0.525,Middle-age,Low Spenders,0.0,0.0,2.0,0.2222222222222222,0.5,0.5,0.11547344110854503,0.0,0.06666666666666667,0.08083140877598152,0.1,0.525,0.19666666666666666,0.17555555555555552,score_exclusive_discount
565915,4,0,5,1,0.0,0.2,0.4,Youth,Medium Spenders,0.0,0.0,1.0,0.1111111111111111,1.0,1.0,0.17211703958691912,0.0,0.03333333333333333,0.12048192771084337,0.2,0.4,0.3233333333333333,0.08777777777777776,score_exclusive_discount
565935,3,2,5,1,0.6666666666666666,0.2,0.7333333333333333,Middle-age,High Spenders,0.0,0.33,4.0,0.375,1.0,1.0,0.10570824524312895,0.11,0.13333333333333333,0.07399577167019027,0.28800000000000003,0.7333333333333333,0.3933333333333333,0.30249999999999994,score_exclusive_discount
565949,2,2,6,2,1.0,0.3333333333333333,0.8333333333333334,Middle-age,High Spenders,0.0,1.0,5.75,0.5,1.0,0.75,0.1251564455569462,0.3333333333333333,0.19166666666666668,0.08760951188986232,0.4166666666666667,0.8333333333333334,0.43416666666666665,0.4075,score_exclusive_discount
566002,1,0,7,0,0.0,0.0,0.5,0,0,0.0,0.0,0.0,0.0,0.0,0.0,0.0,0.0,0.0,0.0,0.0,0.5,0.0,0.0,score_exclusive_discount
566008,3,1,7,4,0.3333333333333333,0.5714285714285714,0.38095238095238093,Middle-age,Champions,0.0,0.6,4.8,0.5,1.0,1.0,0.1404494382022472,0.19999999999999998,0.16,0.09831460674157304,0.36,0.38095238095238093,0.412,0.39799999999999996,score_free_meal
566032,2,0,6,4,0.0,0.6666666666666666,0.16666666666666669,Middle-age,Champions,0.0,1.42,1.75,0.5,0.75,1.0,0.111731843575419,0.47333333333333333,0.058333333333333334,0.0782122905027933,0.5786666666666667,0.16666666666666669,0.2658333333333333,0.3675,score_free_checkedbag
566044,2,1,6,1,0.5,0.16666666666666666,0.6666666666666667,0,0,0.0,0.0,0.0,0.0,0.0,0.0,0.0,0.0,0.0,0.0,0.0,0.6666666666666667,0.0,0.0,score_exclusive_discount
566059,5,2,6,3,0.4,0.5,0.45,Middle-age,Medium Spenders,0.2,0.33,4.0,0.45454545454545453,1.0,1.0,0.10438413361169102,0.11,0.13333333333333333,0.07306889352818371,0.28800000000000003,0.45,0.3933333333333333,0.35818181818181816,score_exclusive_discount
566061,2,0,6,3,0.0,0.5,0.25,Middle-age,Medium Spenders,0.0,0.67,2.0,0.375,1.0,1.0,0.1026694045174538,0.22333333333333336,0.06666666666666667,0.07186858316221766,0.3786666666666667,0.25,0.3466666666666667,0.2825,score_free_checkedbag
566096,3,0,5,4,0.0,0.8,0.09999999999999998,Middle-age,Medium Spenders,0.0,0.0,1.5,0.5,0.75,0.75,0.10695187165775401,0.0,0.05,0.0748663101604278,0.15000000000000002,0.09999999999999998,0.25999999999999995,0.365,score_free_night_flight
566097,2,0,6,0,0.0,0.0,0.5,0,0,0.0,0.0,0.0,0.0,0.0,0.0,0.0,0.0,0.0,0.0,0.0,0.5,0.0,0.0,score_exclusive_discount
566152,3,1,6,3,0.3333333333333333,0.5,0.41666666666666663,Middle-age,Champions,0.0,0.25,2.25,0.4444444444444444,0.5,1.0,0.09960159362549802,0.08333333333333333,0.075,0.06972111553784861,0.26666666666666666,0.41666666666666663,0.20249999999999999,0.3336111111111111,score_exclusive_discount
566173,2,0,6,2,0.0,0.3333333333333333,0.33333333333333337,Middle-age,High Spenders,0.0,0.0,8.0,0.25,1.0,0.5,0.06086427267194157,0.0,0.26666666666666666,0.04260499087035909,0.1,0.33333333333333337,0.48666666666666664,0.255,score_free_meal
566174,1,0,8,3,0.0,0.375,0.3125,Middle-age,Medium Spenders,0.0,0.67,4.33,0.3333333333333333,1.0,1.0,0.1402524544179523,0.22333333333333336,0.14433333333333334,0.09817671809256662,0.3786666666666667,0.3125,0.40103333333333335,0.2766333333333333,score_free_meal
566196,1,1,7,2,1.0,0.2857142857142857,0.8571428571428572,Middle-age,Champions,0.0,0.5,5.0,0.375,1.0,0.6666666666666666,0.13966480446927373,0.16666666666666666,0.16666666666666666,0.09776536312849161,0.26666666666666666,0.8571428571428572,0.41666666666666663,0.31249999999999994,score_exclusive_discount
566275,3,1,5,1,0.3333333333333333,0.2,0.5666666666666667,Middle-age,High Spenders,0.0,2.0,6.5,0.25,1.0,0.5,0.08517887563884156,0.6666666666666666,0.21666666666666667,0.05962521294718909,0.6333333333333333,0.5666666666666667,0.45166666666666666,0.24,score_free_checkedbag
566279,1,0,7,1,0.0,0.14285714285714285,0.4285714285714286,Middle-age,At Risk,0.0,0.0,2.0,0.125,1.0,1.0,0.1017293997965412,0.0,0.06666666666666667,0.07121057985757884,0.2,0.4285714285714286,0.3466666666666667,0.1075,score_exclusive_discount
566312,4,1,4,1,0.25,0.25,0.5,Youth,Medium Spenders,0.0,1.0,4.0,0.25,1.0,0.5,0.11325028312570781,0.3333333333333333,0.13333333333333333,0.07927519818799546,0.3666666666666667,0.5,0.3933333333333333,0.215,score_exclusive_discount
566336,1,1,7,5,1.0,0.7142857142857143,0.6428571428571428,Middle-age,Champions,0.0,0.08,1.0,0.75,1.0,1.0,0.1287001287001287,0.02666666666666667,0.03333333333333333,0.09009009009009009,0.22133333333333335,0.6428571428571428,0.3233333333333333,0.5349999999999999,score_exclusive_discount
566338,1,1,7,0,1.0,0.0,1.0,Middle-age,At Risk,0.0,0.0,1.0,0.125,1.0,1.0,0.10460251046025104,0.0,0.03333333333333333,0.07322175732217573,0.2,1.0,0.3233333333333333,0.09749999999999999,score_exclusive_discount
566366,1,0,8,3,0.0,0.375,0.3125,Middle-age,Medium Spenders,0.0,0.0,3.33,0.3333333333333333,1.0,0.6666666666666666,0.12254901960784313,0.0,0.111,0.08578431372549018,0.13333333333333333,0.3125,0.3777,0.2666333333333333,score_free_meal
566424,2,0,6,2,0.0,0.3333333333333333,0.33333333333333337,Middle-age,Medium Spenders,0.0,0.0,4.0,0.25,1.0,0.5,0.07818608287724786,0.0,0.13333333333333333,0.054730258014073496,0.1,0.33333333333333337,0.3933333333333333,0.215,score_free_meal
566432,3,0,6,4,0.0,0.6666666666666666,0.16666666666666669,Elderly,Champions,0.0,0.5,2.0,0.4444444444444444,1.0,0.75,0.11764705882352941,0.16666666666666666,0.06666666666666667,0.08235294117647059,0.2833333333333333,0.16666666666666669,0.3466666666666667,0.3311111111111111,score_free_meal
566455,2,1,6,3,0.5,0.5,0.5,Middle-age,Champions,0.0,0.62,2.5,0.5,1.0,1.0,0.11806375442739081,0.20666666666666667,0.08333333333333333,0.08264462809917356,0.36533333333333334,0.5,0.35833333333333334,0.375,score_exclusive_discount
566456,1,0,7,0,0.0,0.0,0.5,0,0,0.0,0.0,0.0,0.0,0.0,0.0,0.0,0.0,0.0,0.0,0.0,0.5,0.0,0.0,score_exclusive_discount
566489,1,0,7,3,0.0,0.42857142857142855,0.2857142857142857,Middle-age,High Spenders,0.0,1.0,2.67,0.375,0.6666666666666666,1.0,0.09900990099009901,0.3333333333333333,0.089,0.0693069306930693,0.4666666666666667,0.2857142857142857,0.2623,0.28919999999999996,score_free_checkedbag
566533,2,1,6,1,0.5,0.16666666666666666,0.6666666666666667,0,0,0.0,0.0,0.0,0.0,0.0,0.0,0.0,0.0,0.0,0.0,0.0,0.6666666666666667,0.0,0.0,score_exclusive_discount
566547,5,1,4,1,0.2,0.25,0.475,Middle-age,Low Spenders,0.0,0.0,2.5,0.2222222222222222,1.0,1.0,0.09541984732824427,0.0,0.08333333333333333,0.06679389312977098,0.2,0.475,0.35833333333333334,0.18055555555555552,score_exclusive_discount
566592,2,0,6,0,0.0,0.0,0.5,0,0,0.0,0.0,0.0,0.0,0.0,0.0,0.0,0.0,0.0,0.0,0.0,0.5,0.0,0.0,score_exclusive_discount
566614,4,0,4,2,0.0,0.5,0.25,Middle-age,Medium Spenders,0.0,1.0,6.0,0.25,1.0,0.5,0.11389521640091115,0.3333333333333333,0.2,0.0797266514806378,0.3666666666666667,0.25,0.43999999999999995,0.235,score_free_meal
566625,2,2,7,2,1.0,0.2857142857142857,0.8571428571428572,Middle-age,High Spenders,0.0,0.0,4.0,0.4444444444444444,1.0,0.5,0.10427528675703858,0.0,0.13333333333333333,0.072992700729927,0.1,0.8571428571428572,0.3933333333333333,0.35111111111111104,score_exclusive_discount
566626,3,0,5,1,0.0,0.2,0.4,Middle-age,At Risk,0.0,0.0,1.0,0.125,1.0,1.0,0.1545595054095827,0.0,0.03333333333333333,0.10819165378670788,0.2,0.4,0.3233333333333333,0.09749999999999999,score_exclusive_discount
566650,1,0,7,2,0.0,0.2857142857142857,0.35714285714285715,Middle-age,At Risk,0.0,1.0,2.0,0.25,1.0,1.0,0.09124087591240876,0.3333333333333333,0.06666666666666667,0.06386861313868612,0.4666666666666667,0.35714285714285715,0.3466666666666667,0.19499999999999998,score_free_checkedbag
566682,1,0,7,3,0.0,0.42857142857142855,0.2857142857142857,Middle-age,Medium Spenders,0.0,0.33,0.67,0.375,0.6666666666666666,1.0,0.1183431952662722,0.11,0.022333333333333334,0.08284023668639054,0.28800000000000003,0.2857142857142857,0.21563333333333332,0.26919999999999994,score_free_checkedbag
566702,5,1,3,2,0.2,0.6666666666666666,0.2666666666666667,Middle-age,High Spenders,0.0,0.5,2.67,0.375,1.0,0.6666666666666666,0.17605633802816903,0.16666666666666666,0.089,0.12323943661971831,0.26666666666666666,0.2666666666666667,0.36229999999999996,0.28919999999999996,score_free_meal
566726,0,0,8,2,0.0,0.25,0.5,Middle-age,Low Spenders,0.0,1.0,3.0,0.25,1.0,1.0,0.09514747859181732,0.3333333333333333,0.1,0.06660323501427212,0.4666666666666667,0.5,0.37,0.205,score_exclusive_discount
566735,3,2,5,2,0.6666666666666666,0.4,0.6333333333333333,Middle-age,High Spenders,0.0,0.75,2.25,0.5,1.0,1.0,0.10718113612004287,0.25,0.075,0.07502679528403,0.4,0.6333333333333333,0.3525,0.3725,score_exclusive_discount
566749,5,0,3,0,0.0,0.0,0.5,0,0,0.0,0.0,0.0,0.0,0.0,0.0,0.0,0.0,0.0,0.0,0.0,0.5,0.0,0.0,score_exclusive_discount
566762,5,3,4,2,0.6,0.5,0.55,Middle-age,Champions,0.0,0.25,5.0,0.5555555555555556,1.0,0.8,0.12121212121212122,0.08333333333333333,0.16666666666666666,0.08484848484848484,0.22666666666666668,0.55,0.41666666666666663,0.4388888888888889,score_exclusive_discount
566770,2,1,6,1,0.5,0.16666666666666666,0.6666666666666667,Middle-age,Medium Spenders,0.0,0.5,2.0,0.25,0.5,0.5,0.16891891891891891,0.16666666666666666,0.06666666666666667,0.11824324324324323,0.23333333333333334,0.6666666666666667,0.19666666666666666,0.19499999999999998,score_exclusive_discount
566787,3,1,5,2,0.3333333333333333,0.4,0.4666666666666667,Middle-age,High Spenders,0.0,0.67,1.67,0.375,0.6666666666666666,1.0,0.18518518518518517,0.22333333333333336,0.05566666666666666,0.12962962962962962,0.3786666666666667,0.4666666666666667,0.23896666666666666,0.27919999999999995,score_exclusive_discount
566815,1,0,7,4,0.0,0.5714285714285714,0.2142857142857143,Middle-age,Champions,0.0,0.67,7.0,0.5,1.0,0.75,0.09671179883945842,0.22333333333333336,0.23333333333333334,0.06769825918762089,0.3286666666666667,0.2142857142857143,0.4633333333333333,0.42,score_free_meal
566861,0,0,8,5,0.0,0.625,0.5,Middle-age,Champions,0.0,0.75,3.6,0.625,0.8,0.8,0.13755158184319122,0.25,0.12000000000000001,0.09628610729023385,0.36000000000000004,0.5,0.324,0.47350000000000003,score_exclusive_discount
566875,0,0,8,5,0.0,0.625,0.5,Middle-age,Champions,0.0,0.8,1.8,0.625,0.8,1.0,0.13123359580052493,0.26666666666666666,0.060000000000000005,0.09186351706036745,0.41333333333333333,0.5,0.282,0.4555,score_exclusive_discount
566881,2,2,6,3,1.0,0.5,0.75,Middle-age,Champions,0.0,0.8,3.4,0.625,0.8,1.0,0.12048192771084336,0.26666666666666666,0.11333333333333333,0.08433734939759034,0.41333333333333333,0.75,0.3193333333333333,0.4715,score_exclusive_discount
566953,3,2,6,1,0.6666666666666666,0.16666666666666666,0.75,Middle-age,Low Spenders,0.33,1.0,4.0,0.3333333333333333,0.6666666666666666,1.0,0.15174506828528073,0.3333333333333333,0.13333333333333333,0.1062215477996965,0.4666666666666667,0.75,0.29333333333333333,0.2733333333333333,score_exclusive_discount
566964,5,2,3,1,0.4,0.3333333333333333,0.5333333333333333,Middle-age,Low Spenders,0.0,0.5,8.0,0.375,1.0,0.6666666666666666,0.12254901960784313,0.16666666666666666,0.26666666666666666,0.08578431372549018,0.26666666666666666,0.5333333333333333,0.48666666666666664,0.34249999999999997,score_exclusive_discount
566992,3,2,5,3,0.6666666666666666,0.6,0.5333333333333333,Middle-age,Champions,0.0,0.9,3.0,0.625,1.0,1.0,0.10683760683760685,0.3,0.1,0.07478632478632478,0.44,0.5333333333333333,0.37,0.4675,score_exclusive_discount
566996,2,0,6,1,0.0,0.16666666666666666,0.4166666666666667,Middle-age,At Risk,0.0,1.0,0.0,0.125,0.0,1.0,0.09250693802035152,0.3333333333333333,0.0,0.06475485661424606,0.4666666666666667,0.4166666666666667,0.0,0.0875,score_free_checkedbag
566998,1,1,7,1,1.0,0.14285714285714285,0.9285714285714286,Middle-age,Low Spenders,0.0,0.0,1.0,0.25,1.0,1.0,0.12121212121212122,0.0,0.03333333333333333,0.08484848484848484,0.2,0.9285714285714286,0.3233333333333333,0.185,score_exclusive_discount
566999,4,1,5,3,0.25,0.6,0.325,Middle-age,At Risk,0.25,0.0,0.0,0.4444444444444444,0.5,1.0,0.1019367991845056,0.0,0.0,0.07135575942915391,0.2,0.325,0.15,0.31111111111111106,score_exclusive_discount
567052,3,1,5,0,0.3333333333333333,0.0,0.6666666666666666,Youth,At Risk,0.0,0.0,7.0,0.125,1.0,0.0,1.0,0.0,0.23333333333333334,0.7,0.0,0.6666666666666666,0.4633333333333333,0.15749999999999997,score_free_cancellation
567061,3,0,5,1,0.0,0.2,0.4,Middle-age,Low Spenders,0.0,1.0,4.0,0.125,1.0,1.0,0.10493179433368312,0.3333333333333333,0.13333333333333333,0.07345225603357818,0.4666666666666667,0.4,0.3933333333333333,0.1275,score_free_checkedbag
567114,2,0,6,0,0.0,0.0,0.5,0,0,0.0,0.0,0.0,0.0,0.0,0.0,0.0,0.0,0.0,0.0,0.0,0.5,0.0,0.0,score_exclusive_discount
567172,1,0,7,2,0.0,0.2857142857142857,0.35714285714285715,Middle-age,Low Spenders,0.0,1.0,4.0,0.25,1.0,1.0,0.12091898428053205,0.3333333333333333,0.13333333333333333,0.08464328899637243,0.4666666666666667,0.35714285714285715,0.3933333333333333,0.215,score_free_checkedbag
567195,4,0,4,2,0.0,0.5,0.25,Middle-age,Low Spenders,0.0,0.0,3.5,0.25,1.0,0.5,0.15360983102918588,0.0,0.11666666666666667,0.10752688172043011,0.1,0.25,0.38166666666666665,0.21,score_free_meal
567211,1,0,7,2,0.0,0.2857142857142857,0.35714285714285715,Middle-age,Low Spenders,0.0,0.5,2.0,0.25,1.0,1.0,0.09345794392523366,0.16666666666666666,0.06666666666666667,0.06542056074766356,0.33333333333333337,0.35714285714285715,0.3466666666666667,0.19499999999999998,score_exclusive_discount
567219,2,0,6,3,0.0,0.5,0.25,Middle-age,Low Spenders,0.0,0.67,2.0,0.375,1.0,1.0,0.11976047904191617,0.22333333333333336,0.06666666666666667,0.08383233532934131,0.3786666666666667,0.25,0.3466666666666667,0.2825,score_free_checkedbag
567243,4,0,4,1,0.0,0.25,0.375,Middle-age,Medium Spenders,0.0,1.0,9.0,0.125,1.0,1.0,0.11655011655011654,0.3333333333333333,0.3,0.08158508158508157,0.4666666666666667,0.375,0.51,0.1775,score_free_meal
567245,2,0,6,0,0.0,0.0,0.5,0,0,0.0,0.0,0.0,0.0,0.0,0.0,0.0,0.0,0.0,0.0,0.0,0.5,0.0,0.0,score_exclusive_discount
567256,1,0,8,5,0.0,0.625,0.1875,Middle-age,Champions,0.0,0.35,1.8,0.5555555555555556,0.8,1.0,0.12062726176115804,0.11666666666666665,0.060000000000000005,0.08443908323281062,0.29333333333333333,0.1875,0.282,0.4068888888888889,score_free_night_flight
567342,1,0,7,1,0.0,0.14285714285714285,0.4285714285714286,Middle-age,At Risk,0.0,0.0,3.0,0.125,1.0,0.0,1.0,0.0,0.1,0.7,0.0,0.4285714285714286,0.37,0.1175,score_free_cancellation
567390,3,0,5,0,0.0,0.0,0.5,0,0,0.0,0.0,0.0,0.0,0.0,0.0,0.0,0.0,0.0,0.0,0.0,0.5,0.0,0.0,score_exclusive_discount
567431,1,0,8,1,0.0,0.125,0.4375,Middle-age,At Risk,0.0,0.0,3.0,0.1111111111111111,1.0,1.0,0.10111223458038422,0.0,0.1,0.07077856420626895,0.2,0.4375,0.37,0.10777777777777776,score_exclusive_discount
567432,3,2,5,3,0.6666666666666666,0.6,0.5333333333333333,Middle-age,Champions,0.0,0.8,6.0,0.625,1.0,1.0,0.08904719501335707,0.26666666666666666,0.2,0.062333036509349946,0.41333333333333333,0.5333333333333333,0.43999999999999995,0.4975,score_exclusive_discount
567448,3,0,7,2,0.0,0.2857142857142857,0.35714285714285715,Middle-age,Low Spenders,0.0,0.0,1.0,0.2,0.5,1.0,0.1510574018126888,0.0,0.03333333333333333,0.10574018126888217,0.2,0.35714285714285715,0.17333333333333334,0.15,score_exclusive_discount
567458,1,0,7,1,0.0,0.14285714285714285,0.4285714285714286,Youth,At Risk,0.0,1.0,1.0,0.125,1.0,1.0,0.07158196134574087,0.3333333333333333,0.03333333333333333,0.050107372942018606,0.4666666666666667,0.4285714285714286,0.3233333333333333,0.09749999999999999,score_free_checkedbag
567478,1,1,8,3,1.0,0.375,0.8125,Middle-age,Champions,0.0,0.62,3.0,0.4444444444444444,0.75,1.0,0.010199918400652794,0.20666666666666667,0.1,0.007139942880456955,0.36533333333333334,0.8125,0.295,0.34111111111111103,score_exclusive_discount
567518,4,0,5,3,0.0,0.6,0.2,Middle-age,High Spenders,0.0,0.5,4.67,0.3333333333333333,1.0,0.6666666666666666,0.14534883720930233,0.16666666666666666,0.15566666666666668,0.10174418604651163,0.26666666666666666,0.2,0.40896666666666665,0.2800333333333333,score_free_meal
567547,4,0,4,2,0.0,0.5,0.25,Middle-age,High Spenders,0.0,0.75,2.0,0.25,0.5,1.0,0.1349527665317139,0.25,0.06666666666666667,0.09446693657219972,0.4,0.25,0.19666666666666666,0.19499999999999998,score_free_checkedbag
567548,0,0,9,1,0.0,0.1111111111111111,0.5,Middle-age,At Risk,0.0,1.0,3.0,0.1111111111111111,1.0,1.0,0.11614401858304298,0.3333333333333333,0.1,0.08130081300813008,0.4666666666666667,0.5,0.37,0.10777777777777776,score_exclusive_discount
567558,1,1,7,1,1.0,0.14285714285714285,0.9285714285714286,Middle-age,Low Spenders,0.0,0.0,3.5,0.25,1.0,0.5,0.13175230566534915,0.0,0.11666666666666667,0.0922266139657444,0.1,0.9285714285714286,0.38166666666666665,0.21,score_exclusive_discount
567563,4,1,4,2,0.25,0.5,0.375,Middle-age,Low Spenders,0.0,1.0,0.33,0.375,0.3333333333333333,1.0,0.0927643784786642,0.3333333333333333,0.011000000000000001,0.06493506493506494,0.4666666666666667,0.375,0.10769999999999999,0.2658,score_free_checkedbag
567589,1,0,7,1,0.0,0.14285714285714285,0.4285714285714286,Middle-age,At Risk,0.0,0.0,4.0,0.125,1.0,0.0,1.0,0.0,0.13333333333333333,0.7,0.0,0.4285714285714286,0.3933333333333333,0.1275,score_free_cancellation
567643,3,1,5,2,0.3333333333333333,0.4,0.4666666666666667,Middle-age,Medium Spenders,0.0,0.17,3.67,0.375,1.0,0.6666666666666666,0.09000900090009001,0.05666666666666667,0.12233333333333334,0.063006300630063,0.17866666666666667,0.4666666666666667,0.38563333333333333,0.29919999999999997,score_exclusive_discount
567651,4,1,6,3,0.25,0.5,0.375,Middle-age,High Spenders,0.0,0.5,2.0,0.4,1.0,1.0,0.10214504596527069,0.16666666666666666,0.06666666666666667,0.07150153217568947,0.33333333333333337,0.375,0.3466666666666667,0.3,score_exclusive_discount
567682,2,1,6,2,0.5,0.3333333333333333,0.5833333333333334,Middle-age,Medium Spenders,0.0,0.33,1.33,0.375,0.6666666666666666,1.0,0.12106537530266344,0.11,0.044333333333333336,0.0847457627118644,0.28800000000000003,0.5833333333333334,0.2310333333333333,0.27579999999999993,score_exclusive_discount
567778,2,0,6,4,0.0,0.6666666666666666,0.16666666666666669,Middle-age,Champions,0.0,0.33,5.25,0.5,1.0,0.75,0.11778563015312131,0.11,0.175,0.08244994110718491,0.23800000000000004,0.16666666666666669,0.4225,0.40249999999999997,score_free_meal
567824,1,0,7,0,0.0,0.0,0.5,0,0,0.0,0.0,0.0,0.0,0.0,0.0,0.0,0.0,0.0,0.0,0.0,0.5,0.0,0.0,score_exclusive_discount
567849,2,0,6,4,0.0,0.6666666666666666,0.16666666666666669,Middle-age,High Spenders,0.0,0.5,2.25,0.5,1.0,1.0,0.1234567901234568,0.16666666666666666,0.075,0.08641975308641975,0.33333333333333337,0.16666666666666669,0.3525,0.3725,score_free_night_flight
567885,1,1,7,2,1.0,0.2857142857142857,0.8571428571428572,Middle-age,Medium Spenders,0.0,1.5,3.0,0.375,1.0,0.6666666666666666,0.09633911368015413,0.5,0.1,0.06743737957610789,0.5333333333333333,0.8571428571428572,0.37,0.2925,score_exclusive_discount
567906,4,1,5,2,0.25,0.4,0.425,Middle-age,Medium Spenders,0.0,0.33,2.0,0.3333333333333333,0.6666666666666666,1.0,0.11273957158962794,0.11,0.06666666666666667,0.07891770011273955,0.28800000000000003,0.425,0.24666666666666665,0.2533333333333333,score_exclusive_discount
567943,1,0,8,0,0.0,0.0,0.5,0,0,0.0,0.0,0.0,0.0,0.0,0.0,0.0,0.0,0.0,0.0,0.0,0.5,0.0,0.0,score_exclusive_discount
567950,4,2,4,2,0.5,0.5,0.5,Middle-age,Low Spenders,0.25,0.0,1.5,0.5,0.75,1.0,0.11481056257175659,0.0,0.05,0.08036739380022961,0.2,0.5,0.25999999999999995,0.365,score_exclusive_discount
567961,1,0,7,3,0.0,0.42857142857142855,0.2857142857142857,Youth,Champions,0.0,0.5,1.67,0.375,0.6666666666666666,1.0,0.13386880856760375,0.16666666666666666,0.05566666666666666,0.09370816599732262,0.33333333333333337,0.2857142857142857,0.23896666666666666,0.27919999999999995,score_free_checkedbag
568004,2,0,6,3,0.0,0.5,0.25,Middle-age,Medium Spenders,0.0,0.67,3.0,0.375,1.0,1.0,0.11160714285714285,0.22333333333333336,0.1,0.07812499999999999,0.3786666666666667,0.25,0.37,0.2925,score_free_checkedbag
568013,3,1,6,2,0.3333333333333333,0.3333333333333333,0.5,Middle-age,Medium Spenders,0.0,0.33,1.67,0.3333333333333333,1.0,1.0,0.11350737797956868,0.11,0.05566666666666666,0.07945516458569807,0.28800000000000003,0.5,0.33896666666666664,0.25003333333333333,score_exclusive_discount
568060,3,3,5,1,1.0,0.2,0.9,Middle-age,High Spenders,0.0,0.0,5.25,0.5,1.0,0.5,0.11862396204033215,0.0,0.175,0.0830367734282325,0.1,0.9,0.4225,0.40249999999999997,score_exclusive_discount
568064,3,1,5,1,0.3333333333333333,0.2,0.5666666666666667,Middle-age,Medium Spenders,0.0,1.0,10.5,0.25,1.0,1.0,0.15337423312883436,0.3333333333333333,0.35,0.10736196319018404,0.4666666666666667,0.5666666666666667,0.5449999999999999,0.27999999999999997,score_exclusive_discount
568078,1,0,7,2,0.0,0.2857142857142857,0.35714285714285715,Middle-age,Medium Spenders,0.0,0.5,3.0,0.25,0.5,1.0,0.11312217194570136,0.16666666666666666,0.1,0.07918552036199095,0.33333333333333337,0.35714285714285715,0.21999999999999997,0.205,score_exclusive_discount
568086,4,1,4,0,0.25,0.0,0.625,Middle-age,At Risk,0.0,0.0,1.0,0.125,1.0,1.0,0.18214936247723132,0.0,0.03333333333333333,0.12750455373406192,0.2,0.625,0.3233333333333333,0.09749999999999999,score_exclusive_discount
568093,1,0,7,3,0.0,0.42857142857142855,0.2857142857142857,Middle-age,Medium Spenders,0.0,0.33,2.67,0.375,1.0,1.0,0.1234567901234568,0.11,0.089,0.08641975308641975,0.28800000000000003,0.2857142857142857,0.36229999999999996,0.28919999999999996,score_free_meal
568101,0,0,8,4,0.0,0.5,0.5,Middle-age,High Spenders,0.0,0.5,1.0,0.5,0.75,1.0,0.14104372355430184,0.16666666666666666,0.03333333333333333,0.09873060648801128,0.33333333333333337,0.5,0.2483333333333333,0.36,score_exclusive_discount
568105,3,1,5,3,0.3333333333333333,0.6,0.3666666666666667,Middle-age,Champions,0.0,0.33,6.0,0.5,1.0,0.75,0.09727626459143969,0.11,0.2,0.06809338521400778,0.23800000000000004,0.3666666666666667,0.43999999999999995,0.41,score_free_meal
568121,2,1,6,1,0.5,0.16666666666666666,0.6666666666666667,Middle-age,High Spenders,0.0,0.5,1.0,0.25,1.0,1.0,0.09900990099009901,0.16666666666666666,0.03333333333333333,0.0693069306930693,0.33333333333333337,0.6666666666666667,0.3233333333333333,0.185,score_exclusive_discount
568155,2,0,6,1,0.0,0.16666666666666666,0.4166666666666667,Youth,Champions,0.0,0.0,13.0,0.125,1.0,0.0,1.0,0.0,0.43333333333333335,0.7,0.0,0.4166666666666667,0.6033333333333333,0.2175,score_free_cancellation
568167,2,1,6,3,0.5,0.5,0.5,Middle-age,Champions,0.0,0.17,4.75,0.5,1.0,0.75,0.0931098696461825,0.05666666666666667,0.15833333333333333,0.06517690875232775,0.19533333333333336,0.5,0.41083333333333333,0.39749999999999996,score_exclusive_discount
568182,1,0,7,2,0.0,0.2857142857142857,0.35714285714285715,Middle-age,Medium Spenders,0.0,1.0,4.0,0.25,1.0,0.5,0.10050251256281408,0.3333333333333333,0.13333333333333333,0.07035175879396985,0.3666666666666667,0.35714285714285715,0.3933333333333333,0.215,score_free_meal
568258,2,1,6,1,0.5,0.16666666666666666,0.6666666666666667,Youth,Champions,0.0,0.0,13.5,0.25,1.0,0.0,1.0,0.0,0.45,0.7,0.0,0.6666666666666667,0.615,0.31,score_free_cancellation
568325,3,0,5,1,0.0,0.2,0.4,Elderly,At Risk,0.0,1.0,1.0,0.125,1.0,1.0,0.10649627263045792,0.3333333333333333,0.03333333333333333,0.07454739084132055,0.4666666666666667,0.4,0.3233333333333333,0.09749999999999999,score_free_checkedbag
568371,1,0,7,1,0.0,0.14285714285714285,0.4285714285714286,Middle-age,At Risk,0.0,0.0,3.0,0.125,1.0,1.0,0.11363636363636363,0.0,0.1,0.07954545454545454,0.2,0.4285714285714286,0.37,0.1175,score_exclusive_discount
568385,1,0,7,4,0.0,0.5714285714285714,0.2142857142857143,Middle-age,High Spenders,0.0,0.62,3.0,0.5,1.0,1.0,0.11682242990654207,0.20666666666666667,0.1,0.08177570093457945,0.36533333333333334,0.2142857142857143,0.37,0.38,score_free_night_flight
568416,2,0,6,2,0.0,0.3333333333333333,0.33333333333333337,Middle-age,Champions,0.0,0.17,3.0,0.25,1.0,1.0,0.1240694789081886,0.05666666666666667,0.1,0.08684863523573202,0.24533333333333335,0.33333333333333337,0.37,0.205,score_free_meal
568463,2,1,7,1,0.5,0.14285714285714285,0.6785714285714286,Middle-age,Medium Spenders,0.0,0.0,4.5,0.2222222222222222,1.0,1.0,0.14727540500736377,0.0,0.15,0.10309278350515463,0.2,0.6785714285714286,0.40499999999999997,0.20055555555555554,score_exclusive_discount
568486,3,2,5,2,0.6666666666666666,0.4,0.6333333333333333,Middle-age,High Spenders,0.0,0.5,6.5,0.5,1.0,1.0,0.1349527665317139,0.16666666666666666,0.21666666666666667,0.09446693657219972,0.33333333333333337,0.6333333333333333,0.45166666666666666,0.415,score_exclusive_discount
568513,2,0,8,2,0.0,0.25,0.375,Youth,Low Spenders,0.0,0.0,7.5,0.2,1.0,0.0,1.0,0.0,0.25,0.7,0.0,0.375,0.475,0.21499999999999997,score_free_cancellation
568536,0,0,8,0,0.0,0.0,0.5,0,0,0.0,0.0,0.0,0.0,0.0,0.0,0.0,0.0,0.0,0.0,0.0,0.5,0.0,0.0,score_exclusive_discount
568602,4,2,5,1,0.5,0.2,0.65,Middle-age,At Risk,0.33,1.0,4.0,0.3333333333333333,1.0,1.0,0.09319664492078285,0.3333333333333333,0.13333333333333333,0.06523765144454799,0.4666666666666667,0.65,0.3933333333333333,0.2733333333333333,score_exclusive_discount
568605,5,3,3,0,0.6,0.0,0.8,Youth,Low Spenders,0.33,0.0,5.0,0.375,1.0,0.6666666666666666,1.0,0.0,0.16666666666666666,0.7,0.13333333333333333,0.8,0.41666666666666663,0.31249999999999994,score_exclusive_discount
568641,3,1,5,0,0.3333333333333333,0.0,0.6666666666666666,Middle-age,At Risk,0.0,1.0,4.0,0.125,1.0,1.0,0.09199632014719412,0.3333333333333333,0.13333333333333333,0.06439742410303588,0.4666666666666667,0.6666666666666666,0.3933333333333333,0.1275,score_exclusive_discount
568696,1,0,8,3,0.0,0.375,0.3125,Middle-age,Medium Spenders,0.0,0.67,3.67,0.3333333333333333,0.6666666666666666,1.0,0.11778563015312131,0.22333333333333336,0.12233333333333334,0.08244994110718491,0.3786666666666667,0.3125,0.2856333333333333,0.2700333333333333,score_free_checkedbag
568713,2,1,6,3,0.5,0.5,0.5,Middle-age,High Spenders,0.0,0.33,2.25,0.5,1.0,0.75,0.13568521031207598,0.11,0.075,0.09497964721845317,0.23800000000000004,0.5,0.3525,0.3725,score_exclusive_discount
568716,3,2,6,3,0.6666666666666666,0.5,0.5833333333333333,Middle-age,High Spenders,0.0,0.87,3.6,0.5555555555555556,0.8,1.0,0.021021652301870926,0.29,0.12000000000000001,0.014715156611309647,0.432,0.5833333333333333,0.324,0.42488888888888887,score_exclusive_discount
568773,2,1,8,5,0.5,0.625,0.4375,Middle-age,Medium Spenders,0.17,0.25,1.25,0.6,1.0,1.0,0.1152073732718894,0.08333333333333333,0.041666666666666664,0.08064516129032258,0.26666666666666666,0.4375,0.32916666666666666,0.4325,score_exclusive_discount
568790,2,0,6,3,0.0,0.5,0.25,Middle-age,Medium Spenders,0.0,0.67,3.0,0.375,1.0,1.0,0.111731843575419,0.22333333333333336,0.1,0.0782122905027933,0.3786666666666667,0.25,0.37,0.2925,score_free_checkedbag
568917,1,0,7,0,0.0,0.0,0.5,0,0,0.0,0.0,0.0,0.0,0.0,0.0,0.0,0.0,0.0,0.0,0.0,0.5,0.0,0.0,score_exclusive_discount
568931,1,1,7,5,1.0,0.7142857142857143,0.6428571428571428,Middle-age,Medium Spenders,0.17,0.5,1.5,0.75,0.6666666666666666,1.0,0.1287001287001287,0.16666666666666666,0.05,0.09009009009009009,0.33333333333333337,0.6428571428571428,0.235,0.5399999999999999,score_exclusive_discount
568970,4,1,4,1,0.25,0.25,0.5,Middle-age,At Risk,0.0,0.5,0.0,0.25,0.0,1.0,0.08163265306122448,0.16666666666666666,0.0,0.057142857142857134,0.33333333333333337,0.5,0.0,0.175,score_exclusive_discount
568984,2,0,6,1,0.0,0.16666666666666666,0.4166666666666667,Elderly,Medium Spenders,0.0,0.0,8.0,0.125,1.0,0.0,1.0,0.0,0.26666666666666666,0.7,0.0,0.4166666666666667,0.48666666666666664,0.16749999999999998,score_free_cancellation
569031,4,1,5,1,0.25,0.2,0.525,Middle-age,Champions,0.0,0.0,8.5,0.2222222222222222,1.0,1.0,0.009739943508327652,0.0,0.2833333333333333,0.006817960455829356,0.2,0.525,0.4983333333333333,0.24055555555555552,score_exclusive_discount
569082,2,1,6,2,0.5,0.3333333333333333,0.5833333333333334,Middle-age,High Spenders,0.0,0.33,4.67,0.375,0.6666666666666666,1.0,0.11198208286674133,0.11,0.15566666666666668,0.07838745800671892,0.28800000000000003,0.5833333333333334,0.30896666666666667,0.3092,score_exclusive_discount
569107,2,0,6,0,0.0,0.0,0.5,0,0,0.0,0.0,0.0,0.0,0.0,0.0,0.0,0.0,0.0,0.0,0.0,0.5,0.0,0.0,score_exclusive_discount
569150,1,1,7,4,1.0,0.5714285714285714,0.7142857142857143,Middle-age,High Spenders,0.0,0.73,1.8,0.625,0.8,1.0,0.12836970474967907,0.24333333333333332,0.060000000000000005,0.08985879332477534,0.39466666666666667,0.7142857142857143,0.282,0.4555,score_exclusive_discount
569170,1,0,7,5,0.0,0.7142857142857143,0.14285714285714285,Middle-age,Champions,0.0,1.33,4.6,0.625,1.0,0.6,0.13003901170351104,0.44333333333333336,0.15333333333333332,0.09102730819245772,0.4746666666666667,0.14285714285714285,0.4073333333333333,0.4835,score_free_night_flight
569180,2,0,6,3,0.0,0.5,0.25,Middle-age,High Spenders,0.0,1.5,2.67,0.375,0.6666666666666666,0.6666666666666666,0.10857763300760043,0.5,0.089,0.0760043431053203,0.5333333333333333,0.25,0.2623,0.28919999999999996,score_free_checkedbag
569203,1,0,7,1,0.0,0.14285714285714285,0.4285714285714286,Middle-age,At Risk,0.0,0.0,2.0,0.125,1.0,1.0,0.11312217194570136,0.0,0.06666666666666667,0.07918552036199095,0.2,0.4285714285714286,0.3466666666666667,0.1075,score_exclusive_discount
569236,1,0,7,4,0.0,0.5714285714285714,0.2142857142857143,Middle-age,Champions,0.0,0.83,7.5,0.5,1.0,0.75,0.1440922190201729,0.27666666666666667,0.25,0.10086455331412103,0.3713333333333334,0.2142857142857143,0.475,0.425,score_free_meal
569239,1,1,7,2,1.0,0.2857142857142857,0.8571428571428572,Middle-age,Champions,0.0,0.5,2.33,0.375,1.0,1.0,0.1287001287001287,0.16666666666666666,0.07766666666666668,0.09009009009009009,0.33333333333333337,0.8571428571428572,0.35436666666666666,0.28579999999999994,score_exclusive_discount
569243,2,1,6,1,0.5,0.16666666666666666,0.6666666666666667,Middle-age,Medium Spenders,0.0,0.5,7.0,0.25,1.0,1.0,0.11061946902654868,0.16666666666666666,0.23333333333333334,0.07743362831858407,0.33333333333333337,0.6666666666666667,0.4633333333333333,0.245,score_exclusive_discount
569300,2,2,8,2,1.0,0.25,0.875,Elderly,High Spenders,0.0,0.0,2.0,0.4,1.0,0.75,0.10593220338983052,0.0,0.06666666666666667,0.07415254237288135,0.15000000000000002,0.875,0.3466666666666667,0.3,score_exclusive_discount
569335,2,0,6,1,0.0,0.16666666666666666,0.4166666666666667,Middle-age,Low Spenders,0.0,0.0,3.0,0.125,1.0,0.0,1.0,0.0,0.1,0.7,0.0,0.4166666666666667,0.37,0.1175,score_free_cancellation
569342,3,1,5,2,0.3333333333333333,0.4,0.4666666666666667,Middle-age,Medium Spenders,0.0,0.67,0.67,0.375,0.3333333333333333,1.0,0.1322751322751323,0.22333333333333336,0.022333333333333334,0.0925925925925926,0.3786666666666667,0.4666666666666667,0.11563333333333332,0.26919999999999994,score_exclusive_discount
569364,2,1,6,2,0.5,0.3333333333333333,0.5833333333333334,Middle-age,Medium Spenders,0.0,0.25,2.33,0.375,1.0,0.6666666666666666,0.136986301369863,0.08333333333333333,0.07766666666666668,0.0958904109589041,0.2,0.5833333333333334,0.35436666666666666,0.28579999999999994,score_exclusive_discount
569458,1,0,7,1,0.0,0.14285714285714285,0.4285714285714286,Middle-age,Low Spenders,0.0,1.0,7.0,0.125,1.0,1.0,0.12919896640826872,0.3333333333333333,0.23333333333333334,0.0904392764857881,0.4666666666666667,0.4285714285714286,0.4633333333333333,0.15749999999999997,score_free_checkedbag
569466,3,0,5,3,0.0,0.6,0.2,Middle-age,Low Spenders,0.0,0.33,2.33,0.375,1.0,1.0,0.14104372355430184,0.11,0.07766666666666668,0.09873060648801128,0.28800000000000003,0.2,0.35436666666666666,0.28579999999999994,score_free_meal
569472,1,1,7,1,1.0,0.14285714285714285,0.9285714285714286,Middle-age,Low Spenders,0.0,0.0,1.0,0.25,1.0,1.0,0.08896797153024912,0.0,0.03333333333333333,0.06227758007117438,0.2,0.9285714285714286,0.3233333333333333,0.185,score_exclusive_discount
569530,4,0,4,3,0.0,0.75,0.125,Middle-age,Champions,0.0,0.67,3.67,0.375,1.0,1.0,0.11862396204033215,0.22333333333333336,0.12233333333333334,0.0830367734282325,0.3786666666666667,0.125,0.38563333333333333,0.29919999999999997,score_free_meal
569534,3,2,6,3,0.6666666666666666,0.5,0.5833333333333333,Middle-age,High Spenders,0.0,0.5,0.6,0.5555555555555556,0.4,1.0,0.11547344110854503,0.16666666666666666,0.02,0.08083140877598152,0.33333333333333337,0.5833333333333333,0.134,0.3948888888888889,score_exclusive_discount
569572,3,3,5,1,1.0,0.2,0.9,Middle-age,High Spenders,0.0,0.67,4.5,0.5,1.0,0.75,0.12195121951219513,0.22333333333333336,0.15,0.08536585365853659,0.3286666666666667,0.9,0.40499999999999997,0.39499999999999996,score_exclusive_discount
569643,4,0,4,0,0.0,0.0,0.5,0,0,0.0,0.0,0.0,0.0,0.0,0.0,0.0,0.0,0.0,0.0,0.0,0.5,0.0,0.0,score_exclusive_discount
569733,1,0,7,4,0.0,0.5714285714285714,0.2142857142857143,Middle-age,High Spenders,0.0,0.5,1.75,0.5,1.0,1.0,0.11481056257175659,0.16666666666666666,0.058333333333333334,0.08036739380022961,0.33333333333333337,0.2142857142857143,0.3408333333333333,0.3675,score_free_night_flight
569754,2,1,6,4,0.5,0.6666666666666666,0.4166666666666667,Middle-age,Medium Spenders,0.0,0.6,1.4,0.625,0.6,1.0,0.13850415512465375,0.19999999999999998,0.04666666666666666,0.09695290858725762,0.36,0.4166666666666667,0.21266666666666667,0.4515,score_free_night_flight
569779,0,0,8,2,0.0,0.25,0.5,Middle-age,Champions,0.0,0.0,8.0,0.25,1.0,1.0,0.15337423312883436,0.0,0.26666666666666666,0.10736196319018404,0.2,0.5,0.48666666666666664,0.255,score_exclusive_discount
569788,2,0,6,2,0.0,0.3333333333333333,0.33333333333333337,Middle-age,Medium Spenders,0.0,0.0,3.5,0.25,1.0,0.5,0.12987012987012986,0.0,0.11666666666666667,0.0909090909090909,0.1,0.33333333333333337,0.38166666666666665,0.21,score_free_meal
569792,2,0,6,4,0.0,0.6666666666666666,0.16666666666666669,Middle-age,Champions,0.0,0.31,3.25,0.5,1.0,1.0,0.12836970474967907,0.10333333333333333,0.10833333333333334,0.08985879332477534,0.2826666666666667,0.16666666666666669,0.37583333333333335,0.38249999999999995,score_free_night_flight
569817,4,1,4,2,0.25,0.5,0.375,Middle-age,Medium Spenders,0.0,1.0,6.67,0.375,1.0,0.6666666666666666,0.129366106080207,0.3333333333333333,0.22233333333333333,0.09055627425614489,0.4,0.375,0.45563333333333333,0.32919999999999994,score_free_meal
569829,2,2,6,3,1.0,0.5,0.75,Middle-age,High Spenders,0.0,1.0,1.6,0.625,1.0,1.0,0.12594458438287154,0.3333333333333333,0.05333333333333334,0.08816120906801007,0.4666666666666667,0.75,0.3373333333333333,0.4535,score_exclusive_discount
569832,2,0,7,1,0.0,0.14285714285714285,0.4285714285714286,Middle-age,Low Spenders,0.0,1.0,7.0,0.1111111111111111,1.0,1.0,0.06720430107526881,0.3333333333333333,0.23333333333333334,0.047043010752688165,0.4666666666666667,0.4285714285714286,0.4633333333333333,0.14777777777777776,score_free_checkedbag
569863,2,1,6,5,0.5,0.8333333333333334,0.3333333333333333,Middle-age,High Spenders,0.0,0.5,1.67,0.75,0.8333333333333334,1.0,0.09643201542912247,0.16666666666666666,0.05566666666666666,0.06750241080038573,0.33333333333333337,0.3333333333333333,0.28896666666666665,0.5417,score_free_night_flight
569883,2,1,7,3,0.5,0.42857142857142855,0.5357142857142857,Middle-age,High Spenders,0.0,0.33,3.25,0.4444444444444444,1.0,0.75,0.09624639076034648,0.11,0.10833333333333334,0.06737247353224253,0.23800000000000004,0.5357142857142857,0.37583333333333335,0.3436111111111111,score_exclusive_discount
569920,2,1,6,1,0.5,0.16666666666666666,0.6666666666666667,Middle-age,Medium Spenders,0.0,0.0,4.5,0.25,1.0,0.5,0.15267175572519084,0.0,0.15,0.10687022900763359,0.1,0.6666666666666667,0.40499999999999997,0.21999999999999997,score_exclusive_discount
569923,1,0,7,1,0.0,0.14285714285714285,0.4285714285714286,Youth,At Risk,0.0,0.0,0.0,0.125,0.0,1.0,0.14662756598240467,0.0,0.0,0.10263929618768326,0.2,0.4285714285714286,0.0,0.0875,score_exclusive_discount
570021,1,0,7,3,0.0,0.42857142857142855,0.2857142857142857,Middle-age,High Spenders,0.0,0.83,1.67,0.375,1.0,1.0,0.10010010010010009,0.27666666666666667,0.05566666666666666,0.07007007007007006,0.42133333333333334,0.2857142857142857,0.33896666666666664,0.27919999999999995,score_free_checkedbag
570076,4,2,4,1,0.5,0.25,0.625,Middle-age,Low Spenders,0.33,0.0,7.0,0.375,1.0,1.0,0.13003901170351104,0.0,0.23333333333333334,0.09102730819245772,0.2,0.625,0.4633333333333333,0.33249999999999996,score_exclusive_discount
570144,2,0,6,4,0.0,0.6666666666666666,0.16666666666666669,Middle-age,Low Spenders,0.0,1.0,1.25,0.5,0.75,1.0,0.08116883116883117,0.3333333333333333,0.041666666666666664,0.056818181818181816,0.4666666666666667,0.16666666666666669,0.25416666666666665,0.3625,score_free_checkedbag
570162,3,3,5,1,1.0,0.2,0.9,Middle-age,High Spenders,0.0,0.5,6.0,0.5,1.0,0.75,0.1149425287356322,0.16666666666666666,0.2,0.08045977011494253,0.2833333333333333,0.9,0.43999999999999995,0.41,score_exclusive_discount
570215,4,1,4,2,0.25,0.5,0.375,Middle-age,High Spenders,0.0,0.33,1.33,0.375,0.6666666666666666,1.0,0.13966480446927373,0.11,0.044333333333333336,0.09776536312849161,0.28800000000000003,0.375,0.2310333333333333,0.27579999999999993,score_exclusive_discount
570219,3,0,5,4,0.0,0.8,0.09999999999999998,Middle-age,Medium Spenders,0.0,0.75,2.0,0.5,0.75,1.0,0.11415525114155252,0.25,0.06666666666666667,0.07990867579908675,0.4,0.09999999999999998,0.2716666666666666,0.37,score_free_checkedbag
570224,1,0,7,2,0.0,0.2857142857142857,0.35714285714285715,Middle-age,Low Spenders,0.0,0.5,2.5,0.25,1.0,1.0,0.10764262648008613,0.16666666666666666,0.08333333333333333,0.07534983853606028,0.33333333333333337,0.35714285714285715,0.35833333333333334,0.19999999999999998,score_free_meal
570226,2,0,6,4,0.0,0.6666666666666666,0.16666666666666669,Middle-age,High Spenders,0.0,0.75,3.75,0.5,1.0,1.0,0.136986301369863,0.25,0.125,0.0958904109589041,0.4,0.16666666666666669,0.38749999999999996,0.38749999999999996,score_free_checkedbag
570242,3,0,5,0,0.0,0.0,0.5,0,0,0.0,0.0,0.0,0.0,0.0,0.0,0.0,0.0,0.0,0.0,0.0,0.5,0.0,0.0,score_exclusive_discount
570279,5,0,3,1,0.0,0.3333333333333333,0.33333333333333337,Youth,At Risk,0.0,0.0,6.0,0.125,1.0,1.0,0.1322751322751323,0.0,0.2,0.0925925925925926,0.2,0.33333333333333337,0.43999999999999995,0.1475,score_free_meal
570291,5,1,4,1,0.2,0.25,0.475,Middle-age,Medium Spenders,0.0,0.5,4.0,0.2222222222222222,1.0,1.0,0.12484394506866417,0.16666666666666666,0.13333333333333333,0.08739076154806491,0.33333333333333337,0.475,0.3933333333333333,0.19555555555555554,score_exclusive_discount
570329,0,0,8,0,0.0,0.0,0.5,0,0,0.0,0.0,0.0,0.0,0.0,0.0,0.0,0.0,0.0,0.0,0.0,0.5,0.0,0.0,score_exclusive_discount
570330,3,0,6,3,0.0,0.5,0.25,Middle-age,High Spenders,0.0,0.5,5.33,0.3333333333333333,0.3333333333333333,0.6666666666666666,0.14534883720930233,0.16666666666666666,0.17766666666666667,0.10174418604651163,0.26666666666666666,0.25,0.22436666666666666,0.2866333333333333,score_free_night_flight
570346,1,1,7,4,1.0,0.5714285714285714,0.7142857142857143,Middle-age,Champions,0.0,0.17,3.4,0.625,1.0,0.8,0.1251564455569462,0.05666666666666667,0.11333333333333333,0.08760951188986232,0.20533333333333337,0.7142857142857143,0.3793333333333333,0.4715,score_exclusive_discount
570369,2,1,6,3,0.5,0.5,0.5,Middle-age,High Spenders,0.0,0.67,2.0,0.5,0.75,0.75,0.1234567901234568,0.22333333333333336,0.06666666666666667,0.08641975308641975,0.3286666666666667,0.5,0.2716666666666666,0.37,score_exclusive_discount
570418,1,0,8,4,0.0,0.5,0.25,Middle-age,High Spenders,0.0,0.5,2.25,0.4444444444444444,0.75,1.0,0.014688601645123384,0.16666666666666666,0.075,0.010282021151586369,0.33333333333333337,0.25,0.27749999999999997,0.3336111111111111,score_free_night_flight
570436,2,0,6,2,0.0,0.3333333333333333,0.33333333333333337,Middle-age,At Risk,0.0,0.5,1.0,0.25,1.0,1.0,0.12180267965895249,0.16666666666666666,0.03333333333333333,0.08526187576126673,0.33333333333333337,0.33333333333333337,0.3233333333333333,0.185,score_free_checkedbag
570439,4,1,4,2,0.25,0.5,0.375,Middle-age,Medium Spenders,0.0,0.33,2.67,0.375,1.0,1.0,0.11467889908256883,0.11,0.089,0.08027522935779817,0.28800000000000003,0.375,0.36229999999999996,0.28919999999999996,score_exclusive_discount
570600,2,0,8,1,0.0,0.125,0.4375,Elderly,Champions,0.0,0.5,10.0,0.1,1.0,1.0,0.005889975262103899,0.16666666666666666,0.3333333333333333,0.004122982683472729,0.33333333333333337,0.4375,0.5333333333333333,0.16999999999999998,score_free_meal
570601,4,1,4,1,0.25,0.25,0.5,Middle-age,Medium Spenders,0.0,1.0,4.0,0.25,0.5,1.0,0.11098779134295228,0.3333333333333333,0.13333333333333333,0.07769145394006659,0.4666666666666667,0.5,0.24333333333333332,0.215,score_exclusive_discount
570625,3,0,5,1,0.0,0.2,0.4,Youth,High Spenders,0.0,0.0,1.0,0.125,1.0,1.0,0.08710801393728222,0.0,0.03333333333333333,0.06097560975609755,0.2,0.4,0.3233333333333333,0.09749999999999999,score_exclusive_discount
570626,2,0,6,4,0.0,0.6666666666666666,0.16666666666666669,Middle-age,Medium Spenders,0.0,0.75,1.75,0.5,1.0,1.0,0.1183431952662722,0.25,0.058333333333333334,0.08284023668639054,0.4,0.16666666666666669,0.3408333333333333,0.3675,score_free_checkedbag
570631,4,1,4,0,0.25,0.0,0.625,Middle-age,At Risk,0.0,0.0,1.0,0.125,1.0,1.0,0.117096018735363,0.0,0.03333333333333333,0.08196721311475409,0.2,0.625,0.3233333333333333,0.09749999999999999,score_exclusive_discount
570639,4,1,5,2,0.25,0.4,0.425,Middle-age,High Spenders,0.0,0.0,1.67,0.3333333333333333,0.6666666666666666,1.0,0.111731843575419,0.0,0.05566666666666666,0.0782122905027933,0.2,0.425,0.23896666666666666,0.25003333333333333,score_exclusive_discount
570654,3,0,5,1,0.0,0.2,0.4,Middle-age,At Risk,0.0,0.0,1.0,0.125,1.0,1.0,0.14749262536873156,0.0,0.03333333333333333,0.10324483775811209,0.2,0.4,0.3233333333333333,0.09749999999999999,score_exclusive_discount
570666,4,1,4,2,0.25,0.5,0.375,Middle-age,Medium Spenders,0.0,1.0,4.0,0.375,1.0,0.6666666666666666,0.11402508551881414,0.3333333333333333,0.13333333333333333,0.07981755986316989,0.4,0.375,0.3933333333333333,0.30249999999999994,score_free_checkedbag
570683,3,2,5,2,0.6666666666666666,0.4,0.6333333333333333,Middle-age,Champions,0.0,0.88,2.75,0.5,1.0,1.0,0.15015015015015015,0.29333333333333333,0.09166666666666666,0.1051051051051051,0.4346666666666667,0.6333333333333333,0.36416666666666664,0.37749999999999995,score_exclusive_discount
570692,0,0,8,2,0.0,0.25,0.5,Middle-age,Low Spenders,0.0,0.0,2.5,0.25,1.0,1.0,0.08771929824561403,0.0,0.08333333333333333,0.061403508771929814,0.2,0.5,0.35833333333333334,0.19999999999999998,score_exclusive_discount
570693,1,0,7,3,0.0,0.42857142857142855,0.2857142857142857,Middle-age,Medium Spenders,0.0,0.5,5.0,0.375,0.6666666666666666,0.6666666666666666,0.12269938650306748,0.16666666666666666,0.16666666666666666,0.08588957055214723,0.26666666666666666,0.2857142857142857,0.31666666666666665,0.31249999999999994,score_free_meal
570697,1,0,7,1,0.0,0.14285714285714285,0.4285714285714286,Youth,At Risk,0.0,0.0,3.0,0.125,1.0,1.0,0.11547344110854503,0.0,0.1,0.08083140877598152,0.2,0.4285714285714286,0.37,0.1175,score_exclusive_discount
570713,0,0,8,2,0.0,0.25,0.5,Middle-age,Champions,0.0,0.83,0.5,0.25,0.5,1.0,0.11376564277588169,0.27666666666666667,0.016666666666666666,0.07963594994311718,0.42133333333333334,0.5,0.16166666666666665,0.18,score_exclusive_discount
570746,4,2,4,1,0.5,0.25,0.625,Middle-age,Champions,0.0,1.0,5.33,0.375,0.6666666666666666,0.6666666666666666,0.09216589861751152,0.3333333333333333,0.17766666666666667,0.06451612903225806,0.4,0.625,0.32436666666666664,0.31579999999999997,score_exclusive_discount
570750,2,1,6,2,0.5,0.3333333333333333,0.5833333333333334,Elderly,At Risk,0.33,1.0,0.0,0.375,0.3333333333333333,1.0,0.002963753297175543,0.3333333333333333,0.0,0.0020746273080228797,0.4666666666666667,0.5833333333333334,0.09999999999999999,0.26249999999999996,score_exclusive_discount
570782,1,1,7,4,1.0,0.5714285714285714,0.7142857142857143,Middle-age,Champions,0.0,0.25,4.4,0.625,1.0,0.8,0.09000900090009001,0.08333333333333333,0.14666666666666667,0.063006300630063,0.22666666666666668,0.7142857142857143,0.4026666666666666,0.4815,score_exclusive_discount
570821,1,1,7,2,1.0,0.2857142857142857,0.8571428571428572,Middle-age,Medium Spenders,0.0,0.67,2.67,0.375,1.0,1.0,0.12987012987012986,0.22333333333333336,0.089,0.0909090909090909,0.3786666666666667,0.8571428571428572,0.36229999999999996,0.28919999999999996,score_exclusive_discount
570829,6,1,2,2,0.16666666666666666,1.0,0.08333333333333331,Middle-age,Champions,0.0,0.33,3.33,0.375,1.0,1.0,0.10548523206751054,0.11,0.111,0.07383966244725737,0.28800000000000003,0.08333333333333331,0.3777,0.29579999999999995,score_free_meal
570837,1,0,7,5,0.0,0.7142857142857143,0.14285714285714285,Middle-age,Champions,0.0,0.3,2.2,0.625,0.8,1.0,0.15060240963855423,0.09999999999999999,0.07333333333333333,0.10542168674698796,0.28,0.14285714285714285,0.29133333333333333,0.4595,score_free_night_flight
570862,2,0,6,1,0.0,0.16666666666666666,0.4166666666666667,Elderly,Medium Spenders,0.0,0.0,10.0,0.125,1.0,0.0,1.0,0.0,0.3333333333333333,0.7,0.0,0.4166666666666667,0.5333333333333333,0.1875,score_free_cancellation
570928,4,0,4,2,0.0,0.5,0.25,Middle-age,High Spenders,0.0,0.5,2.5,0.25,1.0,1.0,0.09823182711198429,0.16666666666666666,0.08333333333333333,0.068762278978389,0.33333333333333337,0.25,0.35833333333333334,0.19999999999999998,score_free_meal
570930,3,1,6,0,0.3333333333333333,0.0,0.6666666666666666,Youth,At Risk,0.0,0.0,10.0,0.1111111111111111,1.0,0.0,1.0,0.0,0.3333333333333333,0.7,0.0,0.6666666666666666,0.5333333333333333,0.17777777777777776,score_free_cancellation
570945,0,0,8,2,0.0,0.25,0.5,Middle-age,Medium Spenders,0.0,0.0,2.5,0.25,1.0,1.0,0.13440860215053763,0.0,0.08333333333333333,0.09408602150537633,0.2,0.5,0.35833333333333334,0.19999999999999998,score_exclusive_discount
570961,0,0,8,3,0.0,0.375,0.5,Elderly,Champions,0.0,0.5,6.67,0.375,1.0,0.3333333333333333,0.00505203597049611,0.16666666666666666,0.22233333333333333,0.003536425179347277,0.2,0.5,0.45563333333333333,0.32919999999999994,score_exclusive_discount
570988,4,0,4,1,0.0,0.25,0.375,Elderly,Low Spenders,0.0,0.0,3.0,0.125,1.0,1.0,0.15313935681470137,0.0,0.1,0.10719754977029095,0.2,0.375,0.37,0.1175,score_exclusive_discount
571001,3,0,5,1,0.0,0.2,0.4,Youth,Champions,0.0,0.0,5.0,0.125,1.0,0.0,1.0,0.0,0.16666666666666666,0.7,0.0,0.4,0.41666666666666663,0.13749999999999998,score_free_cancellation
571015,3,2,5,3,0.6666666666666666,0.6,0.5333333333333333,Middle-age,Champions,0.0,0.4,4.0,0.625,1.0,1.0,0.12048192771084336,0.13333333333333333,0.13333333333333333,0.08433734939759034,0.3066666666666667,0.5333333333333333,0.3933333333333333,0.4775,score_exclusive_discount
571084,2,1,7,3,0.5,0.42857142857142855,0.5357142857142857,Middle-age,Champions,0.0,0.25,3.5,0.4444444444444444,1.0,0.5,0.18348623853211007,0.08333333333333333,0.11666666666666667,0.12844036697247704,0.16666666666666669,0.5357142857142857,0.38166666666666665,0.34611111111111104,score_exclusive_discount
571200,3,2,6,3,0.6666666666666666,0.5,0.5833333333333333,Middle-age,High Spenders,0.0,1.0,2.8,0.5555555555555556,1.0,0.8,0.12224938875305624,0.3333333333333333,0.09333333333333332,0.08557457212713937,0.4266666666666667,0.5833333333333333,0.3653333333333333,0.41688888888888886,score_exclusive_discount
571208,3,1,5,1,0.3333333333333333,0.2,0.5666666666666667,0,0,0.0,0.0,0.0,0.0,0.0,0.0,0.0,0.0,0.0,0.0,0.0,0.5666666666666667,0.0,0.0,score_exclusive_discount
571233,3,1,5,0,0.3333333333333333,0.0,0.6666666666666666,Middle-age,Low Spenders,0.0,1.0,8.0,0.125,1.0,1.0,0.1631321370309951,0.3333333333333333,0.26666666666666666,0.11419249592169657,0.4666666666666667,0.6666666666666666,0.48666666666666664,0.16749999999999998,score_exclusive_discount
571243,4,2,5,1,0.5,0.2,0.65,Middle-age,At Risk,0.33,1.0,0.0,0.3333333333333333,0.6666666666666666,1.0,0.1838235294117647,0.3333333333333333,0.0,0.12867647058823528,0.4666666666666667,0.65,0.19999999999999998,0.2333333333333333,score_exclusive_discount
571251,2,1,6,0,0.5,0.0,0.75,Middle-age,At Risk,0.0,0.0,1.0,0.125,1.0,1.0,0.1277139208173691,0.0,0.03333333333333333,0.08939974457215837,0.2,0.75,0.3233333333333333,0.09749999999999999,score_exclusive_discount
571300,4,3,4,1,0.75,0.25,0.75,Middle-age,Medium Spenders,0.25,0.5,3.0,0.5,1.0,1.0,0.1394700139470014,0.16666666666666666,0.1,0.09762900976290097,0.33333333333333337,0.75,0.37,0.38,score_exclusive_discount
571348,1,1,7,2,1.0,0.2857142857142857,0.8571428571428572,Middle-age,Champions,0.0,0.0,5.0,0.375,1.0,0.3333333333333333,0.13531799729364005,0.0,0.16666666666666666,0.09472259810554803,0.06666666666666667,0.8571428571428572,0.41666666666666663,0.31249999999999994,score_exclusive_discount
571363,2,1,6,2,0.5,0.3333333333333333,0.5833333333333334,Middle-age,High Spenders,0.0,0.75,4.67,0.375,1.0,0.6666666666666666,0.12285012285012284,0.25,0.15566666666666668,0.08599508599508598,0.33333333333333337,0.5833333333333334,0.40896666666666665,0.3092,score_exclusive_discount
571429,2,1,7,1,0.5,0.14285714285714285,0.6785714285714286,Middle-age,Low Spenders,0.0,1.0,1.0,0.2222222222222222,1.0,1.0,0.11668611435239207,0.3333333333333333,0.03333333333333333,0.08168028004667444,0.4666666666666667,0.6785714285714286,0.3233333333333333,0.16555555555555554,score_exclusive_discount
571454,1,0,7,3,0.0,0.42857142857142855,0.2857142857142857,Middle-age,Champions,0.0,0.0,3.0,0.375,1.0,1.0,0.09033423667570009,0.0,0.1,0.06323396567299006,0.2,0.2857142857142857,0.37,0.2925,score_free_meal
571523,4,2,4,1,0.5,0.25,0.625,Middle-age,Medium Spenders,0.0,0.0,2.0,0.375,0.6666666666666666,1.0,0.12195121951219513,0.0,0.06666666666666667,0.08536585365853659,0.2,0.625,0.24666666666666665,0.2825,score_exclusive_discount
571525,3,2,5,2,0.6666666666666666,0.4,0.6333333333333333,Middle-age,High Spenders,0.0,0.5,2.5,0.5,1.0,0.75,0.13568521031207598,0.16666666666666666,0.08333333333333333,0.09497964721845317,0.2833333333333333,0.6333333333333333,0.35833333333333334,0.375,score_exclusive_discount
571553,2,1,6,4,0.5,0.6666666666666666,0.4166666666666667,Middle-age,Champions,0.0,0.38,5.4,0.625,1.0,0.8,0.12180267965895249,0.12666666666666668,0.18000000000000002,0.08526187576126673,0.26133333333333336,0.4166666666666667,0.426,0.4915,score_free_night_flight
571560,3,2,5,1,0.6666666666666666,0.2,0.7333333333333333,Middle-age,Medium Spenders,0.0,0.67,3.0,0.375,0.6666666666666666,1.0,0.09057971014492755,0.22333333333333336,0.1,0.06340579710144928,0.3786666666666667,0.7333333333333333,0.26999999999999996,0.2925,score_exclusive_discount
571561,2,1,7,0,0.5,0.0,0.75,Middle-age,Low Spenders,0.0,0.0,6.0,0.1111111111111111,1.0,0.0,1.0,0.0,0.2,0.7,0.0,0.75,0.43999999999999995,0.13777777777777778,score_exclusive_discount
571566,1,1,7,5,1.0,0.7142857142857143,0.6428571428571428,Middle-age,Champions,0.0,0.58,1.67,0.75,1.0,1.0,0.11198208286674133,0.19333333333333333,0.05566666666666666,0.07838745800671892,0.3546666666666667,0.6428571428571428,0.33896666666666664,0.5417,score_exclusive_discount
571580,2,0,6,2,0.0,0.3333333333333333,0.33333333333333337,Middle-age,Champions,0.0,0.17,3.0,0.25,0.5,1.0,0.007534091765237701,0.05666666666666667,0.1,0.0052738642356663906,0.24533333333333335,0.33333333333333337,0.21999999999999997,0.205,score_exclusive_discount
571610,2,0,6,1,0.0,0.16666666666666666,0.4166666666666667,Youth,Low Spenders,0.0,1.0,4.0,0.125,1.0,1.0,0.19801980198019803,0.3333333333333333,0.13333333333333333,0.1386138613861386,0.4666666666666667,0.4166666666666667,0.3933333333333333,0.1275,score_free_checkedbag
571637,1,0,7,3,0.0,0.42857142857142855,0.2857142857142857,Middle-age,Medium Spenders,0.0,1.0,5.67,0.375,0.6666666666666666,0.6666666666666666,0.10362694300518134,0.3333333333333333,0.189,0.07253886010362694,0.4,0.2857142857142857,0.3323,0.31919999999999993,score_free_checkedbag
571639,3,0,6,2,0.0,0.3333333333333333,0.33333333333333337,Middle-age,Low Spenders,0.0,1.0,1.0,0.2222222222222222,0.5,1.0,0.1706484641638225,0.3333333333333333,0.03333333333333333,0.11945392491467575,0.4666666666666667,0.33333333333333337,0.17333333333333334,0.16555555555555554,score_free_checkedbag
571643,4,2,4,1,0.5,0.25,0.625,Middle-age,Low Spenders,0.0,0.67,1.33,0.375,1.0,1.0,0.13812154696132597,0.22333333333333336,0.044333333333333336,0.09668508287292818,0.3786666666666667,0.625,0.33103333333333335,0.27579999999999993,score_exclusive_discount
571757,1,0,7,0,0.0,0.0,0.5,0,0,0.0,0.0,0.0,0.0,0.0,0.0,0.0,0.0,0.0,0.0,0.0,0.5,0.0,0.0,score_exclusive_discount
571819,4,1,4,2,0.25,0.5,0.375,Middle-age,Low Spenders,0.0,0.33,1.67,0.375,1.0,1.0,0.1488095238095238,0.11,0.05566666666666666,0.10416666666666666,0.28800000000000003,0.375,0.33896666666666664,0.27919999999999995,score_exclusive_discount
571864,3,1,5,2,0.3333333333333333,0.4,0.4666666666666667,Middle-age,Medium Spenders,0.0,0.0,3.67,0.375,1.0,1.0,0.14306151645207438,0.0,0.12233333333333334,0.10014306151645205,0.2,0.4666666666666667,0.38563333333333333,0.29919999999999997,score_exclusive_discount
571876,5,2,3,1,0.4,0.3333333333333333,0.5333333333333333,Middle-age,High Spenders,0.0,0.25,3.33,0.375,1.0,0.6666666666666666,0.12578616352201258,0.08333333333333333,0.111,0.0880503144654088,0.2,0.5333333333333333,0.3777,0.29579999999999995,score_exclusive_discount
571888,5,4,3,1,0.8,0.3333333333333333,0.7333333333333334,Middle-age,Medium Spenders,0.2,0.33,1.67,0.625,1.0,1.0,0.14903129657228018,0.11,0.05566666666666666,0.10432190760059612,0.28800000000000003,0.7333333333333334,0.33896666666666664,0.4542,score_exclusive_discount
571913,3,2,5,0,0.6666666666666666,0.0,0.8333333333333333,Youth,Champions,0.0,0.0,5.0,0.25,1.0,0.5,0.14534883720930233,0.0,0.16666666666666666,0.10174418604651163,0.1,0.8333333333333333,0.41666666666666663,0.22499999999999998,score_exclusive_discount
571940,4,1,5,1,0.25,0.2,0.525,Middle-age,High Spenders,0.0,0.0,7.5,0.2222222222222222,1.0,0.0,1.0,0.0,0.25,0.7,0.0,0.525,0.475,0.2305555555555555,score_free_cancellation
572106,1,0,7,1,0.0,0.14285714285714285,0.4285714285714286,Middle-age,High Spenders,0.0,0.0,11.0,0.125,1.0,0.0,1.0,0.0,0.36666666666666664,0.7,0.0,0.4285714285714286,0.5566666666666666,0.19749999999999998,score_free_cancellation
572133,1,1,7,0,1.0,0.0,1.0,Elderly,At Risk,0.0,0.0,7.0,0.125,1.0,0.0,1.0,0.0,0.23333333333333334,0.7,0.0,1.0,0.4633333333333333,0.15749999999999997,score_exclusive_discount
572154,2,0,6,1,0.0,0.16666666666666666,0.4166666666666667,Middle-age,At Risk,0.0,0.0,1.0,0.125,1.0,0.0,1.0,0.0,0.03333333333333333,0.7,0.0,0.4166666666666667,0.3233333333333333,0.09749999999999999,score_free_cancellation
572176,2,0,6,1,0.0,0.16666666666666666,0.4166666666666667,Elderly,At Risk,0.0,0.0,2.0,0.125,1.0,1.0,0.1631321370309951,0.0,0.06666666666666667,0.11419249592169657,0.2,0.4166666666666667,0.3466666666666667,0.1075,score_exclusive_discount
572214,1,0,7,0,0.0,0.0,0.5,0,0,0.0,0.0,0.0,0.0,0.0,0.0,0.0,0.0,0.0,0.0,0.0,0.5,0.0,0.0,score_exclusive_discount
572290,2,1,6,5,0.5,0.8333333333333334,0.3333333333333333,Middle-age,High Spenders,0.0,0.17,2.83,0.75,1.0,1.0,0.12091898428053205,0.05666666666666667,0.09433333333333334,0.08464328899637243,0.24533333333333335,0.3333333333333333,0.3660333333333333,0.5532999999999999,score_free_night_flight
572396,3,2,5,1,0.6666666666666666,0.2,0.7333333333333333,Middle-age,Medium Spenders,0.0,0.33,1.33,0.375,0.6666666666666666,1.0,0.10857763300760043,0.11,0.044333333333333336,0.0760043431053203,0.28800000000000003,0.7333333333333333,0.2310333333333333,0.27579999999999993,score_exclusive_discount
572397,3,0,5,0,0.0,0.0,0.5,0,0,0.0,0.0,0.0,0.0,0.0,0.0,0.0,0.0,0.0,0.0,0.0,0.5,0.0,0.0,score_exclusive_discount
572428,3,1,6,1,0.3333333333333333,0.16666666666666666,0.5833333333333334,Middle-age,Low Spenders,0.0,0.0,3.5,0.2222222222222222,1.0,1.0,0.14184397163120568,0.0,0.11666666666666667,0.09929078014184398,0.2,0.5833333333333334,0.38166666666666665,0.19055555555555553,score_exclusive_discount
572479,1,0,7,4,0.0,0.5714285714285714,0.2142857142857143,Middle-age,Low Spenders,0.0,0.25,2.75,0.5,1.0,1.0,0.12820512820512822,0.08333333333333333,0.09166666666666666,0.08974358974358974,0.26666666666666666,0.2142857142857143,0.36416666666666664,0.37749999999999995,score_free_night_flight
572489,4,2,4,2,0.5,0.5,0.5,Middle-age,Medium Spenders,0.25,0.0,3.5,0.5,0.5,0.75,0.14556040756914118,0.0,0.11666666666666667,0.10189228529839882,0.15000000000000002,0.5,0.23166666666666666,0.38499999999999995,score_exclusive_discount
572502,2,0,6,3,0.0,0.5,0.25,Middle-age,Medium Spenders,0.0,1.0,2.0,0.375,1.0,0.6666666666666666,0.09074410163339383,0.3333333333333333,0.06666666666666667,0.06352087114337568,0.4,0.25,0.3466666666666667,0.2825,score_free_checkedbag
572529,3,0,5,2,0.0,0.4,0.3,Elderly,At Risk,0.0,0.0,1.5,0.25,1.0,1.0,0.10460251046025104,0.0,0.05,0.07322175732217573,0.2,0.3,0.33499999999999996,0.19,score_free_meal
572538,2,1,6,2,0.5,0.3333333333333333,0.5833333333333334,Middle-age,High Spenders,0.0,0.67,5.0,0.375,1.0,1.0,0.10080645161290323,0.22333333333333336,0.16666666666666666,0.07056451612903226,0.3786666666666667,0.5833333333333334,0.41666666666666663,0.31249999999999994,score_exclusive_discount
572554,2,2,7,6,1.0,0.8571428571428571,0.5714285714285714,Middle-age,Champions,0.0,0.75,2.5,0.8888888888888888,0.75,0.75,0.11904761904761904,0.25,0.08333333333333333,0.08333333333333333,0.35000000000000003,0.5714285714285714,0.2833333333333333,0.6472222222222221,score_free_night_flight
572578,2,1,6,1,0.5,0.16666666666666666,0.6666666666666667,Middle-age,Low Spenders,0.0,0.5,6.0,0.25,1.0,1.0,0.09823182711198429,0.16666666666666666,0.2,0.068762278978389,0.33333333333333337,0.6666666666666667,0.43999999999999995,0.235,score_exclusive_discount
572591,2,0,6,2,0.0,0.3333333333333333,0.33333333333333337,Middle-age,Champions,0.0,0.5,4.0,0.25,1.0,1.0,0.11723329425556857,0.16666666666666666,0.13333333333333333,0.082063305978898,0.33333333333333337,0.33333333333333337,0.3933333333333333,0.215,score_free_meal
572609,4,1,4,2,0.25,0.5,0.375,Middle-age,Low Spenders,0.0,0.5,2.67,0.375,1.0,0.6666666666666666,0.13717421124828533,0.16666666666666666,0.089,0.09602194787379972,0.26666666666666666,0.375,0.36229999999999996,0.28919999999999996,score_exclusive_discount
572632,1,1,7,2,1.0,0.2857142857142857,0.8571428571428572,Middle-age,Medium Spenders,0.0,0.67,2.33,0.375,1.0,1.0,0.13458950201884254,0.22333333333333336,0.07766666666666668,0.09421265141318977,0.3786666666666667,0.8571428571428572,0.35436666666666666,0.28579999999999994,score_exclusive_discount
572669,4,1,5,1,0.25,0.2,0.525,Middle-age,Medium Spenders,0.0,0.0,5.0,0.2222222222222222,1.0,0.5,0.07267441860465117,0.0,0.16666666666666666,0.050872093023255814,0.1,0.525,0.41666666666666663,0.20555555555555552,score_exclusive_discount
572728,3,2,5,3,0.6666666666666666,0.6,0.5333333333333333,Middle-age,Champions,0.0,0.75,2.2,0.625,0.8,0.8,0.02093364036005861,0.25,0.07333333333333333,0.014653548252041028,0.36000000000000004,0.5333333333333333,0.29133333333333333,0.4595,score_exclusive_discount
572744,4,2,4,2,0.5,0.5,0.5,Middle-age,High Spenders,0.0,0.0,3.75,0.5,1.0,0.75,0.1364256480218281,0.0,0.125,0.09549795361527967,0.15000000000000002,0.5,0.38749999999999996,0.38749999999999996,score_exclusive_discount
572826,4,1,4,1,0.25,0.25,0.5,Middle-age,Medium Spenders,0.0,0.0,3.5,0.25,1.0,0.5,0.09652509652509653,0.0,0.11666666666666667,0.06756756756756756,0.1,0.5,0.38166666666666665,0.21,score_exclusive_discount
572870,3,0,5,0,0.0,0.0,0.5,0,0,0.0,0.0,0.0,0.0,0.0,0.0,0.0,0.0,0.0,0.0,0.0,0.5,0.0,0.0,score_exclusive_discount
572898,1,1,8,1,1.0,0.125,0.9375,Middle-age,Medium Spenders,0.0,0.0,2.5,0.2222222222222222,1.0,0.5,0.1194743130227001,0.0,0.08333333333333333,0.08363201911589006,0.1,0.9375,0.35833333333333334,0.18055555555555552,score_exclusive_discount
572908,0,0,8,5,0.0,0.625,0.5,Middle-age,High Spenders,0.0,0.8,2.2,0.625,0.8,1.0,0.11261261261261263,0.26666666666666666,0.07333333333333333,0.07882882882882883,0.41333333333333333,0.5,0.29133333333333333,0.4595,score_exclusive_discount
572932,3,0,5,0,0.0,0.0,0.5,0,0,0.0,0.0,0.0,0.0,0.0,0.0,0.0,0.0,0.0,0.0,0.0,0.5,0.0,0.0,score_exclusive_discount
572992,2,1,7,3,0.5,0.42857142857142855,0.5357142857142857,Middle-age,Champions,0.0,0.81,2.5,0.4444444444444444,1.0,1.0,0.11560693641618497,0.27,0.08333333333333333,0.08092485549132947,0.41600000000000004,0.5357142857142857,0.35833333333333334,0.3361111111111111,score_exclusive_discount
573010,3,2,5,2,0.6666666666666666,0.4,0.6333333333333333,Middle-age,High Spenders,0.25,0.5,3.5,0.5,0.75,1.0,0.08333333333333333,0.16666666666666666,0.11666666666666667,0.05833333333333333,0.33333333333333337,0.6333333333333333,0.30666666666666664,0.38499999999999995,score_exclusive_discount
573011,2,0,6,4,0.0,0.6666666666666666,0.16666666666666669,Middle-age,Champions,0.0,0.42,6.0,0.5,1.0,0.5,0.09910802775024777,0.13999999999999999,0.2,0.06937561942517344,0.212,0.16666666666666669,0.43999999999999995,0.41,score_free_meal
573040,1,0,7,3,0.0,0.42857142857142855,0.2857142857142857,Middle-age,Medium Spenders,0.0,0.33,1.67,0.375,1.0,1.0,0.14513788098693758,0.11,0.05566666666666666,0.1015965166908563,0.28800000000000003,0.2857142857142857,0.33896666666666664,0.27919999999999995,score_free_meal
573086,5,3,3,1,0.6,0.3333333333333333,0.6333333333333333,Middle-age,High Spenders,0.25,1.0,6.5,0.5,1.0,0.75,0.13351134846461948,0.3333333333333333,0.21666666666666667,0.09345794392523363,0.4166666666666667,0.6333333333333333,0.45166666666666666,0.415,score_exclusive_discount
573122,0,0,8,4,0.0,0.5,0.5,Middle-age,Medium Spenders,0.0,0.25,2.5,0.5,1.0,1.0,0.10718113612004287,0.08333333333333333,0.08333333333333333,0.07502679528403,0.26666666666666666,0.5,0.35833333333333334,0.375,score_exclusive_discount
573147,1,0,7,4,0.0,0.5714285714285714,0.2142857142857143,Middle-age,Medium Spenders,0.0,1.33,3.5,0.5,1.0,0.75,0.12562814070351758,0.44333333333333336,0.11666666666666667,0.0879396984924623,0.5046666666666667,0.2142857142857143,0.38166666666666665,0.38499999999999995,score_free_checkedbag
573153,1,1,7,4,1.0,0.5714285714285714,0.7142857142857143,Middle-age,Medium Spenders,0.2,0.67,1.33,0.625,0.8,1.0,0.1016260162601626,0.22333333333333336,0.044333333333333336,0.07113821138211382,0.3786666666666667,0.7142857142857143,0.27103333333333335,0.4508,score_exclusive_discount
573189,0,0,8,4,0.0,0.5,0.5,Middle-age,High Spenders,0.0,1.0,3.75,0.5,1.0,1.0,0.12919896640826872,0.3333333333333333,0.125,0.0904392764857881,0.4666666666666667,0.5,0.38749999999999996,0.38749999999999996,score_exclusive_discount
573191,4,4,4,0,1.0,0.0,1.0,Middle-age,Medium Spenders,0.25,0.5,3.0,0.5,1.0,1.0,0.12578616352201258,0.16666666666666666,0.1,0.0880503144654088,0.33333333333333337,1.0,0.37,0.38,score_exclusive_discount
573237,2,0,6,1,0.0,0.16666666666666666,0.4166666666666667,Middle-age,At Risk,0.0,1.0,2.0,0.125,1.0,1.0,0.08347245409015025,0.3333333333333333,0.06666666666666667,0.05843071786310517,0.4666666666666667,0.4166666666666667,0.3466666666666667,0.1075,score_free_checkedbag
573244,1,0,7,4,0.0,0.5714285714285714,0.2142857142857143,Middle-age,Champions,0.0,0.67,4.25,0.5,1.0,0.75,0.14430014430014432,0.22333333333333336,0.14166666666666666,0.10101010101010102,0.3286666666666667,0.2142857142857143,0.39916666666666667,0.39249999999999996,score_free_meal
573249,2,1,6,2,0.5,0.3333333333333333,0.5833333333333334,Middle-age,Champions,0.0,0.0,8.33,0.375,1.0,1.0,0.1203369434416366,0.0,0.2776666666666667,0.08423586040914562,0.2,0.5833333333333334,0.4943666666666666,0.34579999999999994,score_exclusive_discount
573291,4,2,4,3,0.5,0.75,0.375,Middle-age,Medium Spenders,0.0,0.2,2.4,0.625,0.8,1.0,0.1447178002894356,0.06666666666666667,0.08,0.10130246020260492,0.25333333333333335,0.375,0.296,0.4615,score_free_night_flight
573365,1,1,7,0,1.0,0.0,1.0,Youth,At Risk,0.0,0.0,0.0,0.125,0.0,1.0,0.003944617569326654,0.0,0.0,0.0027612322985286573,0.2,1.0,0.0,0.0875,score_exclusive_discount
573373,2,1,6,1,0.5,0.16666666666666666,0.6666666666666667,Middle-age,At Risk,0.0,0.5,1.0,0.25,0.5,1.0,0.12210012210012208,0.16666666666666666,0.03333333333333333,0.08547008547008546,0.33333333333333337,0.6666666666666667,0.17333333333333334,0.185,score_exclusive_discount
573378,1,0,7,5,0.0,0.7142857142857143,0.14285714285714285,Middle-age,Champions,0.0,0.2,2.6,0.625,1.0,1.0,0.12531328320802004,0.06666666666666667,0.08666666666666667,0.08771929824561403,0.25333333333333335,0.14285714285714285,0.36066666666666664,0.4635,score_free_night_flight
573379,3,2,6,3,0.6666666666666666,0.5,0.5833333333333333,Middle-age,Champions,0.0,0.25,1.8,0.5555555555555556,1.0,0.8,0.11286681715575622,0.08333333333333333,0.060000000000000005,0.07900677200902935,0.22666666666666668,0.5833333333333333,0.34199999999999997,0.4068888888888889,score_exclusive_discount
573420,5,3,3,2,0.6,0.6666666666666666,0.4666666666666667,Middle-age,Champions,0.0,0.4,2.2,0.625,0.8,1.0,0.11350737797956868,0.13333333333333333,0.07333333333333333,0.07945516458569807,0.3066666666666667,0.4666666666666667,0.29133333333333333,0.4595,score_exclusive_discount
573423,3,0,5,0,0.0,0.0,0.5,0,0,0.0,0.0,0.0,0.0,0.0,0.0,0.0,0.0,0.0,0.0,0.0,0.5,0.0,0.0,score_exclusive_discount
573427,4,3,4,1,0.75,0.25,0.75,Middle-age,High Spenders,0.0,1.33,4.5,0.5,0.75,0.75,0.11655011655011654,0.44333333333333336,0.15,0.08158508158508157,0.5046666666666667,0.75,0.32999999999999996,0.39499999999999996,score_exclusive_discount
573493,5,2,4,1,0.4,0.25,0.575,Middle-age,Low Spenders,0.0,0.67,2.67,0.3333333333333333,1.0,1.0,0.10718113612004287,0.22333333333333336,0.089,0.07502679528403,0.3786666666666667,0.575,0.36229999999999996,0.2600333333333333,score_exclusive_discount
573518,0,0,8,2,0.0,0.25,0.5,Middle-age,Low Spenders,0.0,0.0,0.5,0.25,0.5,1.0,0.09871668311944717,0.0,0.016666666666666666,0.06910167818361301,0.2,0.5,0.16166666666666665,0.18,score_exclusive_discount
573564,1,0,7,5,0.0,0.7142857142857143,0.14285714285714285,Middle-age,Medium Spenders,0.0,0.2,2.4,0.625,0.6,1.0,0.10427528675703858,0.06666666666666667,0.08,0.072992700729927,0.25333333333333335,0.14285714285714285,0.236,0.4615,score_free_night_flight
573584,2,1,6,0,0.5,0.0,0.75,Middle-age,At Risk,0.0,0.0,3.0,0.125,1.0,1.0,0.10298661174047373,0.0,0.1,0.0720906282183316,0.2,0.75,0.37,0.1175,score_exclusive_discount
573588,1,1,7,3,1.0,0.42857142857142855,0.7857142857142857,Middle-age,Medium Spenders,0.0,0.5,1.5,0.5,1.0,1.0,0.15600624024961,0.16666666666666666,0.05,0.10920436817472699,0.33333333333333337,0.7857142857142857,0.33499999999999996,0.365,score_exclusive_discount
573621,3,1,6,3,0.3333333333333333,0.5,0.41666666666666663,Middle-age,High Spenders,0.0,0.25,2.5,0.4444444444444444,1.0,1.0,0.0949667616334283,0.08333333333333333,0.08333333333333333,0.06647673314339982,0.26666666666666666,0.41666666666666663,0.35833333333333334,0.3361111111111111,score_exclusive_discount
573648,2,1,6,4,0.5,0.6666666666666666,0.4166666666666667,Middle-age,High Spenders,0.2,0.44,1.33,0.625,0.8,1.0,0.11848341232227487,0.14666666666666667,0.044333333333333336,0.0829383886255924,0.31733333333333336,0.4166666666666667,0.27103333333333335,0.4508,score_free_night_flight
573670,3,2,5,5,0.6666666666666666,1.0,0.3333333333333333,Middle-age,High Spenders,0.14,0.67,4.8,0.875,1.0,0.7142857142857143,0.09049773755656108,0.22333333333333336,0.16,0.06334841628959276,0.32152380952380955,0.3333333333333333,0.412,0.6605,score_free_night_flight
573698,5,2,4,1,0.4,0.25,0.575,Middle-age,Low Spenders,0.33,0.0,8.0,0.3333333333333333,0.6666666666666666,1.0,0.11350737797956868,0.0,0.26666666666666666,0.07945516458569807,0.2,0.575,0.3866666666666666,0.3133333333333333,score_exclusive_discount
573704,2,2,6,3,1.0,0.5,0.75,Middle-age,High Spenders,0.0,0.4,3.0,0.625,1.0,1.0,0.1251564455569462,0.13333333333333333,0.1,0.08760951188986232,0.3066666666666667,0.75,0.37,0.4675,score_exclusive_discount
573719,4,0,4,1,0.0,0.25,0.375,Middle-age,At Risk,0.0,0.0,0.0,0.125,0.0,1.0,0.18281535648994515,0.0,0.0,0.1279707495429616,0.2,0.375,0.0,0.0875,score_exclusive_discount
573720,1,0,7,3,0.0,0.42857142857142855,0.2857142857142857,Middle-age,Medium Spenders,0.0,0.33,3.0,0.375,1.0,1.0,0.11337868480725623,0.11,0.1,0.07936507936507936,0.28800000000000003,0.2857142857142857,0.37,0.2925,score_free_meal
573792,1,0,7,1,0.0,0.14285714285714285,0.4285714285714286,Middle-age,At Risk,0.0,2.0,1.0,0.125,1.0,1.0,0.15479876160990713,0.6666666666666666,0.03333333333333333,0.10835913312693499,0.7333333333333334,0.4285714285714286,0.3233333333333333,0.09749999999999999,score_free_checkedbag
573807,1,0,7,2,0.0,0.2857142857142857,0.35714285714285715,Middle-age,Low Spenders,0.0,0.5,2.0,0.25,1.0,1.0,0.16025641025641024,0.16666666666666666,0.06666666666666667,0.11217948717948716,0.33333333333333337,0.35714285714285715,0.3466666666666667,0.19499999999999998,score_exclusive_discount
573841,0,0,8,2,0.0,0.25,0.5,Middle-age,High Spenders,0.0,0.0,4.5,0.25,1.0,0.5,0.13386880856760375,0.0,0.15,0.09370816599732262,0.1,0.5,0.40499999999999997,0.21999999999999997,score_exclusive_discount
573922,2,2,6,0,1.0,0.0,1.0,Middle-age,Medium Spenders,0.0,0.0,6.0,0.25,1.0,1.0,0.1091703056768559,0.0,0.2,0.07641921397379912,0.2,1.0,0.43999999999999995,0.235,score_exclusive_discount
573926,0,0,8,0,0.0,0.0,0.5,0,0,0.0,0.0,0.0,0.0,0.0,0.0,0.0,0.0,0.0,0.0,0.0,0.5,0.0,0.0,score_exclusive_discount
573931,3,2,5,1,0.6666666666666666,0.2,0.7333333333333333,Youth,High Spenders,0.0,0.67,2.0,0.375,1.0,1.0,0.11848341232227487,0.22333333333333336,0.06666666666666667,0.0829383886255924,0.3786666666666667,0.7333333333333333,0.3466666666666667,0.2825,score_exclusive_discount
573939,2,0,6,4,0.0,0.6666666666666666,0.16666666666666669,Middle-age,Champions,0.0,1.0,6.0,0.5,1.0,0.5,0.15151515151515152,0.3333333333333333,0.2,0.10606060606060606,0.3666666666666667,0.16666666666666669,0.43999999999999995,0.41,score_free_meal
573946,3,2,5,0,0.6666666666666666,0.0,0.8333333333333333,Middle-age,Low Spenders,0.0,0.5,2.0,0.25,1.0,1.0,0.14598540145985403,0.16666666666666666,0.06666666666666667,0.10218978102189781,0.33333333333333337,0.8333333333333333,0.3466666666666667,0.19499999999999998,score_exclusive_discount
573988,1,0,7,3,0.0,0.42857142857142855,0.2857142857142857,Middle-age,Medium Spenders,0.0,0.0,6.67,0.375,1.0,1.0,0.10214504596527069,0.0,0.22233333333333333,0.07150153217568947,0.2,0.2857142857142857,0.45563333333333333,0.32919999999999994,score_free_meal
574003,4,2,5,2,0.5,0.4,0.55,Middle-age,Low Spenders,0.25,1.0,2.5,0.4444444444444444,0.75,1.0,0.11441647597254004,0.3333333333333333,0.08333333333333333,0.08009153318077802,0.4666666666666667,0.55,0.2833333333333333,0.3361111111111111,score_exclusive_discount
574071,0,0,8,4,0.0,0.5,0.5,Middle-age,High Spenders,0.0,0.5,2.5,0.5,1.0,1.0,0.11778563015312131,0.16666666666666666,0.08333333333333333,0.08244994110718491,0.33333333333333337,0.5,0.35833333333333334,0.375,score_exclusive_discount
574104,2,1,6,3,0.5,0.5,0.5,Middle-age,Low Spenders,0.0,0.5,2.25,0.5,1.0,1.0,0.12077294685990336,0.16666666666666666,0.075,0.08454106280193235,0.33333333333333337,0.5,0.3525,0.3725,score_exclusive_discount
574116,3,1,5,0,0.3333333333333333,0.0,0.6666666666666666,Middle-age,High Spenders,0.0,0.0,7.0,0.125,1.0,0.0,1.0,0.0,0.23333333333333334,0.7,0.0,0.6666666666666666,0.4633333333333333,0.15749999999999997,score_free_cancellation
574134,2,0,6,2,0.0,0.3333333333333333,0.33333333333333337,Middle-age,Low Spenders,0.0,0.5,1.5,0.25,0.5,1.0,0.0946073793755913,0.16666666666666666,0.05,0.0662251655629139,0.33333333333333337,0.33333333333333337,0.185,0.19,score_free_checkedbag
574150,4,3,4,0,0.75,0.0,0.875,Middle-age,Medium Spenders,0.0,0.5,1.67,0.375,0.6666666666666666,1.0,0.13245033112582782,0.16666666666666666,0.05566666666666666,0.09271523178807947,0.33333333333333337,0.875,0.23896666666666666,0.27919999999999995,score_exclusive_discount
574206,0,0,8,2,0.0,0.25,0.5,Middle-age,Low Spenders,0.0,0.0,2.5,0.25,1.0,0.5,0.13550135501355015,0.0,0.08333333333333333,0.0948509485094851,0.1,0.5,0.35833333333333334,0.19999999999999998,score_exclusive_discount
574279,5,2,4,1,0.4,0.25,0.575,Middle-age,Low Spenders,0.0,1.5,3.33,0.3333333333333333,1.0,0.6666666666666666,0.09861932938856015,0.5,0.111,0.0690335305719921,0.5333333333333333,0.575,0.3777,0.2666333333333333,score_exclusive_discount
574362,3,0,5,0,0.0,0.0,0.5,0,0,0.0,0.0,0.0,0.0,0.0,0.0,0.0,0.0,0.0,0.0,0.0,0.5,0.0,0.0,score_exclusive_discount
574409,3,1,5,2,0.3333333333333333,0.4,0.4666666666666667,Middle-age,Low Spenders,0.33,0.0,1.0,0.375,1.0,1.0,0.1053740779768177,0.0,0.03333333333333333,0.0737618545837724,0.2,0.4666666666666667,0.3233333333333333,0.27249999999999996,score_exclusive_discount
574419,1,0,7,2,0.0,0.2857142857142857,0.35714285714285715,Middle-age,At Risk,0.0,0.5,1.0,0.25,1.0,1.0,0.13020833333333334,0.16666666666666666,0.03333333333333333,0.09114583333333333,0.33333333333333337,0.35714285714285715,0.3233333333333333,0.185,score_exclusive_discount
574440,2,0,6,2,0.0,0.3333333333333333,0.33333333333333337,Middle-age,Medium Spenders,0.0,1.0,3.0,0.25,1.0,1.0,0.10256410256410256,0.3333333333333333,0.1,0.07179487179487179,0.4666666666666667,0.33333333333333337,0.37,0.205,score_free_checkedbag
574465,0,0,8,3,0.0,0.375,0.5,Middle-age,Medium Spenders,0.0,0.17,2.0,0.375,1.0,1.0,0.12254901960784313,0.05666666666666667,0.06666666666666667,0.08578431372549018,0.24533333333333335,0.5,0.3466666666666667,0.2825,score_exclusive_discount
574467,3,1,5,3,0.3333333333333333,0.6,0.3666666666666667,Middle-age,High Spenders,0.0,0.75,2.0,0.5,0.75,1.0,0.10940919037199125,0.25,0.06666666666666667,0.07658643326039387,0.4,0.3666666666666667,0.2716666666666666,0.37,score_free_checkedbag
574489,1,0,7,2,0.0,0.2857142857142857,0.35714285714285715,Middle-age,Medium Spenders,0.0,1.0,2.0,0.25,1.0,1.0,0.13774104683195593,0.3333333333333333,0.06666666666666667,0.09641873278236915,0.4666666666666667,0.35714285714285715,0.3466666666666667,0.19499999999999998,score_free_checkedbag
574493,4,1,5,2,0.25,0.4,0.425,Middle-age,Medium Spenders,0.0,0.67,3.67,0.3333333333333333,1.0,1.0,0.1264222503160556,0.22333333333333336,0.12233333333333334,0.08849557522123892,0.3786666666666667,0.425,0.38563333333333333,0.2700333333333333,score_exclusive_discount
574513,1,1,7,3,1.0,0.42857142857142855,0.7857142857142857,Middle-age,High Spenders,0.0,0.5,2.0,0.5,0.5,1.0,0.1358695652173913,0.16666666666666666,0.06666666666666667,0.0951086956521739,0.33333333333333337,0.7857142857142857,0.19666666666666666,0.37,score_exclusive_discount
574603,4,2,4,2,0.5,0.5,0.5,Middle-age,High Spenders,0.0,0.17,4.0,0.5,1.0,0.75,0.13679890560875513,0.05666666666666667,0.13333333333333333,0.09575923392612859,0.19533333333333336,0.5,0.3933333333333333,0.38999999999999996,score_exclusive_discount
574625,0,0,8,4,0.0,0.5,0.5,Middle-age,High Spenders,0.0,0.5,4.0,0.5,0.75,1.0,0.10319917440660475,0.16666666666666666,0.13333333333333333,0.07223942208462332,0.33333333333333337,0.5,0.3183333333333333,0.38999999999999996,score_exclusive_discount
574680,4,1,4,1,0.25,0.25,0.5,Middle-age,High Spenders,0.0,1.0,4.0,0.25,1.0,0.5,0.11415525114155252,0.3333333333333333,0.13333333333333333,0.07990867579908675,0.3666666666666667,0.5,0.3933333333333333,0.215,score_exclusive_discount
574794,3,1,5,1,0.3333333333333333,0.2,0.5666666666666667,Middle-age,Low Spenders,0.0,0.5,0.5,0.25,0.5,1.0,0.1584786053882726,0.16666666666666666,0.016666666666666666,0.11093502377179082,0.33333333333333337,0.5666666666666667,0.16166666666666665,0.18,score_exclusive_discount
574840,4,1,4,2,0.25,0.5,0.375,Middle-age,High Spenders,0.0,1.0,2.33,0.375,0.6666666666666666,1.0,0.12091898428053205,0.3333333333333333,0.07766666666666668,0.08464328899637243,0.4666666666666667,0.375,0.25436666666666663,0.28579999999999994,score_free_checkedbag
574885,1,1,7,0,1.0,0.0,1.0,Middle-age,At Risk,0.0,0.0,3.0,0.125,1.0,1.0,0.12820512820512822,0.0,0.1,0.08974358974358974,0.2,1.0,0.37,0.1175,score_exclusive_discount
574909,1,1,7,2,1.0,0.2857142857142857,0.8571428571428572,Middle-age,Medium Spenders,0.0,1.0,1.67,0.375,1.0,1.0,0.12269938650306748,0.3333333333333333,0.05566666666666666,0.08588957055214723,0.4666666666666667,0.8571428571428572,0.33896666666666664,0.27919999999999995,score_exclusive_discount
574987,1,1,7,0,1.0,0.0,1.0,Middle-age,At Risk,0.0,1.0,9.0,0.125,1.0,1.0,0.13297872340425532,0.3333333333333333,0.3,0.09308510638297872,0.4666666666666667,1.0,0.51,0.1775,score_exclusive_discount
575051,3,1,5,3,0.3333333333333333,0.6,0.3666666666666667,Middle-age,Champions,0.0,0.5,2.0,0.5,0.75,1.0,0.11587485515643106,0.16666666666666666,0.06666666666666667,0.08111239860950174,0.33333333333333337,0.3666666666666667,0.2716666666666666,0.37,score_free_night_flight
575055,1,1,8,3,1.0,0.375,0.8125,Middle-age,Champions,0.0,0.33,2.75,0.4444444444444444,1.0,1.0,0.12004801920768307,0.11,0.09166666666666666,0.08403361344537814,0.28800000000000003,0.8125,0.36416666666666664,0.3386111111111111,score_exclusive_discount
575092,2,0,6,1,0.0,0.16666666666666666,0.4166666666666667,Youth,Medium Spenders,0.0,0.0,6.0,0.125,1.0,0.0,1.0,0.0,0.2,0.7,0.0,0.4166666666666667,0.43999999999999995,0.1475,score_free_cancellation
575131,0,0,8,3,0.0,0.375,0.5,Middle-age,Low Spenders,0.0,0.67,1.33,0.375,1.0,1.0,0.11481056257175659,0.22333333333333336,0.044333333333333336,0.08036739380022961,0.3786666666666667,0.5,0.33103333333333335,0.27579999999999993,score_exclusive_discount
575208,1,0,7,1,0.0,0.14285714285714285,0.4285714285714286,Middle-age,Medium Spenders,0.0,0.0,2.0,0.125,1.0,1.0,0.16556291390728478,0.0,0.06666666666666667,0.11589403973509933,0.2,0.4285714285714286,0.3466666666666667,0.1075,score_exclusive_discount
575233,2,1,6,2,0.5,0.3333333333333333,0.5833333333333334,Middle-age,High Spenders,0.0,0.0,7.33,0.375,1.0,0.3333333333333333,0.11778563015312131,0.0,0.24433333333333335,0.08244994110718491,0.06666666666666667,0.5833333333333334,0.4710333333333333,0.3358,score_exclusive_discount
575253,3,1,5,2,0.3333333333333333,0.4,0.4666666666666667,Middle-age,Low Spenders,0.0,0.67,1.0,0.375,0.6666666666666666,1.0,0.13245033112582782,0.22333333333333336,0.03333333333333333,0.09271523178807947,0.3786666666666667,0.4666666666666667,0.22333333333333333,0.27249999999999996,score_exclusive_discount
575299,2,1,6,2,0.5,0.3333333333333333,0.5833333333333334,Middle-age,Champions,0.0,0.44,1.33,0.375,1.0,1.0,0.13262599469496023,0.14666666666666667,0.044333333333333336,0.09283819628647215,0.31733333333333336,0.5833333333333334,0.33103333333333335,0.27579999999999993,score_exclusive_discount
575419,3,2,5,3,0.6666666666666666,0.6,0.5333333333333333,Middle-age,Champions,0.0,0.38,4.0,0.625,0.6,0.8,0.15313935681470137,0.12666666666666668,0.13333333333333333,0.10719754977029095,0.26133333333333336,0.5333333333333333,0.2733333333333333,0.4775,score_exclusive_discount
575433,0,0,8,3,0.0,0.375,0.5,Middle-age,High Spenders,0.0,1.0,2.67,0.375,1.0,0.6666666666666666,0.11574074074074073,0.3333333333333333,0.089,0.0810185185185185,0.4,0.5,0.36229999999999996,0.28919999999999996,score_exclusive_discount
575459,4,1,4,3,0.25,0.75,0.25,Middle-age,Champions,0.0,0.5,3.75,0.5,1.0,1.0,0.12019230769230768,0.16666666666666666,0.125,0.08413461538461538,0.33333333333333337,0.25,0.38749999999999996,0.38749999999999996,score_free_meal
575500,2,0,6,2,0.0,0.3333333333333333,0.33333333333333337,Middle-age,Low Spenders,0.0,0.0,1.0,0.25,1.0,1.0,0.1314060446780552,0.0,0.03333333333333333,0.09198423127463863,0.2,0.33333333333333337,0.3233333333333333,0.185,score_exclusive_discount
575528,1,0,8,2,0.0,0.25,0.375,Middle-age,High Spenders,0.0,0.0,4.0,0.2222222222222222,1.0,1.0,0.17035775127768313,0.0,0.13333333333333333,0.11925042589437818,0.2,0.375,0.3933333333333333,0.19555555555555554,score_free_meal
575554,3,2,5,1,0.6666666666666666,0.2,0.7333333333333333,Middle-age,At Risk,0.33,0.0,0.0,0.375,0.3333333333333333,1.0,0.151285930408472,0.0,0.0,0.10590015128593039,0.2,0.7333333333333333,0.09999999999999999,0.26249999999999996,score_exclusive_discount
575561,2,0,6,3,0.0,0.5,0.25,Middle-age,Low Spenders,0.0,1.0,2.0,0.375,1.0,1.0,0.11123470522803114,0.3333333333333333,0.06666666666666667,0.07786429365962179,0.4666666666666667,0.25,0.3466666666666667,0.2825,score_free_checkedbag
575576,3,1,5,2,0.3333333333333333,0.4,0.4666666666666667,Middle-age,Medium Spenders,0.0,0.33,2.33,0.375,1.0,1.0,0.14265335235378032,0.11,0.07766666666666668,0.09985734664764621,0.28800000000000003,0.4666666666666667,0.35436666666666666,0.28579999999999994,score_exclusive_discount
575677,2,1,7,4,0.5,0.5714285714285714,0.4642857142857143,Middle-age,Champions,0.0,0.25,4.4,0.5555555555555556,1.0,0.8,0.11098779134295228,0.08333333333333333,0.14666666666666667,0.07769145394006659,0.22666666666666668,0.4642857142857143,0.4026666666666666,0.4328888888888889,score_exclusive_discount
575692,4,0,4,0,0.0,0.0,0.5,0,0,0.0,0.0,0.0,0.0,0.0,0.0,0.0,0.0,0.0,0.0,0.0,0.5,0.0,0.0,score_exclusive_discount
575711,2,0,7,3,0.0,0.42857142857142855,0.2857142857142857,Middle-age,High Spenders,0.0,1.0,9.33,0.3333333333333333,1.0,0.6666666666666666,0.11248593925759279,0.3333333333333333,0.311,0.07874015748031495,0.4,0.2857142857142857,0.5176999999999999,0.32663333333333333,score_free_meal
575733,3,0,5,0,0.0,0.0,0.5,0,0,0.0,0.0,0.0,0.0,0.0,0.0,0.0,0.0,0.0,0.0,0.0,0.5,0.0,0.0,score_exclusive_discount
575756,1,1,7,3,1.0,0.42857142857142855,0.7857142857142857,Middle-age,Low Spenders,0.25,0.0,3.0,0.5,0.75,0.75,0.06968641114982578,0.0,0.1,0.048780487804878044,0.15000000000000002,0.7857142857142857,0.295,0.38,score_exclusive_discount
575774,1,0,7,3,0.0,0.42857142857142855,0.2857142857142857,Middle-age,High Spenders,0.0,0.33,4.0,0.375,1.0,1.0,0.10090817356205853,0.11,0.13333333333333333,0.07063572149344097,0.28800000000000003,0.2857142857142857,0.3933333333333333,0.30249999999999994,score_free_meal
575809,2,0,6,3,0.0,0.5,0.25,Middle-age,High Spenders,0.0,0.0,4.0,0.375,1.0,0.6666666666666666,0.12121212121212122,0.0,0.13333333333333333,0.08484848484848484,0.13333333333333333,0.25,0.3933333333333333,0.30249999999999994,score_free_meal
575823,5,1,4,0,0.2,0.0,0.6,Middle-age,Medium Spenders,0.0,0.0,1.0,0.1111111111111111,1.0,1.0,0.10460251046025104,0.0,0.03333333333333333,0.07322175732217573,0.2,0.6,0.3233333333333333,0.08777777777777776,score_exclusive_discount
575868,5,1,3,1,0.2,0.3333333333333333,0.43333333333333335,Elderly,Low Spenders,0.0,1.0,0.5,0.25,0.5,1.0,0.13736263736263735,0.3333333333333333,0.016666666666666666,0.09615384615384613,0.4666666666666667,0.43333333333333335,0.16166666666666665,0.18,score_free_checkedbag
575908,5,1,5,3,0.2,0.6,0.30000000000000004,Middle-age,High Spenders,0.25,0.5,2.0,0.4,0.75,1.0,0.14662756598240467,0.16666666666666666,0.06666666666666667,0.10263929618768326,0.33333333333333337,0.30000000000000004,0.2716666666666666,0.3,score_free_checkedbag
575923,1,0,7,2,0.0,0.2857142857142857,0.35714285714285715,Middle-age,Champions,0.0,0.0,12.5,0.25,1.0,0.5,0.10764262648008613,0.0,0.4166666666666667,0.07534983853606028,0.1,0.35714285714285715,0.5916666666666667,0.3,score_free_meal
575964,3,0,7,0,0.0,0.0,0.5,0,0,0.0,0.0,0.0,0.0,0.0,0.0,0.0,0.0,0.0,0.0,0.0,0.5,0.0,0.0,score_exclusive_discount
575971,3,3,5,2,1.0,0.4,0.8,Middle-age,Champions,0.0,0.8,4.0,0.625,1.0,1.0,0.10976948408342481,0.26666666666666666,0.13333333333333333,0.07683863885839737,0.41333333333333333,0.8,0.3933333333333333,0.4775,score_exclusive_discount
576040,3,1,5,1,0.3333333333333333,0.2,0.5666666666666667,Middle-age,Low Spenders,0.0,0.0,2.0,0.25,1.0,1.0,0.14326647564469913,0.0,0.06666666666666667,0.10028653295128939,0.2,0.5666666666666667,0.3466666666666667,0.19499999999999998,score_exclusive_discount
576103,5,2,3,1,0.4,0.3333333333333333,0.5333333333333333,Middle-age,At Risk,0.33,1.0,1.0,0.375,1.0,0.6666666666666666,0.1360544217687075,0.3333333333333333,0.03333333333333333,0.09523809523809525,0.4,0.5333333333333333,0.3233333333333333,0.27249999999999996,score_exclusive_discount
576136,4,2,5,1,0.5,0.2,0.65,Middle-age,Champions,0.0,0.5,5.0,0.3333333333333333,1.0,0.6666666666666666,0.14836795252225518,0.16666666666666666,0.16666666666666666,0.10385756676557863,0.26666666666666666,0.65,0.41666666666666663,0.2833333333333333,score_exclusive_discount
576159,2,0,7,2,0.0,0.2857142857142857,0.35714285714285715,Middle-age,Low Spenders,0.0,1.0,6.0,0.2222222222222222,1.0,0.5,0.1383125864453665,0.3333333333333333,0.2,0.09681881051175655,0.3666666666666667,0.35714285714285715,0.43999999999999995,0.21555555555555553,score_free_meal
576169,3,1,5,4,0.3333333333333333,0.8,0.2666666666666666,Middle-age,Medium Spenders,0.0,0.8,2.0,0.625,0.8,1.0,0.0966183574879227,0.26666666666666666,0.06666666666666667,0.06763285024154589,0.41333333333333333,0.2666666666666666,0.2866666666666666,0.4575,score_free_night_flight
576231,2,1,6,1,0.5,0.16666666666666666,0.6666666666666667,Middle-age,Low Spenders,0.0,0.0,2.5,0.25,1.0,0.5,0.14450867052023122,0.0,0.08333333333333333,0.10115606936416185,0.1,0.6666666666666667,0.35833333333333334,0.19999999999999998,score_exclusive_discount
576272,1,1,7,3,1.0,0.42857142857142855,0.7857142857142857,Middle-age,High Spenders,0.0,0.5,1.75,0.5,0.75,1.0,0.11862396204033215,0.16666666666666666,0.058333333333333334,0.0830367734282325,0.33333333333333337,0.7857142857142857,0.2658333333333333,0.3675,score_exclusive_discount
576357,2,0,6,2,0.0,0.3333333333333333,0.33333333333333337,Middle-age,Medium Spenders,0.0,1.0,5.0,0.25,1.0,0.5,0.11312217194570136,0.3333333333333333,0.16666666666666666,0.07918552036199095,0.3666666666666667,0.33333333333333337,0.41666666666666663,0.22499999999999998,score_free_meal
576366,2,0,6,3,0.0,0.5,0.25,Middle-age,Low Spenders,0.0,0.67,3.0,0.375,0.6666666666666666,1.0,0.13333333333333333,0.22333333333333336,0.1,0.09333333333333332,0.3786666666666667,0.25,0.26999999999999996,0.2925,score_free_checkedbag
576369,2,0,6,1,0.0,0.16666666666666666,0.4166666666666667,Middle-age,At Risk,0.0,0.0,2.0,0.125,1.0,1.0,0.17094017094017094,0.0,0.06666666666666667,0.11965811965811965,0.2,0.4166666666666667,0.3466666666666667,0.1075,score_exclusive_discount
576370,2,1,6,2,0.5,0.3333333333333333,0.5833333333333334,Middle-age,Low Spenders,0.33,1.0,5.0,0.375,1.0,1.0,0.13717421124828533,0.3333333333333333,0.16666666666666666,0.09602194787379972,0.4666666666666667,0.5833333333333334,0.41666666666666663,0.31249999999999994,score_exclusive_discount
576373,4,1,4,3,0.25,0.75,0.25,Middle-age,High Spenders,0.0,0.75,6.25,0.5,1.0,0.5,0.12062726176115804,0.25,0.20833333333333334,0.08443908323281062,0.30000000000000004,0.25,0.4458333333333333,0.4125,score_free_meal
576541,3,1,5,2,0.3333333333333333,0.4,0.4666666666666667,Middle-age,High Spenders,0.0,0.58,0.67,0.375,0.6666666666666666,1.0,0.012288031457360531,0.19333333333333333,0.022333333333333334,0.00860162202015237,0.3546666666666667,0.4666666666666667,0.21563333333333332,0.26919999999999994,score_exclusive_discount
576612,0,0,8,5,0.0,0.625,0.5,Middle-age,Champions,0.0,0.2,3.0,0.625,0.8,1.0,0.12062726176115804,0.06666666666666667,0.1,0.08443908323281062,0.25333333333333335,0.5,0.31,0.4675,score_exclusive_discount
576663,4,0,4,1,0.0,0.25,0.375,Middle-age,At Risk,0.0,0.0,1.0,0.125,1.0,1.0,0.15432098765432098,0.0,0.03333333333333333,0.10802469135802469,0.2,0.375,0.3233333333333333,0.09749999999999999,score_exclusive_discount
576668,4,0,5,0,0.0,0.0,0.5,0,0,0.0,0.0,0.0,0.0,0.0,0.0,0.0,0.0,0.0,0.0,0.0,0.5,0.0,0.0,score_exclusive_discount
576677,4,2,5,3,0.5,0.6,0.45,Middle-age,Low Spenders,0.2,0.67,2.0,0.5555555555555556,1.0,1.0,0.10660980810234541,0.22333333333333336,0.06666666666666667,0.07462686567164178,0.3786666666666667,0.45,0.3466666666666667,0.4088888888888889,score_exclusive_discount
576691,2,1,6,4,0.5,0.6666666666666666,0.4166666666666667,Middle-age,Champions,0.0,0.75,3.0,0.625,0.8,0.8,0.10989010989010989,0.25,0.1,0.07692307692307691,0.36000000000000004,0.4166666666666667,0.31,0.4675,score_free_night_flight
576712,2,0,6,1,0.0,0.16666666666666666,0.4166666666666667,Elderly,Medium Spenders,0.0,0.0,12.0,0.125,1.0,0.0,1.0,0.0,0.4,0.7,0.0,0.4166666666666667,0.58,0.2075,score_free_cancellation
576765,5,1,3,1,0.2,0.3333333333333333,0.43333333333333335,0,0,0.0,0.0,0.0,0.0,0.0,0.0,0.0,0.0,0.0,0.0,0.0,0.43333333333333335,0.0,0.0,score_exclusive_discount
576785,2,0,6,0,0.0,0.0,0.5,0,0,0.0,0.0,0.0,0.0,0.0,0.0,0.0,0.0,0.0,0.0,0.0,0.5,0.0,0.0,score_exclusive_discount
576833,1,1,7,3,1.0,0.42857142857142855,0.7857142857142857,Middle-age,Medium Spenders,0.0,0.0,1.25,0.5,0.75,1.0,0.11312217194570136,0.0,0.041666666666666664,0.07918552036199095,0.2,0.7857142857142857,0.25416666666666665,0.3625,score_exclusive_discount
576846,0,0,8,1,0.0,0.125,0.5,Youth,Medium Spenders,0.0,0.0,3.0,0.125,1.0,0.0,1.0,0.0,0.1,0.7,0.0,0.5,0.37,0.1175,score_free_cancellation
576849,3,2,5,3,0.6666666666666666,0.6,0.5333333333333333,Middle-age,High Spenders,0.2,1.0,7.67,0.625,1.0,0.6,0.11037527593818984,0.3333333333333333,0.25566666666666665,0.07726269315673288,0.38666666666666666,0.5333333333333333,0.47896666666666665,0.5142,score_exclusive_discount
576879,0,0,8,1,0.0,0.125,0.5,Middle-age,At Risk,0.0,1.0,1.0,0.125,1.0,1.0,0.1360544217687075,0.3333333333333333,0.03333333333333333,0.09523809523809525,0.4666666666666667,0.5,0.3233333333333333,0.09749999999999999,score_exclusive_discount
576922,2,0,6,0,0.0,0.0,0.5,0,0,0.0,0.0,0.0,0.0,0.0,0.0,0.0,0.0,0.0,0.0,0.0,0.5,0.0,0.0,score_exclusive_discount
576945,1,0,7,1,0.0,0.14285714285714285,0.4285714285714286,Middle-age,At Risk,0.0,1.0,1.0,0.125,1.0,1.0,0.1023541453428864,0.3333333333333333,0.03333333333333333,0.07164790174002048,0.4666666666666667,0.4285714285714286,0.3233333333333333,0.09749999999999999,score_free_checkedbag
576962,5,1,3,2,0.2,0.6666666666666666,0.2666666666666667,Middle-age,High Spenders,0.0,0.0,4.67,0.375,0.6666666666666666,0.3333333333333333,0.003548238299684207,0.0,0.15566666666666668,0.002483766809778945,0.06666666666666667,0.2666666666666667,0.30896666666666667,0.3092,score_free_night_flight
576966,3,0,6,2,0.0,0.3333333333333333,0.33333333333333337,Middle-age,Low Spenders,0.0,0.0,3.0,0.2222222222222222,1.0,1.0,0.11534025374855825,0.0,0.1,0.08073817762399077,0.2,0.33333333333333337,0.37,0.18555555555555553,score_free_meal
576985,1,1,7,3,1.0,0.42857142857142855,0.7857142857142857,Middle-age,Champions,0.0,0.33,10.75,0.5,1.0,0.75,0.12269938650306748,0.11,0.35833333333333334,0.08588957055214723,0.23800000000000004,0.7857142857142857,0.5508333333333333,0.45749999999999996,score_exclusive_discount
577007,3,1,5,2,0.3333333333333333,0.4,0.4666666666666667,Middle-age,Medium Spenders,0.0,3.0,5.67,0.375,1.0,0.3333333333333333,0.10341261633919338,1.0,0.189,0.07238883143743537,0.8666666666666667,0.4666666666666667,0.4323,0.31919999999999993,score_free_checkedbag
577044,3,1,6,2,0.3333333333333333,0.3333333333333333,0.5,Middle-age,Medium Spenders,0.0,0.33,0.67,0.3333333333333333,0.6666666666666666,1.0,0.10526315789473684,0.11,0.022333333333333334,0.07368421052631578,0.28800000000000003,0.5,0.21563333333333332,0.24003333333333332,score_exclusive_discount
577046,4,0,4,1,0.0,0.25,0.375,Middle-age,At Risk,0.0,0.0,3.0,0.125,1.0,1.0,0.10615711252653928,0.0,0.1,0.07430997876857749,0.2,0.375,0.37,0.1175,score_exclusive_discount
577074,1,1,7,3,1.0,0.42857142857142855,0.7857142857142857,Middle-age,Medium Spenders,0.0,0.67,3.0,0.5,1.0,0.75,0.11337868480725623,0.22333333333333336,0.1,0.07936507936507936,0.3286666666666667,0.7857142857142857,0.37,0.38,score_exclusive_discount
577089,0,0,8,3,0.0,0.375,0.5,Elderly,Medium Spenders,0.0,0.67,1.33,0.375,0.6666666666666666,1.0,0.10649627263045792,0.22333333333333336,0.044333333333333336,0.07454739084132055,0.3786666666666667,0.5,0.2310333333333333,0.27579999999999993,score_exclusive_discount
577115,4,2,4,2,0.5,0.5,0.5,Middle-age,High Spenders,0.0,0.0,3.5,0.5,1.0,0.75,0.10351966873706003,0.0,0.11666666666666667,0.07246376811594202,0.15000000000000002,0.5,0.38166666666666665,0.38499999999999995,score_exclusive_discount
577145,1,1,8,5,1.0,0.625,0.6875,Middle-age,Champions,0.0,0.71,3.67,0.6666666666666666,0.8333333333333334,0.6666666666666666,0.09643201542912247,0.23666666666666666,0.12233333333333334,0.06750241080038573,0.32266666666666666,0.6875,0.33563333333333334,0.5033666666666666,score_exclusive_discount
577180,2,1,6,4,0.5,0.6666666666666666,0.4166666666666667,Middle-age,High Spenders,0.0,0.6,3.4,0.625,1.0,1.0,0.12254901960784313,0.19999999999999998,0.11333333333333333,0.08578431372549018,0.36,0.4166666666666667,0.3793333333333333,0.4715,score_free_night_flight
577208,2,0,6,2,0.0,0.3333333333333333,0.33333333333333337,Middle-age,At Risk,0.0,0.0,3.0,0.25,1.0,0.5,0.09532888465204957,0.0,0.1,0.0667302192564347,0.1,0.33333333333333337,0.37,0.205,score_free_meal
577215,3,0,6,1,0.0,0.16666666666666666,0.4166666666666667,Middle-age,At Risk,0.0,0.0,2.0,0.1111111111111111,1.0,1.0,0.0931098696461825,0.0,0.06666666666666667,0.06517690875232775,0.2,0.4166666666666667,0.3466666666666667,0.09777777777777777,score_exclusive_discount
577216,4,3,4,1,0.75,0.25,0.75,Middle-age,High Spenders,0.0,1.0,3.0,0.5,1.0,0.5,0.0792393026941363,0.3333333333333333,0.1,0.05546751188589541,0.3666666666666667,0.75,0.37,0.38,score_exclusive_discount
577225,0,0,8,2,0.0,0.25,0.5,Middle-age,Medium Spenders,0.0,1.25,2.0,0.25,1.0,1.0,0.10438413361169102,0.4166666666666667,0.06666666666666667,0.07306889352818371,0.5333333333333334,0.5,0.3466666666666667,0.19499999999999998,score_free_checkedbag
577255,5,2,4,1,0.4,0.25,0.575,Middle-age,High Spenders,0.0,0.17,2.0,0.3333333333333333,1.0,0.6666666666666666,0.1251564455569462,0.05666666666666667,0.06666666666666667,0.08760951188986232,0.17866666666666667,0.575,0.3466666666666667,0.2533333333333333,score_exclusive_discount
577287,3,2,5,3,0.6666666666666666,0.6,0.5333333333333333,Middle-age,High Spenders,0.2,0.67,5.67,0.625,1.0,1.0,0.1303780964797914,0.22333333333333336,0.189,0.09126466753585398,0.3786666666666667,0.5333333333333333,0.4323,0.4942,score_exclusive_discount
577356,4,1,4,0,0.25,0.0,0.625,Middle-age,At Risk,0.0,0.0,1.0,0.125,1.0,1.0,0.09259259259259259,0.0,0.03333333333333333,0.06481481481481481,0.2,0.625,0.3233333333333333,0.09749999999999999,score_exclusive_discount
577381,2,0,6,0,0.0,0.0,0.5,0,0,0.0,0.0,0.0,0.0,0.0,0.0,0.0,0.0,0.0,0.0,0.0,0.5,0.0,0.0,score_exclusive_discount
577386,2,0,6,2,0.0,0.3333333333333333,0.33333333333333337,Middle-age,Medium Spenders,0.0,0.5,1.5,0.25,0.5,1.0,0.07987220447284345,0.16666666666666666,0.05,0.055910543130990406,0.33333333333333337,0.33333333333333337,0.185,0.19,score_free_checkedbag
577410,2,1,6,4,0.5,0.6666666666666666,0.4166666666666667,Middle-age,Medium Spenders,0.0,1.0,3.8,0.625,1.0,0.6,0.1388888888888889,0.3333333333333333,0.12666666666666665,0.09722222222222222,0.38666666666666666,0.4166666666666667,0.3886666666666666,0.4755,score_free_night_flight
577534,4,1,4,0,0.25,0.0,0.625,Youth,Low Spenders,0.0,0.5,1.0,0.125,1.0,1.0,0.1321003963011889,0.16666666666666666,0.03333333333333333,0.09247027741083222,0.33333333333333337,0.625,0.3233333333333333,0.09749999999999999,score_exclusive_discount
577539,3,0,5,2,0.0,0.4,0.3,Middle-age,Medium Spenders,0.0,1.0,2.0,0.25,1.0,1.0,0.12468827930174564,0.3333333333333333,0.06666666666666667,0.08728179551122195,0.4666666666666667,0.3,0.3466666666666667,0.19499999999999998,score_free_checkedbag
577541,3,2,5,2,0.6666666666666666,0.4,0.6333333333333333,Middle-age,Low Spenders,0.25,1.0,2.5,0.5,0.75,1.0,0.10050251256281408,0.3333333333333333,0.08333333333333333,0.07035175879396985,0.4666666666666667,0.6333333333333333,0.2833333333333333,0.375,score_exclusive_discount
577598,3,2,5,3,0.6666666666666666,0.6,0.5333333333333333,Middle-age,Medium Spenders,0.2,0.33,3.33,0.625,0.8,1.0,0.10718113612004287,0.11,0.111,0.07502679528403,0.28800000000000003,0.5333333333333333,0.3177,0.4708,score_exclusive_discount
577617,1,1,7,4,1.0,0.5714285714285714,0.7142857142857143,Youth,Medium Spenders,0.0,0.6,1.2,0.625,0.6,1.0,0.11049723756906077,0.19999999999999998,0.04,0.07734806629834254,0.36,0.7142857142857143,0.208,0.4495,score_exclusive_discount
577625,2,0,6,2,0.0,0.3333333333333333,0.33333333333333337,Middle-age,Low Spenders,0.0,0.5,0.5,0.25,0.5,1.0,0.13869625520110956,0.16666666666666666,0.016666666666666666,0.09708737864077668,0.33333333333333337,0.33333333333333337,0.16166666666666665,0.18,score_free_checkedbag
577626,5,3,4,1,0.6,0.25,0.675,Middle-age,Medium Spenders,0.0,0.5,2.75,0.4444444444444444,1.0,1.0,0.11723329425556857,0.16666666666666666,0.09166666666666666,0.082063305978898,0.33333333333333337,0.675,0.36416666666666664,0.3386111111111111,score_exclusive_discount
577638,2,1,7,4,0.5,0.5714285714285714,0.4642857142857143,Middle-age,Champions,0.0,0.6,3.0,0.5555555555555556,1.0,1.0,0.10593220338983052,0.19999999999999998,0.1,0.07415254237288135,0.36,0.4642857142857143,0.37,0.41888888888888887,score_exclusive_discount
577643,3,0,5,0,0.0,0.0,0.5,0,0,0.0,0.0,0.0,0.0,0.0,0.0,0.0,0.0,0.0,0.0,0.0,0.5,0.0,0.0,score_exclusive_discount
577667,3,0,5,1,0.0,0.2,0.4,Middle-age,At Risk,0.0,0.0,0.0,0.125,0.0,1.0,0.08673026886383348,0.0,0.0,0.06071118820468343,0.2,0.4,0.0,0.0875,score_exclusive_discount
577682,1,0,7,1,0.0,0.14285714285714285,0.4285714285714286,Youth,At Risk,0.0,1.0,1.0,0.125,1.0,1.0,0.09569377990430622,0.3333333333333333,0.03333333333333333,0.06698564593301434,0.4666666666666667,0.4285714285714286,0.3233333333333333,0.09749999999999999,score_free_checkedbag
577851,2,1,6,2,0.5,0.3333333333333333,0.5833333333333334,Middle-age,At Risk,0.33,0.0,1.0,0.375,1.0,1.0,0.13245033112582782,0.0,0.03333333333333333,0.09271523178807947,0.2,0.5833333333333334,0.3233333333333333,0.27249999999999996,score_exclusive_discount
577901,3,1,5,1,0.3333333333333333,0.2,0.5666666666666667,0,0,0.0,0.0,0.0,0.0,0.0,0.0,0.0,0.0,0.0,0.0,0.0,0.5666666666666667,0.0,0.0,score_exclusive_discount
577915,2,1,6,3,0.5,0.5,0.5,Middle-age,Champions,0.0,1.0,4.75,0.5,1.0,1.0,0.11695906432748537,0.3333333333333333,0.15833333333333333,0.08187134502923976,0.4666666666666667,0.5,0.41083333333333333,0.39749999999999996,score_exclusive_discount
577921,4,0,4,2,0.0,0.5,0.25,Youth,High Spenders,0.0,0.0,6.0,0.25,1.0,0.5,0.14534883720930233,0.0,0.2,0.10174418604651163,0.1,0.25,0.43999999999999995,0.235,score_free_meal
577930,4,1,4,3,0.25,0.75,0.25,Middle-age,Medium Spenders,0.0,0.33,2.25,0.5,1.0,0.75,0.07518796992481203,0.11,0.075,0.05263157894736842,0.23800000000000004,0.25,0.3525,0.3725,score_free_night_flight
577944,2,1,6,0,0.5,0.0,0.75,Elderly,At Risk,0.0,0.0,6.0,0.125,1.0,0.0,1.0,0.0,0.2,0.7,0.0,0.75,0.43999999999999995,0.1475,score_exclusive_discount
577984,3,0,5,3,0.0,0.6,0.2,Middle-age,High Spenders,0.0,0.33,4.0,0.375,1.0,1.0,0.1019367991845056,0.11,0.13333333333333333,0.07135575942915391,0.28800000000000003,0.2,0.3933333333333333,0.30249999999999994,score_free_meal
578058,0,0,8,1,0.0,0.125,0.5,Middle-age,At Risk,0.0,1.0,1.0,0.125,1.0,1.0,0.11363636363636363,0.3333333333333333,0.03333333333333333,0.07954545454545454,0.4666666666666667,0.5,0.3233333333333333,0.09749999999999999,score_exclusive_discount
578088,1,1,7,2,1.0,0.2857142857142857,0.8571428571428572,Middle-age,Medium Spenders,0.0,0.0,1.33,0.375,0.6666666666666666,1.0,0.12360939431396786,0.0,0.044333333333333336,0.08652657601977749,0.2,0.8571428571428572,0.2310333333333333,0.27579999999999993,score_exclusive_discount
578120,1,0,7,3,0.0,0.42857142857142855,0.2857142857142857,Middle-age,Medium Spenders,0.0,1.0,3.0,0.375,1.0,0.6666666666666666,0.08928571428571429,0.3333333333333333,0.1,0.0625,0.4,0.2857142857142857,0.37,0.2925,score_free_checkedbag
578164,2,0,6,2,0.0,0.3333333333333333,0.33333333333333337,Middle-age,Low Spenders,0.0,0.5,1.5,0.25,1.0,1.0,0.11682242990654207,0.16666666666666666,0.05,0.08177570093457945,0.33333333333333337,0.33333333333333337,0.33499999999999996,0.19,score_free_meal
578396,3,1,5,2,0.3333333333333333,0.4,0.4666666666666667,Middle-age,High Spenders,0.0,1.0,5.0,0.375,1.0,0.3333333333333333,0.14641288433382138,0.3333333333333333,0.16666666666666666,0.10248901903367497,0.3333333333333333,0.4666666666666667,0.41666666666666663,0.31249999999999994,score_exclusive_discount
578459,1,0,7,3,0.0,0.42857142857142855,0.2857142857142857,Middle-age,Low Spenders,0.0,0.67,0.67,0.375,0.3333333333333333,1.0,0.08779631255487269,0.22333333333333336,0.022333333333333334,0.06145741878841088,0.3786666666666667,0.2857142857142857,0.11563333333333332,0.26919999999999994,score_free_checkedbag
578488,3,1,5,1,0.3333333333333333,0.2,0.5666666666666667,Middle-age,At Risk,0.0,1.0,1.5,0.25,1.0,1.0,0.13774104683195593,0.3333333333333333,0.05,0.09641873278236915,0.4666666666666667,0.5666666666666667,0.33499999999999996,0.19,score_exclusive_discount
578503,3,1,5,2,0.3333333333333333,0.4,0.4666666666666667,Middle-age,Medium Spenders,0.0,1.0,4.33,0.375,1.0,0.6666666666666666,0.11695906432748537,0.3333333333333333,0.14433333333333334,0.08187134502923976,0.4,0.4666666666666667,0.40103333333333335,0.30579999999999996,score_exclusive_discount
578511,1,0,8,1,0.0,0.125,0.4375,Middle-age,Medium Spenders,0.0,0.0,2.0,0.1111111111111111,1.0,1.0,0.12706480304955528,0.0,0.06666666666666667,0.08894536213468869,0.2,0.4375,0.3466666666666667,0.09777777777777777,score_exclusive_discount
578549,3,2,6,2,0.6666666666666666,0.3333333333333333,0.6666666666666666,Middle-age,High Spenders,0.0,0.5,5.75,0.4444444444444444,1.0,1.0,0.11737089201877934,0.16666666666666666,0.19166666666666668,0.08215962441314553,0.33333333333333337,0.6666666666666666,0.43416666666666665,0.36861111111111106,score_exclusive_discount
578607,2,1,7,5,0.5,0.7142857142857143,0.39285714285714285,Middle-age,High Spenders,0.0,0.8,1.0,0.6666666666666666,0.6666666666666666,0.8333333333333334,0.12836970474967907,0.26666666666666666,0.03333333333333333,0.08985879332477534,0.38,0.39285714285714285,0.22333333333333333,0.4766666666666666,score_free_night_flight
578824,0,0,8,5,0.0,0.625,0.5,Middle-age,High Spenders,0.0,0.4,2.4,0.625,1.0,1.0,0.11890606420927467,0.13333333333333333,0.08,0.08323424494649227,0.3066666666666667,0.5,0.356,0.4615,score_exclusive_discount
578866,2,0,6,0,0.0,0.0,0.5,0,0,0.0,0.0,0.0,0.0,0.0,0.0,0.0,0.0,0.0,0.0,0.0,0.5,0.0,0.0,score_exclusive_discount
578872,4,1,4,1,0.25,0.25,0.5,Middle-age,Low Spenders,0.0,0.5,2.0,0.25,1.0,1.0,0.12468827930174564,0.16666666666666666,0.06666666666666667,0.08728179551122195,0.33333333333333337,0.5,0.3466666666666667,0.19499999999999998,score_exclusive_discount
578886,4,0,5,2,0.0,0.4,0.3,Youth,Medium Spenders,0.0,0.5,1.0,0.2222222222222222,0.5,0.5,0.004425170369059209,0.16666666666666666,0.03333333333333333,0.0030976192583414466,0.23333333333333334,0.3,0.17333333333333334,0.16555555555555554,score_exclusive_discount
578892,4,1,4,3,0.25,0.75,0.25,Middle-age,Medium Spenders,0.0,0.5,1.75,0.5,1.0,1.0,0.10471204188481674,0.16666666666666666,0.058333333333333334,0.07329842931937171,0.33333333333333337,0.25,0.3408333333333333,0.3675,score_free_night_flight
578929,2,1,6,2,0.5,0.3333333333333333,0.5833333333333334,Middle-age,Medium Spenders,0.0,0.5,1.0,0.375,0.6666666666666666,1.0,0.13262599469496023,0.16666666666666666,0.03333333333333333,0.09283819628647215,0.33333333333333337,0.5833333333333334,0.22333333333333333,0.27249999999999996,score_exclusive_discount
578938,1,1,7,4,1.0,0.5714285714285714,0.7142857142857143,Middle-age,Champions,0.0,1.25,3.4,0.625,0.8,0.8,0.1392757660167131,0.4166666666666667,0.11333333333333333,0.09749303621169916,0.4933333333333334,0.7142857142857143,0.3193333333333333,0.4715,score_exclusive_discount
578947,3,2,5,2,0.6666666666666666,0.4,0.6333333333333333,Middle-age,High Spenders,0.0,0.33,5.75,0.5,1.0,0.75,0.10416666666666667,0.11,0.19166666666666668,0.07291666666666667,0.23800000000000004,0.6333333333333333,0.43416666666666665,0.4075,score_exclusive_discount
578993,1,0,7,2,0.0,0.2857142857142857,0.35714285714285715,Middle-age,Low Spenders,0.0,0.0,1.0,0.25,1.0,1.0,0.07616146230007616,0.0,0.03333333333333333,0.05331302361005331,0.2,0.35714285714285715,0.3233333333333333,0.185,score_exclusive_discount
579021,2,0,6,1,0.0,0.16666666666666666,0.4166666666666667,Middle-age,At Risk,0.0,1.0,1.0,0.125,1.0,1.0,0.18796992481203006,0.3333333333333333,0.03333333333333333,0.13157894736842105,0.4666666666666667,0.4166666666666667,0.3233333333333333,0.09749999999999999,score_free_checkedbag
579040,2,0,7,0,0.0,0.0,0.5,0,0,0.0,0.0,0.0,0.0,0.0,0.0,0.0,0.0,0.0,0.0,0.0,0.5,0.0,0.0,score_exclusive_discount
579065,3,2,5,2,0.6666666666666666,0.4,0.6333333333333333,Middle-age,High Spenders,0.0,0.5,3.5,0.5,1.0,1.0,0.1277139208173691,0.16666666666666666,0.11666666666666667,0.08939974457215837,0.33333333333333337,0.6333333333333333,0.38166666666666665,0.38499999999999995,score_exclusive_discount
579230,2,0,6,1,0.0,0.16666666666666666,0.4166666666666667,Middle-age,At Risk,0.0,1.0,0.0,0.125,0.0,1.0,0.08038585209003216,0.3333333333333333,0.0,0.05627009646302251,0.4666666666666667,0.4166666666666667,0.0,0.0875,score_free_checkedbag
579275,2,2,6,4,1.0,0.6666666666666666,0.6666666666666667,Middle-age,Medium Spenders,0.17,0.33,2.5,0.75,1.0,0.8333333333333334,0.10810810810810811,0.11,0.08333333333333333,0.07567567567567568,0.2546666666666667,0.6666666666666667,0.35833333333333334,0.5499999999999999,score_exclusive_discount
579307,1,1,8,5,1.0,0.625,0.6875,Middle-age,Low Spenders,0.17,0.75,1.0,0.6666666666666666,0.8333333333333334,1.0,0.1240694789081886,0.25,0.03333333333333333,0.08684863523573202,0.4,0.6875,0.2733333333333333,0.4766666666666666,score_exclusive_discount
579323,1,1,7,2,1.0,0.2857142857142857,0.8571428571428572,Middle-age,Low Spenders,0.0,1.0,1.67,0.375,1.0,1.0,0.07886435331230283,0.3333333333333333,0.05566666666666666,0.05520504731861198,0.4666666666666667,0.8571428571428572,0.33896666666666664,0.27919999999999995,score_exclusive_discount
579404,0,0,8,4,0.0,0.5,0.5,Middle-age,Champions,0.0,0.0,2.25,0.5,1.0,1.0,0.10626992561105207,0.0,0.075,0.07438894792773644,0.2,0.5,0.3525,0.3725,score_exclusive_discount
579503,0,0,8,0,0.0,0.0,0.5,0,0,0.0,0.0,0.0,0.0,0.0,0.0,0.0,0.0,0.0,0.0,0.0,0.5,0.0,0.0,score_exclusive_discount
579547,0,0,8,3,0.0,0.375,0.5,Middle-age,High Spenders,0.0,0.83,2.67,0.375,0.6666666666666666,1.0,0.12468827930174564,0.27666666666666667,0.089,0.08728179551122195,0.42133333333333334,0.5,0.2623,0.28919999999999996,score_exclusive_discount
579589,3,2,5,4,0.6666666666666666,0.8,0.4333333333333333,Middle-age,Champions,0.0,0.08,1.67,0.75,0.8333333333333334,1.0,0.12019230769230768,0.02666666666666667,0.05566666666666666,0.08413461538461538,0.22133333333333335,0.4333333333333333,0.28896666666666665,0.5417,score_free_night_flight
579707,4,0,5,2,0.0,0.4,0.3,Middle-age,Low Spenders,0.0,0.25,1.5,0.2222222222222222,1.0,1.0,0.12531328320802004,0.08333333333333333,0.05,0.08771929824561403,0.26666666666666666,0.3,0.33499999999999996,0.17055555555555552,score_free_meal
579714,0,0,8,2,0.0,0.25,0.5,Elderly,High Spenders,0.0,0.0,10.0,0.25,1.0,0.0,1.0,0.0,0.3333333333333333,0.7,0.0,0.5,0.5333333333333333,0.27499999999999997,score_free_cancellation
579783,0,0,9,0,0.0,0.0,0.5,0,0,0.0,0.0,0.0,0.0,0.0,0.0,0.0,0.0,0.0,0.0,0.0,0.5,0.0,0.0,score_exclusive_discount
579792,2,2,6,3,1.0,0.5,0.75,Middle-age,High Spenders,0.0,0.12,5.0,0.625,1.0,0.8,0.0177210703526493,0.04,0.16666666666666666,0.01240474924685451,0.19200000000000003,0.75,0.41666666666666663,0.4875,score_exclusive_discount
579804,4,1,4,2,0.25,0.5,0.375,Middle-age,Champions,0.0,1.0,4.0,0.375,1.0,0.6666666666666666,0.11918951132300357,0.3333333333333333,0.13333333333333333,0.0834326579261025,0.4,0.375,0.3933333333333333,0.30249999999999994,score_free_checkedbag
579829,2,0,6,3,0.0,0.5,0.25,Middle-age,Medium Spenders,0.0,0.67,1.33,0.375,1.0,1.0,0.16420361247947454,0.22333333333333336,0.044333333333333336,0.11494252873563217,0.3786666666666667,0.25,0.33103333333333335,0.27579999999999993,score_free_checkedbag
579846,3,1,5,0,0.3333333333333333,0.0,0.6666666666666666,Youth,Medium Spenders,0.0,0.0,19.0,0.125,1.0,0.0,1.0,0.0,0.6333333333333333,0.7,0.0,0.6666666666666666,0.7433333333333333,0.27749999999999997,score_free_meal
579950,4,1,5,4,0.25,0.8,0.22499999999999998,Middle-age,Champions,0.0,0.5,5.2,0.5555555555555556,1.0,0.8,0.09775171065493646,0.16666666666666666,0.17333333333333334,0.06842619745845552,0.29333333333333333,0.22499999999999998,0.42133333333333334,0.4408888888888889,score_free_night_flight
579971,0,0,8,0,0.0,0.0,0.5,0,0,0.0,0.0,0.0,0.0,0.0,0.0,0.0,0.0,0.0,0.0,0.0,0.5,0.0,0.0,score_exclusive_discount
579999,2,0,6,1,0.0,0.16666666666666666,0.4166666666666667,Youth,At Risk,0.0,0.0,2.0,0.125,1.0,0.0,1.0,0.0,0.06666666666666667,0.7,0.0,0.4166666666666667,0.3466666666666667,0.1075,score_free_cancellation
580026,4,0,5,0,0.0,0.0,0.5,0,0,0.0,0.0,0.0,0.0,0.0,0.0,0.0,0.0,0.0,0.0,0.0,0.5,0.0,0.0,score_exclusive_discount
580077,3,0,5,2,0.0,0.4,0.3,Middle-age,Low Spenders,0.0,0.0,4.0,0.25,1.0,0.5,0.09615384615384615,0.0,0.13333333333333333,0.06730769230769229,0.1,0.3,0.3933333333333333,0.215,score_free_meal
580211,2,2,6,4,1.0,0.6666666666666666,0.6666666666666667,Middle-age,Champions,0.0,0.83,3.83,0.75,1.0,1.0,0.11750881316098707,0.27666666666666667,0.12766666666666668,0.08225616921269095,0.42133333333333334,0.6666666666666667,0.38936666666666664,0.5632999999999999,score_exclusive_discount
580212,4,2,4,2,0.5,0.5,0.5,Middle-age,High Spenders,0.0,0.33,2.75,0.5,1.0,0.75,0.11467889908256883,0.11,0.09166666666666666,0.08027522935779817,0.23800000000000004,0.5,0.36416666666666664,0.37749999999999995,score_exclusive_discount
580402,1,0,7,5,0.0,0.7142857142857143,0.14285714285714285,Middle-age,High Spenders,0.0,0.88,3.4,0.625,0.8,0.8,0.10683760683760685,0.29333333333333333,0.11333333333333333,0.07478632478632478,0.3946666666666667,0.14285714285714285,0.3193333333333333,0.4715,score_free_night_flight
580460,2,1,6,2,0.5,0.3333333333333333,0.5833333333333334,Middle-age,Low Spenders,0.0,0.33,3.33,0.375,0.6666666666666666,1.0,0.13404825737265416,0.11,0.111,0.0938337801608579,0.28800000000000003,0.5833333333333334,0.27769999999999995,0.29579999999999995,score_exclusive_discount
580515,5,2,4,1,0.4,0.25,0.575,Middle-age,Champions,0.0,0.67,3.67,0.3333333333333333,1.0,1.0,0.09652509652509653,0.22333333333333336,0.12233333333333334,0.06756756756756756,0.3786666666666667,0.575,0.38563333333333333,0.2700333333333333,score_exclusive_discount
580578,1,0,8,4,0.0,0.5,0.25,Middle-age,Champions,0.0,0.25,2.25,0.4444444444444444,1.0,1.0,0.1240694789081886,0.08333333333333333,0.075,0.08684863523573202,0.26666666666666666,0.25,0.3525,0.3336111111111111,score_free_meal
580611,1,1,7,3,1.0,0.42857142857142855,0.7857142857142857,Middle-age,Medium Spenders,0.0,0.25,2.0,0.5,0.75,1.0,0.1519756838905775,0.08333333333333333,0.06666666666666667,0.10638297872340424,0.26666666666666666,0.7857142857142857,0.2716666666666666,0.37,score_exclusive_discount
580622,2,0,6,0,0.0,0.0,0.5,0,0,0.0,0.0,0.0,0.0,0.0,0.0,0.0,0.0,0.0,0.0,0.0,0.5,0.0,0.0,score_exclusive_discount
580626,4,2,5,1,0.5,0.2,0.65,Middle-age,High Spenders,0.0,0.17,3.0,0.3333333333333333,0.6666666666666666,1.0,0.008520790729379687,0.05666666666666667,0.1,0.005964553510565781,0.24533333333333335,0.65,0.26999999999999996,0.2633333333333333,score_exclusive_discount
580658,2,1,6,2,0.5,0.3333333333333333,0.5833333333333334,Middle-age,Low Spenders,0.0,0.33,2.33,0.375,1.0,1.0,0.14184397163120568,0.11,0.07766666666666668,0.09929078014184398,0.28800000000000003,0.5833333333333334,0.35436666666666666,0.28579999999999994,score_exclusive_discount
580895,3,1,5,1,0.3333333333333333,0.2,0.5666666666666667,Elderly,Medium Spenders,0.0,0.0,5.0,0.25,1.0,0.0,1.0,0.0,0.16666666666666666,0.7,0.0,0.5666666666666667,0.41666666666666663,0.22499999999999998,score_free_cancellation
580902,2,0,7,2,0.0,0.2857142857142857,0.35714285714285715,Middle-age,Low Spenders,0.0,0.0,3.5,0.2222222222222222,1.0,1.0,0.13550135501355015,0.0,0.11666666666666667,0.0948509485094851,0.2,0.35714285714285715,0.38166666666666665,0.19055555555555553,score_free_meal
580944,4,1,4,2,0.25,0.5,0.375,Middle-age,Medium Spenders,0.0,0.5,4.33,0.375,0.6666666666666666,0.6666666666666666,0.16835016835016833,0.16666666666666666,0.14433333333333334,0.11784511784511782,0.26666666666666666,0.375,0.3010333333333333,0.30579999999999996,score_exclusive_discount
580971,2,0,7,2,0.0,0.2857142857142857,0.35714285714285715,Middle-age,Medium Spenders,0.0,0.0,5.0,0.2222222222222222,1.0,1.0,0.1023541453428864,0.0,0.16666666666666666,0.07164790174002048,0.2,0.35714285714285715,0.41666666666666663,0.20555555555555552,score_free_meal
581005,1,0,7,5,0.0,0.7142857142857143,0.14285714285714285,Middle-age,Champions,0.0,0.6,3.4,0.625,0.8,1.0,0.10373443983402489,0.19999999999999998,0.11333333333333333,0.07261410788381742,0.36,0.14285714285714285,0.3193333333333333,0.4715,score_free_night_flight
581085,4,2,4,3,0.5,0.75,0.375,Middle-age,Medium Spenders,0.2,0.33,2.0,0.625,1.0,1.0,0.12210012210012208,0.11,0.06666666666666667,0.08547008547008546,0.28800000000000003,0.375,0.3466666666666667,0.4575,score_free_night_flight
581086,3,1,5,0,0.3333333333333333,0.0,0.6666666666666666,Middle-age,Champions,0.0,0.0,2.0,0.125,1.0,1.0,0.1869158878504673,0.0,0.06666666666666667,0.13084112149532712,0.2,0.6666666666666666,0.3466666666666667,0.1075,score_exclusive_discount
581091,1,1,7,3,1.0,0.42857142857142855,0.7857142857142857,Middle-age,High Spenders,0.0,0.75,3.25,0.5,1.0,1.0,0.10050251256281408,0.25,0.10833333333333334,0.07035175879396985,0.4,0.7857142857142857,0.37583333333333335,0.38249999999999995,score_exclusive_discount
581110,1,0,7,0,0.0,0.0,0.5,0,0,0.0,0.0,0.0,0.0,0.0,0.0,0.0,0.0,0.0,0.0,0.0,0.5,0.0,0.0,score_exclusive_discount
581111,3,2,5,2,0.6666666666666666,0.4,0.6333333333333333,Middle-age,Medium Spenders,0.0,0.5,1.75,0.5,0.75,1.0,0.16233766233766234,0.16666666666666666,0.058333333333333334,0.11363636363636363,0.33333333333333337,0.6333333333333333,0.2658333333333333,0.3675,score_exclusive_discount
581120,2,1,6,3,0.5,0.5,0.5,Middle-age,Low Spenders,0.25,1.0,2.5,0.5,1.0,1.0,0.1404494382022472,0.3333333333333333,0.08333333333333333,0.09831460674157304,0.4666666666666667,0.5,0.35833333333333334,0.375,score_exclusive_discount
581239,1,0,7,2,0.0,0.2857142857142857,0.35714285714285715,Middle-age,At Risk,0.0,1.0,2.5,0.25,0.5,1.0,0.12755102040816327,0.3333333333333333,0.08333333333333333,0.08928571428571429,0.4666666666666667,0.35714285714285715,0.20833333333333331,0.19999999999999998,score_free_checkedbag
581269,0,0,8,4,0.0,0.5,0.5,Middle-age,High Spenders,0.0,0.25,2.0,0.5,1.0,1.0,0.12376237623762376,0.08333333333333333,0.06666666666666667,0.08663366336633663,0.26666666666666666,0.5,0.3466666666666667,0.37,score_exclusive_discount
581307,2,1,7,2,0.5,0.2857142857142857,0.6071428571428572,Middle-age,Champions,0.0,0.0,5.67,0.3333333333333333,1.0,0.6666666666666666,0.136986301369863,0.0,0.189,0.0958904109589041,0.13333333333333333,0.6071428571428572,0.4323,0.2900333333333333,score_exclusive_discount
581343,3,1,5,2,0.3333333333333333,0.4,0.4666666666666667,Youth,Low Spenders,0.33,1.0,3.0,0.375,1.0,1.0,0.12594458438287154,0.3333333333333333,0.1,0.08816120906801007,0.4666666666666667,0.4666666666666667,0.37,0.2925,score_free_checkedbag
581365,1,0,7,1,0.0,0.14285714285714285,0.4285714285714286,Middle-age,At Risk,0.0,2.0,2.0,0.125,1.0,1.0,0.10526315789473684,0.6666666666666666,0.06666666666666667,0.07368421052631578,0.7333333333333334,0.4285714285714286,0.3466666666666667,0.1075,score_free_checkedbag
581385,3,1,5,0,0.3333333333333333,0.0,0.6666666666666666,Middle-age,Low Spenders,0.0,0.0,4.0,0.125,1.0,0.0,1.0,0.0,0.13333333333333333,0.7,0.0,0.6666666666666666,0.3933333333333333,0.1275,score_free_cancellation
581388,2,1,6,0,0.5,0.0,0.75,Youth,At Risk,0.0,1.0,7.0,0.125,1.0,1.0,0.15174506828528073,0.3333333333333333,0.23333333333333334,0.1062215477996965,0.4666666666666667,0.75,0.4633333333333333,0.15749999999999997,score_exclusive_discount
581409,4,1,4,2,0.25,0.5,0.375,Middle-age,Champions,0.0,0.33,1.67,0.375,0.6666666666666666,1.0,0.10940919037199125,0.11,0.05566666666666666,0.07658643326039387,0.28800000000000003,0.375,0.23896666666666666,0.27919999999999995,score_exclusive_discount
581412,1,0,7,2,0.0,0.2857142857142857,0.35714285714285715,Middle-age,Low Spenders,0.0,1.0,3.0,0.25,1.0,1.0,0.10604453870625663,0.3333333333333333,0.1,0.07423117709437964,0.4666666666666667,0.35714285714285715,0.37,0.205,score_free_checkedbag
581438,2,1,6,2,0.5,0.3333333333333333,0.5833333333333334,Middle-age,Champions,0.0,0.5,5.0,0.375,1.0,1.0,0.09910802775024777,0.16666666666666666,0.16666666666666666,0.06937561942517344,0.33333333333333337,0.5833333333333334,0.41666666666666663,0.31249999999999994,score_exclusive_discount
581461,3,0,5,1,0.0,0.2,0.4,Youth,At Risk,0.0,0.0,1.0,0.125,1.0,0.0,1.0,0.0,0.03333333333333333,0.7,0.0,0.4,0.3233333333333333,0.09749999999999999,score_free_cancellation
581491,4,1,5,3,0.25,0.6,0.325,Youth,Medium Spenders,0.25,0.0,5.0,0.4444444444444444,0.75,0.75,0.09328358208955223,0.0,0.16666666666666666,0.06529850746268656,0.15000000000000002,0.325,0.3416666666666666,0.36111111111111105,score_free_night_flight
581527,3,1,6,4,0.3333333333333333,0.6666666666666666,0.33333333333333337,Middle-age,High Spenders,0.0,0.25,2.2,0.5555555555555556,0.8,0.8,0.11876484560570072,0.08333333333333333,0.07333333333333333,0.0831353919239905,0.22666666666666668,0.33333333333333337,0.29133333333333333,0.4108888888888889,score_free_night_flight
581577,2,0,6,2,0.0,0.3333333333333333,0.33333333333333337,Middle-age,Low Spenders,0.0,0.5,1.0,0.25,1.0,1.0,0.11641443538998836,0.16666666666666666,0.03333333333333333,0.08149010477299184,0.33333333333333337,0.33333333333333337,0.3233333333333333,0.185,score_free_checkedbag
581595,3,0,6,0,0.0,0.0,0.5,0,0,0.0,0.0,0.0,0.0,0.0,0.0,0.0,0.0,0.0,0.0,0.0,0.5,0.0,0.0,score_exclusive_discount
581666,3,0,5,3,0.0,0.6,0.2,Middle-age,Champions,0.0,0.67,8.33,0.375,1.0,1.0,0.10504201680672269,0.22333333333333336,0.2776666666666667,0.07352941176470588,0.3786666666666667,0.2,0.4943666666666666,0.34579999999999994,score_free_meal
581679,4,2,4,0,0.5,0.0,0.75,0,0,0.0,0.0,0.0,0.0,0.0,0.0,0.0,0.0,0.0,0.0,0.0,0.75,0.0,0.0,score_exclusive_discount
581685,2,0,6,1,0.0,0.16666666666666666,0.4166666666666667,Middle-age,At Risk,0.0,1.0,1.0,0.125,1.0,1.0,0.09225092250922509,0.3333333333333333,0.03333333333333333,0.06457564575645756,0.4666666666666667,0.4166666666666667,0.3233333333333333,0.09749999999999999,score_free_checkedbag
581721,0,0,8,5,0.0,0.625,0.5,Middle-age,Champions,0.0,0.4,5.6,0.625,1.0,1.0,0.11467889908256883,0.13333333333333333,0.18666666666666665,0.08027522935779817,0.3066666666666667,0.5,0.43066666666666664,0.4935,score_exclusive_discount
581729,4,1,6,1,0.25,0.16666666666666666,0.5416666666666666,0,0,0.0,0.0,0.0,0.0,0.0,0.0,0.0,0.0,0.0,0.0,0.0,0.5416666666666666,0.0,0.0,score_exclusive_discount
581770,1,0,7,2,0.0,0.2857142857142857,0.35714285714285715,Middle-age,Low Spenders,0.0,0.0,4.0,0.25,1.0,0.5,0.11641443538998836,0.0,0.13333333333333333,0.08149010477299184,0.1,0.35714285714285715,0.3933333333333333,0.215,score_free_meal
581835,3,2,5,3,0.6666666666666666,0.6,0.5333333333333333,Middle-age,Champions,0.0,0.75,3.0,0.625,1.0,0.8,0.09191176470588235,0.25,0.1,0.06433823529411764,0.36000000000000004,0.5333333333333333,0.37,0.4675,score_exclusive_discount
581858,2,1,6,1,0.5,0.16666666666666666,0.6666666666666667,Middle-age,Low Spenders,0.0,0.5,0.5,0.25,0.5,1.0,0.09225092250922509,0.16666666666666666,0.016666666666666666,0.06457564575645756,0.33333333333333337,0.6666666666666667,0.16166666666666665,0.18,score_exclusive_discount
581901,2,2,6,3,1.0,0.5,0.75,Middle-age,High Spenders,0.0,0.25,1.4,0.625,0.8,0.8,0.09652509652509653,0.08333333333333333,0.04666666666666666,0.06756756756756756,0.22666666666666668,0.75,0.27266666666666667,0.4515,score_exclusive_discount
582002,3,0,5,0,0.0,0.0,0.5,0,0,0.0,0.0,0.0,0.0,0.0,0.0,0.0,0.0,0.0,0.0,0.0,0.5,0.0,0.0,score_exclusive_discount
582011,3,1,5,3,0.3333333333333333,0.6,0.3666666666666667,Elderly,Champions,0.0,0.62,2.25,0.5,1.0,1.0,0.12690355329949238,0.20666666666666667,0.075,0.08883248730964466,0.36533333333333334,0.3666666666666667,0.3525,0.3725,score_free_night_flight
582038,4,0,5,2,0.0,0.4,0.3,Middle-age,Champions,0.0,0.83,3.5,0.2222222222222222,1.0,1.0,0.13440860215053763,0.27666666666666667,0.11666666666666667,0.09408602150537633,0.42133333333333334,0.3,0.38166666666666665,0.19055555555555553,score_free_checkedbag
582190,1,0,7,0,0.0,0.0,0.5,0,0,0.0,0.0,0.0,0.0,0.0,0.0,0.0,0.0,0.0,0.0,0.0,0.5,0.0,0.0,score_exclusive_discount
582227,4,2,4,2,0.5,0.5,0.5,Middle-age,High Spenders,0.0,0.33,4.25,0.5,0.75,0.75,0.14104372355430184,0.11,0.14166666666666666,0.09873060648801128,0.23800000000000004,0.5,0.3241666666666666,0.39249999999999996,score_exclusive_discount
582241,3,0,5,0,0.0,0.0,0.5,0,0,0.0,0.0,0.0,0.0,0.0,0.0,0.0,0.0,0.0,0.0,0.0,0.5,0.0,0.0,score_exclusive_discount
582254,2,0,6,4,0.0,0.6666666666666666,0.16666666666666669,Middle-age,Champions,0.0,0.5,3.0,0.5,0.75,1.0,0.13297872340425532,0.16666666666666666,0.1,0.09308510638297872,0.33333333333333337,0.16666666666666669,0.295,0.38,score_free_night_flight
582319,2,1,6,3,0.5,0.5,0.5,Middle-age,Champions,0.0,0.62,4.25,0.5,1.0,1.0,0.010936132983377079,0.20666666666666667,0.14166666666666666,0.007655293088363955,0.36533333333333334,0.5,0.39916666666666667,0.39249999999999996,score_exclusive_discount
582320,2,0,7,2,0.0,0.2857142857142857,0.35714285714285715,Middle-age,Medium Spenders,0.0,0.0,3.5,0.2222222222222222,1.0,0.5,0.09523809523809523,0.0,0.11666666666666667,0.06666666666666665,0.1,0.35714285714285715,0.38166666666666665,0.19055555555555553,score_free_meal
582326,1,0,7,4,0.0,0.5714285714285714,0.2142857142857143,Middle-age,Medium Spenders,0.0,1.25,2.0,0.5,1.0,1.0,0.10989010989010989,0.4166666666666667,0.06666666666666667,0.07692307692307691,0.5333333333333334,0.2142857142857143,0.3466666666666667,0.37,score_free_checkedbag
582333,2,1,6,3,0.5,0.5,0.5,Middle-age,High Spenders,0.0,0.5,3.0,0.5,0.75,0.75,0.1388888888888889,0.16666666666666666,0.1,0.09722222222222222,0.2833333333333333,0.5,0.295,0.38,score_exclusive_discount
582343,3,0,5,2,0.0,0.4,0.3,Middle-age,Low Spenders,0.0,1.0,1.5,0.25,1.0,1.0,0.11627906976744186,0.3333333333333333,0.05,0.0813953488372093,0.4666666666666667,0.3,0.33499999999999996,0.19,score_free_checkedbag
582446,3,3,5,1,1.0,0.2,0.9,Middle-age,Low Spenders,0.25,1.0,3.0,0.5,0.75,0.75,0.08643042350907519,0.3333333333333333,0.1,0.06050129645635263,0.4166666666666667,0.9,0.295,0.38,score_exclusive_discount
582482,2,0,7,2,0.0,0.2857142857142857,0.35714285714285715,Middle-age,Low Spenders,0.0,1.0,2.5,0.2222222222222222,1.0,0.5,0.08539709649871904,0.3333333333333333,0.08333333333333333,0.05977796754910333,0.3666666666666667,0.35714285714285715,0.35833333333333334,0.18055555555555552,score_free_checkedbag
582484,0,0,8,3,0.0,0.375,0.5,Middle-age,Low Spenders,0.0,0.67,1.67,0.375,1.0,1.0,0.125,0.22333333333333336,0.05566666666666666,0.0875,0.3786666666666667,0.5,0.33896666666666664,0.27919999999999995,score_exclusive_discount
582577,2,0,7,3,0.0,0.42857142857142855,0.2857142857142857,Middle-age,Medium Spenders,0.0,0.67,1.67,0.3333333333333333,1.0,1.0,0.10810810810810811,0.22333333333333336,0.05566666666666666,0.07567567567567568,0.3786666666666667,0.2857142857142857,0.33896666666666664,0.25003333333333333,score_free_checkedbag
582586,4,0,4,0,0.0,0.0,0.5,0,0,0.0,0.0,0.0,0.0,0.0,0.0,0.0,0.0,0.0,0.0,0.0,0.5,0.0,0.0,score_exclusive_discount
582636,1,0,8,2,0.0,0.25,0.375,Middle-age,Low Spenders,0.0,1.0,1.5,0.2222222222222222,1.0,1.0,0.1088139281828074,0.3333333333333333,0.05,0.07616974972796517,0.4666666666666667,0.375,0.33499999999999996,0.17055555555555552,score_free_checkedbag
582664,2,0,6,1,0.0,0.16666666666666666,0.4166666666666667,Middle-age,Medium Spenders,0.0,0.0,3.0,0.125,1.0,1.0,0.08291873963515754,0.0,0.1,0.058043117744610274,0.2,0.4166666666666667,0.37,0.1175,score_exclusive_discount
582723,4,2,5,2,0.5,0.4,0.55,Middle-age,Champions,0.0,0.12,4.25,0.4444444444444444,1.0,1.0,0.10131712259371835,0.04,0.14166666666666666,0.07092198581560284,0.232,0.55,0.39916666666666667,0.35361111111111104,score_exclusive_discount
582729,3,0,5,0,0.0,0.0,0.5,0,0,0.0,0.0,0.0,0.0,0.0,0.0,0.0,0.0,0.0,0.0,0.0,0.5,0.0,0.0,score_exclusive_discount
582768,1,0,7,5,0.0,0.7142857142857143,0.14285714285714285,Middle-age,Champions,0.0,0.3,3.6,0.625,0.8,1.0,0.019168104274487254,0.09999999999999999,0.12000000000000001,0.013417672992141078,0.28,0.14285714285714285,0.324,0.47350000000000003,score_free_night_flight
582785,1,1,7,5,1.0,0.7142857142857143,0.6428571428571428,Middle-age,High Spenders,0.0,0.33,2.17,0.75,1.0,1.0,0.12738853503184713,0.11,0.07233333333333333,0.08917197452229299,0.28800000000000003,0.6428571428571428,0.3506333333333333,0.5467,score_exclusive_discount
582796,2,0,7,1,0.0,0.14285714285714285,0.4285714285714286,Youth,Champions,0.0,0.0,21.0,0.1111111111111111,1.0,0.0,1.0,0.0,0.7,0.7,0.0,0.4285714285714286,0.7899999999999999,0.28777777777777774,score_free_meal
582801,4,3,4,1,0.75,0.25,0.75,Middle-age,Medium Spenders,0.25,0.5,4.0,0.5,1.0,1.0,0.10660980810234541,0.16666666666666666,0.13333333333333333,0.07462686567164178,0.33333333333333337,0.75,0.3933333333333333,0.38999999999999996,score_exclusive_discount
582828,3,1,5,2,0.3333333333333333,0.4,0.4666666666666667,Middle-age,Medium Spenders,0.0,0.67,0.67,0.375,0.3333333333333333,1.0,0.12019230769230768,0.22333333333333336,0.022333333333333334,0.08413461538461538,0.3786666666666667,0.4666666666666667,0.11563333333333332,0.26919999999999994,score_exclusive_discount
582833,2,0,6,2,0.0,0.3333333333333333,0.33333333333333337,Middle-age,High Spenders,0.0,0.12,0.5,0.25,0.5,1.0,0.1510574018126888,0.04,0.016666666666666666,0.10574018126888217,0.232,0.33333333333333337,0.16166666666666665,0.18,score_exclusive_discount
582903,2,1,7,1,0.5,0.14285714285714285,0.6785714285714286,0,0,0.0,0.0,0.0,0.0,0.0,0.0,0.0,0.0,0.0,0.0,0.0,0.6785714285714286,0.0,0.0,score_exclusive_discount
582979,2,2,7,4,1.0,0.5714285714285714,0.7142857142857143,Middle-age,High Spenders,0.0,0.5,2.33,0.6666666666666666,0.8333333333333334,1.0,0.12562814070351758,0.16666666666666666,0.07766666666666668,0.0879396984924623,0.33333333333333337,0.7142857142857143,0.3043666666666667,0.4899666666666666,score_exclusive_discount
582995,1,1,7,3,1.0,0.42857142857142855,0.7857142857142857,Middle-age,Medium Spenders,0.0,0.33,2.5,0.5,0.75,0.75,0.1023541453428864,0.11,0.08333333333333333,0.07164790174002048,0.23800000000000004,0.7857142857142857,0.2833333333333333,0.375,score_exclusive_discount
583016,2,0,6,1,0.0,0.16666666666666666,0.4166666666666667,Middle-age,At Risk,0.0,0.0,2.0,0.125,1.0,1.0,0.10787486515641856,0.0,0.06666666666666667,0.07551240560949299,0.2,0.4166666666666667,0.3466666666666667,0.1075,score_exclusive_discount
583023,2,1,6,2,0.5,0.3333333333333333,0.5833333333333334,Middle-age,Champions,0.0,0.5,3.67,0.375,1.0,0.6666666666666666,0.16339869281045752,0.16666666666666666,0.12233333333333334,0.11437908496732026,0.26666666666666666,0.5833333333333334,0.38563333333333333,0.29919999999999997,score_exclusive_discount
583038,5,2,3,1,0.4,0.3333333333333333,0.5333333333333333,Middle-age,Low Spenders,0.0,0.67,1.67,0.375,0.6666666666666666,1.0,0.15384615384615385,0.22333333333333336,0.05566666666666666,0.1076923076923077,0.3786666666666667,0.5333333333333333,0.23896666666666666,0.27919999999999995,score_exclusive_discount
583052,4,3,4,1,0.75,0.25,0.75,Middle-age,High Spenders,0.0,0.62,3.25,0.5,1.0,1.0,0.17391304347826086,0.20666666666666667,0.10833333333333334,0.1217391304347826,0.36533333333333334,0.75,0.37583333333333335,0.38249999999999995,score_exclusive_discount
583070,2,1,6,2,0.5,0.3333333333333333,0.5833333333333334,Youth,High Spenders,0.0,0.67,0.67,0.375,0.3333333333333333,1.0,0.12300123001230014,0.22333333333333336,0.022333333333333334,0.08610086100861009,0.3786666666666667,0.5833333333333334,0.11563333333333332,0.26919999999999994,score_exclusive_discount
583087,2,1,6,2,0.5,0.3333333333333333,0.5833333333333334,Middle-age,Medium Spenders,0.0,0.33,3.67,0.375,1.0,1.0,0.10905125408942203,0.11,0.12233333333333334,0.07633587786259541,0.28800000000000003,0.5833333333333334,0.38563333333333333,0.29919999999999997,score_exclusive_discount
583120,3,2,5,1,0.6666666666666666,0.2,0.7333333333333333,Middle-age,Low Spenders,0.33,1.0,3.0,0.375,0.6666666666666666,1.0,0.13245033112582782,0.3333333333333333,0.1,0.09271523178807947,0.4666666666666667,0.7333333333333333,0.26999999999999996,0.2925,score_exclusive_discount
583134,3,1,5,0,0.3333333333333333,0.0,0.6666666666666666,Middle-age,At Risk,0.0,1.0,1.0,0.125,1.0,1.0,0.1858736059479554,0.3333333333333333,0.03333333333333333,0.13011152416356878,0.4666666666666667,0.6666666666666666,0.3233333333333333,0.09749999999999999,score_exclusive_discount
583166,2,1,7,1,0.5,0.14285714285714285,0.6785714285714286,0,0,0.0,0.0,0.0,0.0,0.0,0.0,0.0,0.0,0.0,0.0,0.0,0.6785714285714286,0.0,0.0,score_exclusive_discount
583190,3,0,5,0,0.0,0.0,0.5,0,0,0.0,0.0,0.0,0.0,0.0,0.0,0.0,0.0,0.0,0.0,0.0,0.5,0.0,0.0,score_exclusive_discount
583200,4,1,4,1,0.25,0.25,0.5,Middle-age,Low Spenders,0.0,1.0,2.0,0.25,0.5,1.0,0.11160714285714285,0.3333333333333333,0.06666666666666667,0.07812499999999999,0.4666666666666667,0.5,0.19666666666666666,0.19499999999999998,score_exclusive_discount
583297,2,1,6,3,0.5,0.5,0.5,Middle-age,High Spenders,0.0,0.5,3.25,0.5,1.0,1.0,0.09242144177449169,0.16666666666666666,0.10833333333333334,0.06469500924214418,0.33333333333333337,0.5,0.37583333333333335,0.38249999999999995,score_exclusive_discount
583335,2,1,6,1,0.5,0.16666666666666666,0.6666666666666667,Youth,Medium Spenders,0.0,0.25,1.5,0.25,1.0,1.0,0.11641443538998836,0.08333333333333333,0.05,0.08149010477299184,0.26666666666666666,0.6666666666666667,0.33499999999999996,0.19,score_exclusive_discount
583336,1,0,8,2,0.0,0.25,0.375,Middle-age,Medium Spenders,0.0,0.0,6.0,0.2222222222222222,1.0,0.5,0.16181229773462785,0.0,0.2,0.11326860841423948,0.1,0.375,0.43999999999999995,0.21555555555555553,score_free_meal
583342,2,1,6,1,0.5,0.16666666666666666,0.6666666666666667,Elderly,Low Spenders,0.0,0.0,7.0,0.25,1.0,0.0,1.0,0.0,0.23333333333333334,0.7,0.0,0.6666666666666667,0.4633333333333333,0.245,score_free_cancellation
583446,2,1,6,3,0.5,0.5,0.5,Middle-age,Champions,0.0,0.67,3.5,0.5,1.0,0.75,0.10604453870625663,0.22333333333333336,0.11666666666666667,0.07423117709437964,0.3286666666666667,0.5,0.38166666666666665,0.38499999999999995,score_exclusive_discount
583454,2,0,6,1,0.0,0.16666666666666666,0.4166666666666667,Youth,At Risk,0.0,1.0,1.0,0.125,1.0,1.0,0.09633911368015413,0.3333333333333333,0.03333333333333333,0.06743737957610789,0.4666666666666667,0.4166666666666667,0.3233333333333333,0.09749999999999999,score_free_checkedbag
583483,4,1,4,0,0.25,0.0,0.625,Middle-age,At Risk,0.0,0.0,2.0,0.125,1.0,1.0,0.18348623853211007,0.0,0.06666666666666667,0.12844036697247704,0.2,0.625,0.3466666666666667,0.1075,score_exclusive_discount
583486,0,0,9,4,0.0,0.4444444444444444,0.5,Middle-age,Champions,0.0,0.83,2.25,0.4444444444444444,1.0,1.0,0.11668611435239207,0.27666666666666667,0.075,0.08168028004667444,0.42133333333333334,0.5,0.3525,0.3336111111111111,score_exclusive_discount
583490,2,0,6,1,0.0,0.16666666666666666,0.4166666666666667,Youth,Low Spenders,0.0,0.0,6.0,0.125,1.0,0.0,1.0,0.0,0.2,0.7,0.0,0.4166666666666667,0.43999999999999995,0.1475,score_free_cancellation
583499,3,2,5,1,0.6666666666666666,0.2,0.7333333333333333,Middle-age,Champions,0.0,0.67,2.67,0.375,1.0,1.0,0.10810810810810811,0.22333333333333336,0.089,0.07567567567567568,0.3786666666666667,0.7333333333333333,0.36229999999999996,0.28919999999999996,score_exclusive_discount
583526,4,1,5,2,0.25,0.4,0.425,Middle-age,High Spenders,0.0,0.5,5.0,0.3333333333333333,1.0,0.6666666666666666,0.08960573476702509,0.16666666666666666,0.16666666666666666,0.06272401433691756,0.26666666666666666,0.425,0.41666666666666663,0.2833333333333333,score_exclusive_discount
583612,1,0,8,4,0.0,0.5,0.25,Middle-age,Champions,0.0,0.38,6.0,0.4444444444444444,0.75,1.0,0.011027790030877812,0.12666666666666668,0.2,0.007719453021614467,0.30133333333333334,0.25,0.365,0.37111111111111106,score_free_night_flight
583623,1,0,7,1,0.0,0.14285714285714285,0.4285714285714286,Middle-age,Low Spenders,0.0,0.0,3.0,0.125,1.0,1.0,0.10438413361169102,0.0,0.1,0.07306889352818371,0.2,0.4285714285714286,0.37,0.1175,score_exclusive_discount
583664,3,0,6,2,0.0,0.3333333333333333,0.33333333333333337,Middle-age,At Risk,0.0,0.5,1.0,0.2222222222222222,1.0,1.0,0.1288659793814433,0.16666666666666666,0.03333333333333333,0.09020618556701031,0.33333333333333337,0.33333333333333337,0.3233333333333333,0.16555555555555554,score_free_checkedbag
583759,1,0,7,2,0.0,0.2857142857142857,0.35714285714285715,Middle-age,Medium Spenders,0.0,0.0,5.0,0.25,1.0,0.5,0.1122334455667789,0.0,0.16666666666666666,0.07856341189674523,0.1,0.35714285714285715,0.41666666666666663,0.22499999999999998,score_free_meal
583764,0,0,8,2,0.0,0.25,0.5,Middle-age,Champions,0.0,1.0,3.0,0.25,1.0,1.0,0.09775171065493646,0.3333333333333333,0.1,0.06842619745845552,0.4666666666666667,0.5,0.37,0.205,score_exclusive_discount
583931,3,1,5,2,0.3333333333333333,0.4,0.4666666666666667,Middle-age,Low Spenders,0.0,0.5,3.33,0.375,1.0,0.6666666666666666,0.11918951132300357,0.16666666666666666,0.111,0.0834326579261025,0.26666666666666666,0.4666666666666667,0.3777,0.29579999999999995,score_exclusive_discount
583955,2,0,6,0,0.0,0.0,0.5,0,0,0.0,0.0,0.0,0.0,0.0,0.0,0.0,0.0,0.0,0.0,0.0,0.5,0.0,0.0,score_exclusive_discount
583976,4,2,4,0,0.5,0.0,0.75,Middle-age,Low Spenders,0.0,0.0,3.0,0.25,1.0,1.0,0.11737089201877934,0.0,0.1,0.08215962441314553,0.2,0.75,0.37,0.205,score_exclusive_discount
584001,0,0,8,1,0.0,0.125,0.5,Youth,Medium Spenders,0.0,0.5,1.0,0.125,1.0,1.0,0.09233610341643582,0.16666666666666666,0.03333333333333333,0.06463527239150507,0.33333333333333337,0.5,0.3233333333333333,0.09749999999999999,score_exclusive_discount
584012,3,0,5,2,0.0,0.4,0.3,Middle-age,Low Spenders,0.0,1.0,3.0,0.25,1.0,1.0,0.10277492291880781,0.3333333333333333,0.1,0.07194244604316546,0.4666666666666667,0.3,0.37,0.205,score_free_checkedbag
584030,3,1,5,3,0.3333333333333333,0.6,0.3666666666666667,Middle-age,Medium Spenders,0.0,0.5,1.25,0.5,1.0,1.0,0.13774104683195593,0.16666666666666666,0.041666666666666664,0.09641873278236915,0.33333333333333337,0.3666666666666667,0.32916666666666666,0.3625,score_exclusive_discount
584034,4,1,4,2,0.25,0.5,0.375,Middle-age,Medium Spenders,0.0,1.0,1.67,0.375,1.0,1.0,0.11160714285714285,0.3333333333333333,0.05566666666666666,0.07812499999999999,0.4666666666666667,0.375,0.33896666666666664,0.27919999999999995,score_free_checkedbag
584115,4,2,4,2,0.5,0.5,0.5,Middle-age,Low Spenders,0.25,0.0,3.5,0.5,0.75,0.5,1.0,0.0,0.11666666666666667,0.7,0.1,0.5,0.30666666666666664,0.38499999999999995,score_free_cancellation
584134,2,0,6,2,0.0,0.3333333333333333,0.33333333333333337,Middle-age,Medium Spenders,0.0,0.0,1.5,0.25,1.0,1.0,0.14619883040935672,0.0,0.05,0.1023391812865497,0.2,0.33333333333333337,0.33499999999999996,0.19,score_free_meal
584185,3,1,5,0,0.3333333333333333,0.0,0.6666666666666666,Middle-age,At Risk,0.0,2.0,1.0,0.125,1.0,1.0,0.11428571428571428,0.6666666666666666,0.03333333333333333,0.07999999999999999,0.7333333333333334,0.6666666666666666,0.3233333333333333,0.09749999999999999,score_free_checkedbag
584217,4,0,4,0,0.0,0.0,0.5,0,0,0.0,0.0,0.0,0.0,0.0,0.0,0.0,0.0,0.0,0.0,0.0,0.5,0.0,0.0,score_exclusive_discount
584241,3,0,5,2,0.0,0.4,0.3,Middle-age,Medium Spenders,0.0,0.0,3.0,0.25,1.0,0.0,1.0,0.0,0.1,0.7,0.0,0.3,0.37,0.205,score_free_cancellation
584247,1,0,7,3,0.0,0.42857142857142855,0.2857142857142857,Middle-age,High Spenders,0.0,0.5,1.67,0.375,1.0,1.0,0.1053740779768177,0.16666666666666666,0.05566666666666666,0.0737618545837724,0.33333333333333337,0.2857142857142857,0.33896666666666664,0.27919999999999995,score_free_meal
584288,3,2,6,3,0.6666666666666666,0.5,0.5833333333333333,Middle-age,High Spenders,0.0,0.8,2.6,0.5555555555555556,1.0,1.0,0.09852216748768472,0.26666666666666666,0.08666666666666667,0.0689655172413793,0.41333333333333333,0.5833333333333333,0.36066666666666664,0.4148888888888889,score_exclusive_discount
584423,1,1,7,1,1.0,0.14285714285714285,0.9285714285714286,Middle-age,Low Spenders,0.0,0.0,2.0,0.25,1.0,1.0,0.1733102253032929,0.0,0.06666666666666667,0.12131715771230503,0.2,0.9285714285714286,0.3466666666666667,0.19499999999999998,score_exclusive_discount
584459,1,0,7,2,0.0,0.2857142857142857,0.35714285714285715,Middle-age,High Spenders,0.0,1.0,6.5,0.25,1.0,0.5,0.09823182711198429,0.3333333333333333,0.21666666666666667,0.068762278978389,0.3666666666666667,0.35714285714285715,0.45166666666666666,0.24,score_free_meal
584525,3,2,5,5,0.6666666666666666,1.0,0.3333333333333333,Middle-age,Champions,0.0,0.42,6.14,0.875,0.7142857142857143,0.8571428571428571,0.11668611435239207,0.13999999999999999,0.20466666666666666,0.08168028004667444,0.2834285714285714,0.3333333333333333,0.35755238095238095,0.6738999999999999,score_free_night_flight
584530,5,3,3,1,0.6,0.3333333333333333,0.6333333333333333,Middle-age,Champions,0.0,0.75,5.5,0.5,1.0,1.0,0.13404825737265416,0.25,0.18333333333333332,0.0938337801608579,0.4,0.6333333333333333,0.42833333333333334,0.40499999999999997,score_exclusive_discount
584531,3,1,5,1,0.3333333333333333,0.2,0.5666666666666667,Middle-age,High Spenders,0.0,0.5,2.5,0.25,1.0,1.0,0.10952902519167579,0.16666666666666666,0.08333333333333333,0.07667031763417305,0.33333333333333337,0.5666666666666667,0.35833333333333334,0.19999999999999998,score_exclusive_discount
584537,2,1,6,4,0.5,0.6666666666666666,0.4166666666666667,Middle-age,Low Spenders,0.0,0.5,1.2,0.625,0.8,0.8,0.13315579227696406,0.16666666666666666,0.04,0.09320905459387484,0.29333333333333333,0.4166666666666667,0.268,0.4495,score_free_night_flight
584549,7,4,4,1,0.5714285714285714,0.25,0.6607142857142857,Middle-age,Low Spenders,0.2,0.5,2.0,0.45454545454545453,1.0,0.6,0.10952902519167579,0.16666666666666666,0.06666666666666667,0.07667031763417305,0.2533333333333333,0.6607142857142857,0.3466666666666667,0.3381818181818182,score_exclusive_discount
584591,2,0,6,3,0.0,0.5,0.25,Middle-age,At Risk,0.0,0.67,1.0,0.375,1.0,1.0,0.1594896331738437,0.22333333333333336,0.03333333333333333,0.11164274322169059,0.3786666666666667,0.25,0.3233333333333333,0.27249999999999996,score_free_checkedbag
584666,1,0,8,4,0.0,0.5,0.25,Middle-age,High Spenders,0.0,1.22,2.5,0.4444444444444444,1.0,0.75,0.12594458438287154,0.4066666666666667,0.08333333333333333,0.08816120906801007,0.4753333333333334,0.25,0.35833333333333334,0.3361111111111111,score_free_checkedbag
584787,4,2,5,2,0.5,0.4,0.55,Elderly,High Spenders,0.25,0.0,9.5,0.4444444444444444,0.75,0.5,1.0,0.0,0.31666666666666665,0.7,0.1,0.55,0.44666666666666666,0.40611111111111103,score_free_cancellation
584843,4,1,5,2,0.25,0.4,0.425,Middle-age,At Risk,0.33,0.0,1.0,0.3333333333333333,1.0,1.0,0.07042253521126761,0.0,0.03333333333333333,0.04929577464788732,0.2,0.425,0.3233333333333333,0.24333333333333332,score_exclusive_discount
584844,4,1,4,2,0.25,0.5,0.375,Middle-age,High Spenders,0.0,0.67,2.67,0.375,1.0,1.0,0.09624639076034648,0.22333333333333336,0.089,0.06737247353224253,0.3786666666666667,0.375,0.36229999999999996,0.28919999999999996,score_free_checkedbag
584875,1,0,7,3,0.0,0.42857142857142855,0.2857142857142857,Middle-age,Champions,0.0,0.5,3.67,0.375,1.0,1.0,0.1023541453428864,0.16666666666666666,0.12233333333333334,0.07164790174002048,0.33333333333333337,0.2857142857142857,0.38563333333333333,0.29919999999999997,score_free_meal
584912,2,1,6,3,0.5,0.5,0.5,Middle-age,High Spenders,0.0,0.5,1.5,0.5,0.75,1.0,0.12422360248447203,0.16666666666666666,0.05,0.08695652173913042,0.33333333333333337,0.5,0.25999999999999995,0.365,score_exclusive_discount
584977,4,1,4,2,0.25,0.5,0.375,Middle-age,Champions,0.0,0.17,3.0,0.375,1.0,1.0,0.10395010395010396,0.05666666666666667,0.1,0.07276507276507277,0.24533333333333335,0.375,0.37,0.2925,score_exclusive_discount
584998,2,2,6,2,1.0,0.3333333333333333,0.8333333333333334,Middle-age,High Spenders,0.0,1.5,6.0,0.5,1.0,0.5,0.10604453870625663,0.5,0.2,0.07423117709437964,0.5,0.8333333333333334,0.43999999999999995,0.41,score_exclusive_discount
585138,3,0,5,0,0.0,0.0,0.5,0,0,0.0,0.0,0.0,0.0,0.0,0.0,0.0,0.0,0.0,0.0,0.0,0.5,0.0,0.0,score_exclusive_discount
585169,0,0,8,0,0.0,0.0,0.5,0,0,0.0,0.0,0.0,0.0,0.0,0.0,0.0,0.0,0.0,0.0,0.0,0.5,0.0,0.0,score_exclusive_discount
585187,1,1,7,2,1.0,0.2857142857142857,0.8571428571428572,Middle-age,Low Spenders,0.0,1.0,1.67,0.375,1.0,1.0,0.1310615989515072,0.3333333333333333,0.05566666666666666,0.09174311926605504,0.4666666666666667,0.8571428571428572,0.33896666666666664,0.27919999999999995,score_exclusive_discount
585231,1,0,7,0,0.0,0.0,0.5,0,0,0.0,0.0,0.0,0.0,0.0,0.0,0.0,0.0,0.0,0.0,0.0,0.5,0.0,0.0,score_exclusive_discount
585248,0,0,8,1,0.0,0.125,0.5,Middle-age,At Risk,0.0,0.0,1.0,0.125,1.0,1.0,0.11061946902654868,0.0,0.03333333333333333,0.07743362831858407,0.2,0.5,0.3233333333333333,0.09749999999999999,score_exclusive_discount
585250,2,0,6,0,0.0,0.0,0.5,0,0,0.0,0.0,0.0,0.0,0.0,0.0,0.0,0.0,0.0,0.0,0.0,0.5,0.0,0.0,score_exclusive_discount
585310,0,0,8,3,0.0,0.375,0.5,Middle-age,High Spenders,0.0,0.67,2.0,0.375,1.0,1.0,0.14430014430014432,0.22333333333333336,0.06666666666666667,0.10101010101010102,0.3786666666666667,0.5,0.3466666666666667,0.2825,score_exclusive_discount
585361,3,0,5,0,0.0,0.0,0.5,0,0,0.0,0.0,0.0,0.0,0.0,0.0,0.0,0.0,0.0,0.0,0.0,0.5,0.0,0.0,score_exclusive_discount
585492,3,1,5,0,0.3333333333333333,0.0,0.6666666666666666,Middle-age,At Risk,0.0,0.0,2.0,0.125,1.0,1.0,0.0998003992015968,0.0,0.06666666666666667,0.06986027944111776,0.2,0.6666666666666666,0.3466666666666667,0.1075,score_exclusive_discount
585522,1,0,7,0,0.0,0.0,0.5,0,0,0.0,0.0,0.0,0.0,0.0,0.0,0.0,0.0,0.0,0.0,0.0,0.5,0.0,0.0,score_exclusive_discount
585583,2,0,7,2,0.0,0.2857142857142857,0.35714285714285715,Middle-age,Low Spenders,0.0,0.0,2.0,0.2222222222222222,1.0,1.0,0.1019367991845056,0.0,0.06666666666666667,0.07135575942915391,0.2,0.35714285714285715,0.3466666666666667,0.17555555555555552,score_exclusive_discount
585585,2,1,6,6,0.5,1.0,0.25,Middle-age,Champions,0.0,0.29,4.29,0.875,1.0,1.0,0.12106537530266344,0.09666666666666666,0.143,0.0847457627118644,0.2773333333333333,0.25,0.40009999999999996,0.6554,score_free_night_flight
585595,4,0,4,2,0.0,0.5,0.25,Middle-age,High Spenders,0.0,0.5,1.0,0.25,0.5,1.0,0.005623664379709819,0.16666666666666666,0.03333333333333333,0.003936565065796873,0.33333333333333337,0.25,0.17333333333333334,0.185,score_free_checkedbag
585650,4,3,4,1,0.75,0.25,0.75,Middle-age,High Spenders,0.25,0.0,4.5,0.5,1.0,0.5,0.09389671361502347,0.0,0.15,0.06572769953051642,0.1,0.75,0.40499999999999997,0.39499999999999996,score_exclusive_discount
585717,2,1,6,1,0.5,0.16666666666666666,0.6666666666666667,Youth,Low Spenders,0.0,0.0,1.5,0.25,0.5,1.0,0.1303780964797914,0.0,0.05,0.09126466753585398,0.2,0.6666666666666667,0.185,0.19,score_exclusive_discount
585722,2,2,6,1,1.0,0.16666666666666666,0.9166666666666667,Middle-age,Medium Spenders,0.0,0.5,2.0,0.375,1.0,0.6666666666666666,0.09049773755656108,0.16666666666666666,0.06666666666666667,0.06334841628959276,0.26666666666666666,0.9166666666666667,0.3466666666666667,0.2825,score_exclusive_discount
585745,3,1,5,3,0.3333333333333333,0.6,0.3666666666666667,Middle-age,Medium Spenders,0.0,0.0,1.75,0.5,0.75,1.0,0.11098779134295228,0.0,0.058333333333333334,0.07769145394006659,0.2,0.3666666666666667,0.2658333333333333,0.3675,score_free_night_flight
585768,1,0,7,1,0.0,0.14285714285714285,0.4285714285714286,Middle-age,Low Spenders,0.0,1.0,2.0,0.125,1.0,1.0,0.15174506828528073,0.3333333333333333,0.06666666666666667,0.1062215477996965,0.4666666666666667,0.4285714285714286,0.3466666666666667,0.1075,score_free_checkedbag
585832,1,0,7,2,0.0,0.2857142857142857,0.35714285714285715,Middle-age,Low Spenders,0.0,1.0,2.0,0.25,1.0,1.0,0.11750881316098707,0.3333333333333333,0.06666666666666667,0.08225616921269095,0.4666666666666667,0.35714285714285715,0.3466666666666667,0.19499999999999998,score_free_checkedbag
585882,1,1,7,2,1.0,0.2857142857142857,0.8571428571428572,Middle-age,High Spenders,0.0,1.0,6.67,0.375,1.0,0.6666666666666666,0.17761989342806395,0.3333333333333333,0.22233333333333333,0.12433392539964476,0.4,0.8571428571428572,0.45563333333333333,0.32919999999999994,score_exclusive_discount
585915,1,0,7,3,0.0,0.42857142857142855,0.2857142857142857,Middle-age,Medium Spenders,0.0,0.67,1.33,0.375,0.3333333333333333,1.0,0.11904761904761904,0.22333333333333336,0.044333333333333336,0.08333333333333333,0.3786666666666667,0.2857142857142857,0.13103333333333333,0.27579999999999993,score_free_checkedbag
585946,4,1,4,1,0.25,0.25,0.5,Middle-age,Low Spenders,0.0,0.0,3.0,0.25,1.0,0.5,0.12836970474967907,0.0,0.1,0.08985879332477534,0.1,0.5,0.37,0.205,score_exclusive_discount
585965,1,0,7,3,0.0,0.42857142857142855,0.2857142857142857,Middle-age,Medium Spenders,0.0,0.67,3.0,0.375,1.0,1.0,0.09940357852882703,0.22333333333333336,0.1,0.06958250497017891,0.3786666666666667,0.2857142857142857,0.37,0.2925,score_free_checkedbag
585986,3,0,5,1,0.0,0.2,0.4,Middle-age,At Risk,0.0,0.0,1.0,0.125,1.0,1.0,0.08525149190110827,0.0,0.03333333333333333,0.059676044330775786,0.2,0.4,0.3233333333333333,0.09749999999999999,score_exclusive_discount
586006,2,0,6,3,0.0,0.5,0.25,Middle-age,Medium Spenders,0.0,1.0,3.33,0.375,1.0,1.0,0.08396305625524769,0.3333333333333333,0.111,0.05877413937867338,0.4666666666666667,0.25,0.3777,0.29579999999999995,score_free_checkedbag
586038,1,1,7,3,1.0,0.42857142857142855,0.7857142857142857,Youth,Medium Spenders,0.0,0.75,2.25,0.5,1.0,1.0,0.09208103130755065,0.25,0.075,0.06445672191528545,0.4,0.7857142857142857,0.3525,0.3725,score_exclusive_discount
586063,3,1,5,2,0.3333333333333333,0.4,0.4666666666666667,Middle-age,Medium Spenders,0.33,0.0,2.0,0.375,1.0,1.0,0.1019367991845056,0.0,0.06666666666666667,0.07135575942915391,0.2,0.4666666666666667,0.3466666666666667,0.2825,score_exclusive_discount
586077,2,0,6,3,0.0,0.5,0.25,Middle-age,High Spenders,0.0,0.0,2.33,0.375,1.0,1.0,0.12484394506866417,0.0,0.07766666666666668,0.08739076154806491,0.2,0.25,0.35436666666666666,0.28579999999999994,score_free_meal
586096,4,2,4,2,0.5,0.5,0.5,Middle-age,Medium Spenders,0.0,0.33,2.5,0.5,1.0,0.75,0.09737098344693282,0.11,0.08333333333333333,0.06815968841285297,0.23800000000000004,0.5,0.35833333333333334,0.375,score_exclusive_discount
586122,1,0,7,2,0.0,0.2857142857142857,0.35714285714285715,Middle-age,Low Spenders,0.0,0.0,1.5,0.25,1.0,1.0,0.07293946024799416,0.0,0.05,0.05105762217359591,0.2,0.35714285714285715,0.33499999999999996,0.19,score_exclusive_discount
586124,5,1,3,1,0.2,0.3333333333333333,0.43333333333333335,Middle-age,Low Spenders,0.0,1.0,5.0,0.25,1.0,1.0,0.11574074074074073,0.3333333333333333,0.16666666666666666,0.0810185185185185,0.4666666666666667,0.43333333333333335,0.41666666666666663,0.22499999999999998,score_free_checkedbag
586192,3,1,5,2,0.3333333333333333,0.4,0.4666666666666667,Middle-age,At Risk,0.33,1.0,2.0,0.375,0.6666666666666666,1.0,0.1004016064257028,0.3333333333333333,0.06666666666666667,0.07028112449799195,0.4666666666666667,0.4666666666666667,0.24666666666666665,0.2825,score_free_checkedbag
586251,2,2,6,2,1.0,0.3333333333333333,0.8333333333333334,Middle-age,Low Spenders,0.25,1.0,6.5,0.5,0.75,1.0,0.11415525114155252,0.3333333333333333,0.21666666666666667,0.07990867579908675,0.4666666666666667,0.8333333333333334,0.37666666666666665,0.415,score_exclusive_discount
586257,2,0,6,0,0.0,0.0,0.5,0,0,0.0,0.0,0.0,0.0,0.0,0.0,0.0,0.0,0.0,0.0,0.0,0.5,0.0,0.0,score_exclusive_discount
586270,4,1,5,1,0.25,0.2,0.525,Middle-age,Low Spenders,0.0,0.0,4.0,0.2222222222222222,1.0,0.5,0.11337868480725623,0.0,0.13333333333333333,0.07936507936507936,0.1,0.525,0.3933333333333333,0.19555555555555554,score_exclusive_discount
586272,4,1,4,2,0.25,0.5,0.375,Youth,At Risk,0.33,0.0,2.0,0.375,0.6666666666666666,1.0,0.08904719501335707,0.0,0.06666666666666667,0.062333036509349946,0.2,0.375,0.24666666666666665,0.2825,score_exclusive_discount
586312,2,2,6,1,1.0,0.16666666666666666,0.9166666666666667,Middle-age,Medium Spenders,0.0,0.67,1.33,0.375,1.0,1.0,0.09746588693957116,0.22333333333333336,0.044333333333333336,0.0682261208576998,0.3786666666666667,0.9166666666666667,0.33103333333333335,0.27579999999999993,score_exclusive_discount
586344,1,0,7,1,0.0,0.14285714285714285,0.4285714285714286,Youth,At Risk,0.0,0.0,16.0,0.125,1.0,0.0,1.0,0.0,0.5333333333333333,0.7,0.0,0.4285714285714286,0.6733333333333333,0.2475,score_free_cancellation
586357,2,0,6,0,0.0,0.0,0.5,0,0,0.0,0.0,0.0,0.0,0.0,0.0,0.0,0.0,0.0,0.0,0.0,0.5,0.0,0.0,score_exclusive_discount
586384,3,3,5,3,1.0,0.6,0.7,Middle-age,Champions,0.0,0.38,4.33,0.75,0.8333333333333334,0.6666666666666666,0.1072961373390558,0.12666666666666668,0.14433333333333334,0.07510729613733905,0.2346666666666667,0.7,0.3510333333333333,0.5682999999999999,score_exclusive_discount
586458,2,0,6,0,0.0,0.0,0.5,0,0,0.0,0.0,0.0,0.0,0.0,0.0,0.0,0.0,0.0,0.0,0.0,0.5,0.0,0.0,score_exclusive_discount
586471,3,1,5,0,0.3333333333333333,0.0,0.6666666666666666,Middle-age,At Risk,0.0,1.0,1.0,0.125,1.0,1.0,0.21413276231263384,0.3333333333333333,0.03333333333333333,0.14989293361884368,0.4666666666666667,0.6666666666666666,0.3233333333333333,0.09749999999999999,score_exclusive_discount
586631,2,0,6,2,0.0,0.3333333333333333,0.33333333333333337,Middle-age,At Risk,0.0,1.0,0.5,0.25,0.5,1.0,0.09852216748768472,0.3333333333333333,0.016666666666666666,0.0689655172413793,0.4666666666666667,0.33333333333333337,0.16166666666666665,0.18,score_free_checkedbag
586637,2,2,6,2,1.0,0.3333333333333333,0.8333333333333334,Middle-age,Champions,0.0,0.33,4.0,0.5,1.0,0.75,0.08928571428571429,0.11,0.13333333333333333,0.0625,0.23800000000000004,0.8333333333333334,0.3933333333333333,0.38999999999999996,score_exclusive_discount
586644,3,0,5,3,0.0,0.6,0.2,Middle-age,Medium Spenders,0.0,0.0,3.0,0.375,1.0,0.6666666666666666,0.13404825737265416,0.0,0.1,0.0938337801608579,0.13333333333333333,0.2,0.37,0.2925,score_free_meal
586656,2,0,7,1,0.0,0.14285714285714285,0.4285714285714286,Middle-age,Low Spenders,0.0,0.0,6.0,0.1111111111111111,1.0,1.0,0.07818608287724786,0.0,0.2,0.054730258014073496,0.2,0.4285714285714286,0.43999999999999995,0.13777777777777778,score_free_meal
586672,3,2,5,2,0.6666666666666666,0.4,0.6333333333333333,Youth,High Spenders,0.0,0.38,2.25,0.5,0.75,1.0,0.14450867052023122,0.12666666666666668,0.075,0.10115606936416185,0.30133333333333334,0.6333333333333333,0.27749999999999997,0.3725,score_exclusive_discount
586701,3,2,5,2,0.6666666666666666,0.4,0.6333333333333333,Middle-age,High Spenders,0.0,0.33,4.5,0.5,1.0,0.75,0.10090817356205853,0.11,0.15,0.07063572149344097,0.23800000000000004,0.6333333333333333,0.40499999999999997,0.39499999999999996,score_exclusive_discount
586721,2,1,6,1,0.5,0.16666666666666666,0.6666666666666667,0,0,0.0,0.0,0.0,0.0,0.0,0.0,0.0,0.0,0.0,0.0,0.0,0.6666666666666667,0.0,0.0,score_exclusive_discount
586732,1,0,7,4,0.0,0.5714285714285714,0.2142857142857143,Middle-age,Medium Spenders,0.0,1.0,3.75,0.5,1.0,1.0,0.1019367991845056,0.3333333333333333,0.125,0.07135575942915391,0.4666666666666667,0.2142857142857143,0.38749999999999996,0.38749999999999996,score_free_checkedbag
586762,2,1,6,2,0.5,0.3333333333333333,0.5833333333333334,Middle-age,Champions,0.0,0.33,6.33,0.375,1.0,1.0,0.13458950201884254,0.11,0.211,0.09421265141318977,0.28800000000000003,0.5833333333333334,0.4477,0.3258,score_exclusive_discount
586774,1,1,7,2,1.0,0.2857142857142857,0.8571428571428572,Middle-age,Medium Spenders,0.0,0.33,2.0,0.375,1.0,1.0,0.09643201542912247,0.11,0.06666666666666667,0.06750241080038573,0.28800000000000003,0.8571428571428572,0.3466666666666667,0.2825,score_exclusive_discount
586803,5,1,3,0,0.2,0.0,0.6,Middle-age,Low Spenders,0.0,0.0,4.0,0.125,1.0,0.0,1.0,0.0,0.13333333333333333,0.7,0.0,0.6,0.3933333333333333,0.1275,score_free_cancellation
586811,3,0,6,4,0.0,0.6666666666666666,0.16666666666666669,Middle-age,Low Spenders,0.0,0.5,1.0,0.4444444444444444,0.5,1.0,0.010330578512396695,0.16666666666666666,0.03333333333333333,0.007231404958677685,0.33333333333333337,0.16666666666666669,0.17333333333333334,0.32111111111111107,score_free_checkedbag
586820,4,3,4,1,0.75,0.25,0.75,Middle-age,Champions,0.0,0.25,5.25,0.5,0.75,1.0,0.11918951132300357,0.08333333333333333,0.175,0.0834326579261025,0.26666666666666666,0.75,0.3475,0.40249999999999997,score_exclusive_discount
586829,3,0,5,0,0.0,0.0,0.5,0,0,0.0,0.0,0.0,0.0,0.0,0.0,0.0,0.0,0.0,0.0,0.0,0.5,0.0,0.0,score_exclusive_discount
586850,2,0,6,4,0.0,0.6666666666666666,0.16666666666666669,Middle-age,Medium Spenders,0.0,0.5,1.5,0.5,1.0,1.0,0.1044932079414838,0.16666666666666666,0.05,0.07314524555903866,0.33333333333333337,0.16666666666666669,0.33499999999999996,0.365,score_free_night_flight
586876,3,1,5,3,0.3333333333333333,0.6,0.3666666666666667,Middle-age,Champions,0.0,0.67,5.25,0.5,1.0,0.75,0.1322751322751323,0.22333333333333336,0.175,0.0925925925925926,0.3286666666666667,0.3666666666666667,0.4225,0.40249999999999997,score_free_meal
586887,0,0,8,5,0.0,0.625,0.5,Middle-age,Champions,0.0,0.2,1.8,0.625,1.0,1.0,0.11135857461024498,0.06666666666666667,0.060000000000000005,0.07795100222717148,0.25333333333333335,0.5,0.34199999999999997,0.4555,score_exclusive_discount
586936,3,1,5,1,0.3333333333333333,0.2,0.5666666666666667,Middle-age,Champions,0.0,0.33,11.5,0.25,1.0,0.5,0.09302325581395349,0.11,0.38333333333333336,0.06511627906976744,0.188,0.5666666666666667,0.5683333333333334,0.29,score_free_meal
586953,4,1,4,3,0.25,0.75,0.25,Middle-age,Medium Spenders,0.0,0.67,3.0,0.5,0.75,0.75,0.11976047904191617,0.22333333333333336,0.1,0.08383233532934131,0.3286666666666667,0.25,0.295,0.38,score_free_night_flight
587134,4,1,4,0,0.25,0.0,0.625,Middle-age,At Risk,0.0,0.0,1.0,0.125,1.0,1.0,0.1020408163265306,0.0,0.03333333333333333,0.07142857142857141,0.2,0.625,0.3233333333333333,0.09749999999999999,score_exclusive_discount
587195,2,1,6,0,0.5,0.0,0.75,Elderly,At Risk,0.0,0.0,2.0,0.125,1.0,1.0,0.11876484560570072,0.0,0.06666666666666667,0.0831353919239905,0.2,0.75,0.3466666666666667,0.1075,score_exclusive_discount
587233,3,0,5,0,0.0,0.0,0.5,0,0,0.0,0.0,0.0,0.0,0.0,0.0,0.0,0.0,0.0,0.0,0.0,0.5,0.0,0.0,score_exclusive_discount
587234,3,2,6,2,0.6666666666666666,0.3333333333333333,0.6666666666666666,Middle-age,Low Spenders,0.25,0.5,3.5,0.4444444444444444,1.0,1.0,0.11976047904191617,0.16666666666666666,0.11666666666666667,0.08383233532934131,0.33333333333333337,0.6666666666666666,0.38166666666666665,0.34611111111111104,score_exclusive_discount
587304,4,2,4,1,0.5,0.25,0.625,Middle-age,Low Spenders,0.0,1.0,3.0,0.375,1.0,0.6666666666666666,0.1303780964797914,0.3333333333333333,0.1,0.09126466753585398,0.4,0.625,0.37,0.2925,score_exclusive_discount
587313,1,1,7,2,1.0,0.2857142857142857,0.8571428571428572,Middle-age,Champions,0.0,0.0,9.67,0.375,1.0,0.3333333333333333,0.14641288433382138,0.0,0.3223333333333333,0.10248901903367497,0.06666666666666667,0.8571428571428572,0.5256333333333333,0.35919999999999996,score_exclusive_discount
587373,2,1,6,4,0.5,0.6666666666666666,0.4166666666666667,Middle-age,Champions,0.0,0.42,6.6,0.625,1.0,0.8,0.16474464579901152,0.13999999999999999,0.22,0.11532125205930806,0.272,0.4166666666666667,0.45399999999999996,0.5035000000000001,score_free_night_flight
587459,1,0,7,4,0.0,0.5714285714285714,0.2142857142857143,Middle-age,Low Spenders,0.0,0.25,0.5,0.5,0.5,1.0,0.13812154696132597,0.08333333333333333,0.016666666666666666,0.09668508287292818,0.26666666666666666,0.2142857142857143,0.16166666666666665,0.355,score_free_night_flight
587470,4,1,4,0,0.25,0.0,0.625,Middle-age,At Risk,0.0,0.0,6.0,0.125,1.0,1.0,0.12738853503184713,0.0,0.2,0.08917197452229299,0.2,0.625,0.43999999999999995,0.1475,score_exclusive_discount
587483,4,2,4,2,0.5,0.5,0.5,Middle-age,High Spenders,0.0,0.33,3.0,0.5,0.75,0.75,0.14749262536873156,0.11,0.1,0.10324483775811209,0.23800000000000004,0.5,0.295,0.38,score_exclusive_discount
587538,2,1,7,2,0.5,0.2857142857142857,0.6071428571428572,Middle-age,High Spenders,0.0,0.0,2.33,0.3333333333333333,0.6666666666666666,0.6666666666666666,0.10309278350515465,0.0,0.07766666666666668,0.07216494845360825,0.13333333333333333,0.6071428571428572,0.25436666666666663,0.2566333333333333,score_exclusive_discount
587577,2,0,6,2,0.0,0.3333333333333333,0.33333333333333337,Middle-age,Medium Spenders,0.0,0.0,3.5,0.25,1.0,0.5,0.14084507042253522,0.0,0.11666666666666667,0.09859154929577464,0.1,0.33333333333333337,0.38166666666666665,0.21,score_free_meal
587601,4,0,4,0,0.0,0.0,0.5,0,0,0.0,0.0,0.0,0.0,0.0,0.0,0.0,0.0,0.0,0.0,0.0,0.5,0.0,0.0,score_exclusive_discount
587642,5,0,3,0,0.0,0.0,0.5,0,0,0.0,0.0,0.0,0.0,0.0,0.0,0.0,0.0,0.0,0.0,0.0,0.5,0.0,0.0,score_exclusive_discount
587675,2,1,6,2,0.5,0.3333333333333333,0.5833333333333334,Middle-age,Medium Spenders,0.33,1.0,7.0,0.375,0.6666666666666666,1.0,0.10604453870625663,0.3333333333333333,0.23333333333333334,0.07423117709437964,0.4666666666666667,0.5833333333333334,0.3633333333333333,0.33249999999999996,score_exclusive_discount
587698,1,0,8,1,0.0,0.125,0.4375,Youth,At Risk,0.0,0.0,2.0,0.1111111111111111,1.0,1.0,0.16501650165016502,0.0,0.06666666666666667,0.11551155115511551,0.2,0.4375,0.3466666666666667,0.09777777777777777,score_exclusive_discount
587753,3,0,5,1,0.0,0.2,0.4,Elderly,At Risk,0.0,0.0,2.0,0.125,1.0,0.0,1.0,0.0,0.06666666666666667,0.7,0.0,0.4,0.3466666666666667,0.1075,score_free_cancellation
587754,5,1,4,2,0.2,0.5,0.35,Middle-age,At Risk,0.33,0.0,1.0,0.3333333333333333,0.6666666666666666,1.0,0.09363295880149813,0.0,0.03333333333333333,0.0655430711610487,0.2,0.35,0.22333333333333333,0.24333333333333332,score_exclusive_discount
587802,2,1,7,1,0.5,0.14285714285714285,0.6785714285714286,Middle-age,High Spenders,0.0,0.5,9.5,0.2222222222222222,1.0,1.0,0.141643059490085,0.16666666666666666,0.31666666666666665,0.09915014164305949,0.33333333333333337,0.6785714285714286,0.5216666666666666,0.25055555555555553,score_exclusive_discount
587810,1,1,7,2,1.0,0.2857142857142857,0.8571428571428572,Middle-age,High Spenders,0.0,0.5,2.67,0.375,0.6666666666666666,1.0,0.17452006980802792,0.16666666666666666,0.089,0.12216404886561953,0.33333333333333337,0.8571428571428572,0.2623,0.28919999999999996,score_exclusive_discount
587899,1,0,7,2,0.0,0.2857142857142857,0.35714285714285715,Middle-age,Medium Spenders,0.0,0.0,1.0,0.25,1.0,1.0,0.11123470522803114,0.0,0.03333333333333333,0.07786429365962179,0.2,0.35714285714285715,0.3233333333333333,0.185,score_exclusive_discount
588013,2,0,6,1,0.0,0.16666666666666666,0.4166666666666667,Middle-age,High Spenders,0.0,0.0,6.0,0.125,1.0,1.0,0.10362694300518134,0.0,0.2,0.07253886010362694,0.2,0.4166666666666667,0.43999999999999995,0.1475,score_free_meal
588048,3,1,5,2,0.3333333333333333,0.4,0.4666666666666667,Middle-age,Low Spenders,0.0,1.33,0.67,0.375,0.3333333333333333,1.0,0.10672358591248667,0.44333333333333336,0.022333333333333334,0.07470651013874066,0.5546666666666666,0.4666666666666667,0.11563333333333332,0.26919999999999994,score_free_checkedbag
588103,1,1,7,5,1.0,0.7142857142857143,0.6428571428571428,Middle-age,Champions,0.0,0.83,1.33,0.75,0.8333333333333334,1.0,0.12919896640826872,0.27666666666666667,0.044333333333333336,0.0904392764857881,0.42133333333333334,0.6428571428571428,0.28103333333333336,0.5382999999999999,score_exclusive_discount
588313,1,0,7,1,0.0,0.14285714285714285,0.4285714285714286,Youth,Low Spenders,0.0,1.0,2.0,0.125,1.0,1.0,0.10604453870625663,0.3333333333333333,0.06666666666666667,0.07423117709437964,0.4666666666666667,0.4285714285714286,0.3466666666666667,0.1075,score_free_checkedbag
588355,2,0,6,3,0.0,0.5,0.25,Middle-age,Champions,0.0,0.44,2.0,0.375,1.0,1.0,0.10976948408342481,0.14666666666666667,0.06666666666666667,0.07683863885839737,0.31733333333333336,0.25,0.3466666666666667,0.2825,score_free_meal
588370,4,3,4,1,0.75,0.25,0.75,Middle-age,Champions,0.0,1.0,4.5,0.5,0.75,0.5,0.1295336787564767,0.3333333333333333,0.15,0.09067357512953368,0.3666666666666667,0.75,0.32999999999999996,0.39499999999999996,score_exclusive_discount
588386,0,0,8,2,0.0,0.25,0.5,Middle-age,High Spenders,0.0,1.0,6.0,0.25,1.0,1.0,0.007546030787805614,0.3333333333333333,0.2,0.005282221551463929,0.4666666666666667,0.5,0.43999999999999995,0.235,score_exclusive_discount
588391,1,1,7,1,1.0,0.14285714285714285,0.9285714285714286,Middle-age,Medium Spenders,0.0,0.5,4.0,0.25,1.0,1.0,0.13908205841446453,0.16666666666666666,0.13333333333333333,0.09735744089012516,0.33333333333333337,0.9285714285714286,0.3933333333333333,0.215,score_exclusive_discount
588414,4,1,4,2,0.25,0.5,0.375,Middle-age,Champions,0.0,0.0,5.33,0.375,1.0,1.0,0.13755158184319122,0.0,0.17766666666666667,0.09628610729023385,0.2,0.375,0.42436666666666667,0.31579999999999997,score_free_meal
588497,0,0,8,1,0.0,0.125,0.5,Youth,Low Spenders,0.0,0.0,5.0,0.125,1.0,1.0,0.2159827213822894,0.0,0.16666666666666666,0.15118790496760257,0.2,0.5,0.41666666666666663,0.13749999999999998,score_exclusive_discount
588507,2,1,6,2,0.5,0.3333333333333333,0.5833333333333334,Middle-age,Champions,0.0,0.25,11.67,0.375,1.0,0.6666666666666666,0.011191941801902631,0.08333333333333333,0.389,0.007834359261331842,0.2,0.5833333333333334,0.5723,0.3792,score_exclusive_discount
588526,1,0,7,0,0.0,0.0,0.5,0,0,0.0,0.0,0.0,0.0,0.0,0.0,0.0,0.0,0.0,0.0,0.0,0.5,0.0,0.0,score_exclusive_discount
588560,2,0,6,0,0.0,0.0,0.5,0,0,0.0,0.0,0.0,0.0,0.0,0.0,0.0,0.0,0.0,0.0,0.0,0.5,0.0,0.0,score_exclusive_discount
588582,3,0,5,2,0.0,0.4,0.3,Middle-age,High Spenders,0.0,0.25,1.0,0.25,1.0,1.0,0.10460251046025104,0.08333333333333333,0.03333333333333333,0.07322175732217573,0.26666666666666666,0.3,0.3233333333333333,0.185,score_free_meal
588677,2,1,6,2,0.5,0.3333333333333333,0.5833333333333334,Middle-age,Low Spenders,0.0,0.33,1.33,0.375,1.0,1.0,0.111731843575419,0.11,0.044333333333333336,0.0782122905027933,0.28800000000000003,0.5833333333333334,0.33103333333333335,0.27579999999999993,score_exclusive_discount
588732,2,2,6,1,1.0,0.16666666666666666,0.9166666666666667,Middle-age,Medium Spenders,0.0,0.33,1.33,0.375,0.6666666666666666,1.0,0.1145475372279496,0.11,0.044333333333333336,0.08018327605956471,0.28800000000000003,0.9166666666666667,0.2310333333333333,0.27579999999999993,score_exclusive_discount
588797,4,2,4,2,0.5,0.5,0.5,Middle-age,Champions,0.25,0.88,1.5,0.5,1.0,1.0,0.11806375442739081,0.29333333333333333,0.05,0.08264462809917356,0.4346666666666667,0.5,0.33499999999999996,0.365,score_exclusive_discount
588820,3,2,5,2,0.6666666666666666,0.4,0.6333333333333333,Middle-age,High Spenders,0.0,0.75,3.5,0.5,1.0,1.0,0.09140767824497258,0.25,0.11666666666666667,0.0639853747714808,0.4,0.6333333333333333,0.38166666666666665,0.38499999999999995,score_exclusive_discount
588893,4,2,4,0,0.5,0.0,0.75,Middle-age,Low Spenders,0.0,0.5,2.0,0.25,1.0,1.0,0.1016260162601626,0.16666666666666666,0.06666666666666667,0.07113821138211382,0.33333333333333337,0.75,0.3466666666666667,0.19499999999999998,score_exclusive_discount
588919,3,1,5,1,0.3333333333333333,0.2,0.5666666666666667,Middle-age,Low Spenders,0.0,2.0,5.0,0.25,1.0,0.5,0.09633911368015413,0.6666666666666666,0.16666666666666666,0.06743737957610789,0.6333333333333333,0.5666666666666667,0.41666666666666663,0.22499999999999998,score_free_checkedbag
588970,3,1,5,2,0.3333333333333333,0.4,0.4666666666666667,Youth,High Spenders,0.0,0.0,9.67,0.375,1.0,0.0,1.0,0.0,0.3223333333333333,0.7,0.0,0.4666666666666667,0.5256333333333333,0.35919999999999996,score_free_cancellation
589008,2,0,7,0,0.0,0.0,0.5,0,0,0.0,0.0,0.0,0.0,0.0,0.0,0.0,0.0,0.0,0.0,0.0,0.5,0.0,0.0,score_exclusive_discount
589121,2,1,7,2,0.5,0.2857142857142857,0.6071428571428572,Youth,Low Spenders,0.0,1.0,1.67,0.3333333333333333,1.0,0.6666666666666666,0.14388489208633093,0.3333333333333333,0.05566666666666666,0.10071942446043164,0.4,0.6071428571428572,0.33896666666666664,0.25003333333333333,score_exclusive_discount
589140,1,0,7,1,0.0,0.14285714285714285,0.4285714285714286,Middle-age,Low Spenders,0.0,0.0,1.0,0.125,1.0,1.0,0.11695906432748537,0.0,0.03333333333333333,0.08187134502923976,0.2,0.4285714285714286,0.3233333333333333,0.09749999999999999,score_exclusive_discount
589154,2,1,6,3,0.5,0.5,0.5,Middle-age,Champions,0.0,0.33,13.25,0.5,1.0,0.75,0.15360983102918588,0.11,0.44166666666666665,0.10752688172043011,0.23800000000000004,0.5,0.6091666666666666,0.48249999999999993,score_free_meal
589162,3,1,6,2,0.3333333333333333,0.3333333333333333,0.5,Middle-age,High Spenders,0.0,0.0,4.33,0.3333333333333333,1.0,1.0,0.11574074074074073,0.0,0.14433333333333334,0.0810185185185185,0.2,0.5,0.40103333333333335,0.2766333333333333,score_exclusive_discount
589164,1,0,7,4,0.0,0.5714285714285714,0.2142857142857143,Middle-age,Champions,0.0,0.25,5.0,0.5,1.0,1.0,0.14326647564469913,0.08333333333333333,0.16666666666666666,0.10028653295128939,0.26666666666666666,0.2142857142857143,0.41666666666666663,0.39999999999999997,score_free_meal
589171,1,0,9,1,0.0,0.1111111111111111,0.4444444444444444,Middle-age,Low Spenders,0.0,0.0,5.0,0.1,1.0,1.0,0.20746887966804978,0.0,0.16666666666666666,0.14522821576763484,0.2,0.4444444444444444,0.41666666666666663,0.12,score_exclusive_discount
589228,5,3,3,2,0.6,0.6666666666666666,0.4666666666666667,Middle-age,Medium Spenders,0.2,0.0,2.33,0.625,1.0,1.0,0.1383125864453665,0.0,0.07766666666666668,0.09681881051175655,0.2,0.4666666666666667,0.35436666666666666,0.4608,score_exclusive_discount
589259,2,0,6,2,0.0,0.3333333333333333,0.33333333333333337,Middle-age,Medium Spenders,0.0,2.0,4.0,0.25,1.0,0.5,0.11235955056179775,0.6666666666666666,0.13333333333333333,0.07865168539325842,0.6333333333333333,0.33333333333333337,0.3933333333333333,0.215,score_free_checkedbag
589306,2,1,6,3,0.5,0.5,0.5,Middle-age,Medium Spenders,0.0,0.75,2.5,0.5,1.0,1.0,0.12484394506866417,0.25,0.08333333333333333,0.08739076154806491,0.4,0.5,0.35833333333333334,0.375,score_exclusive_discount
589311,1,1,7,3,1.0,0.42857142857142855,0.7857142857142857,Middle-age,High Spenders,0.0,0.5,4.0,0.5,0.75,0.5,0.11299435028248588,0.16666666666666666,0.13333333333333333,0.0790960451977401,0.23333333333333334,0.7857142857142857,0.3183333333333333,0.38999999999999996,score_exclusive_discount
589404,3,1,5,4,0.3333333333333333,0.8,0.2666666666666666,Middle-age,High Spenders,0.2,0.0,7.0,0.625,1.0,0.6,0.08605851979345956,0.0,0.23333333333333334,0.060240963855421686,0.12,0.2666666666666666,0.4633333333333333,0.5075,score_free_night_flight
589405,3,0,5,2,0.0,0.4,0.3,Middle-age,Low Spenders,0.0,1.0,2.5,0.25,1.0,0.5,0.14970059880239522,0.3333333333333333,0.08333333333333333,0.10479041916167665,0.3666666666666667,0.3,0.35833333333333334,0.19999999999999998,score_free_checkedbag
589414,6,1,2,0,0.16666666666666666,0.0,0.5833333333333334,Middle-age,At Risk,0.0,1.0,1.0,0.125,1.0,1.0,0.1288659793814433,0.3333333333333333,0.03333333333333333,0.09020618556701031,0.4666666666666667,0.5833333333333334,0.3233333333333333,0.09749999999999999,score_exclusive_discount
589489,7,6,1,1,0.8571428571428571,1.0,0.42857142857142855,Middle-age,Champions,0.0,0.33,2.86,0.875,0.8571428571428571,0.8571428571428571,0.12987012987012986,0.11,0.09533333333333333,0.0909090909090909,0.25942857142857145,0.42857142857142855,0.32387619047619043,0.6410999999999999,score_free_night_flight
589539,1,0,7,2,0.0,0.2857142857142857,0.35714285714285715,Youth,Champions,0.0,0.0,10.0,0.25,1.0,0.0,1.0,0.0,0.3333333333333333,0.7,0.0,0.35714285714285715,0.5333333333333333,0.27499999999999997,score_free_cancellation
589630,5,1,3,3,0.2,1.0,0.09999999999999998,Middle-age,Champions,0.0,0.0,5.0,0.5,0.75,0.75,0.12836970474967907,0.0,0.16666666666666666,0.08985879332477534,0.15000000000000002,0.09999999999999998,0.3416666666666666,0.39999999999999997,score_free_night_flight
589650,3,1,5,2,0.3333333333333333,0.4,0.4666666666666667,Middle-age,Medium Spenders,0.0,0.25,1.67,0.375,1.0,0.6666666666666666,0.08880994671403197,0.08333333333333333,0.05566666666666666,0.06216696269982238,0.2,0.4666666666666667,0.33896666666666664,0.27919999999999995,score_exclusive_discount
589758,2,2,6,3,1.0,0.5,0.75,Middle-age,High Spenders,0.0,0.5,2.2,0.625,1.0,0.8,0.10964912280701755,0.16666666666666666,0.07333333333333333,0.07675438596491228,0.29333333333333333,0.75,0.35133333333333333,0.4595,score_exclusive_discount
589775,4,1,4,2,0.25,0.5,0.375,Middle-age,Low Spenders,0.0,0.5,2.0,0.375,1.0,0.6666666666666666,0.10822510822510822,0.16666666666666666,0.06666666666666667,0.07575757575757575,0.26666666666666666,0.375,0.3466666666666667,0.2825,score_exclusive_discount
589812,3,1,5,0,0.3333333333333333,0.0,0.6666666666666666,Middle-age,Low Spenders,0.0,1.0,1.0,0.125,1.0,1.0,0.17035775127768313,0.3333333333333333,0.03333333333333333,0.11925042589437818,0.4666666666666667,0.6666666666666666,0.3233333333333333,0.09749999999999999,score_exclusive_discount
589822,0,0,8,0,0.0,0.0,0.5,0,0,0.0,0.0,0.0,0.0,0.0,0.0,0.0,0.0,0.0,0.0,0.0,0.5,0.0,0.0,score_exclusive_discount
589868,1,0,7,3,0.0,0.42857142857142855,0.2857142857142857,Middle-age,Medium Spenders,0.0,0.5,1.33,0.375,1.0,0.6666666666666666,0.10152284263959391,0.16666666666666666,0.044333333333333336,0.07106598984771573,0.26666666666666666,0.2857142857142857,0.33103333333333335,0.27579999999999993,score_free_meal
589884,2,0,6,3,0.0,0.5,0.25,Youth,Low Spenders,0.0,1.5,4.67,0.375,0.6666666666666666,0.6666666666666666,0.16,0.5,0.15566666666666668,0.11199999999999999,0.5333333333333333,0.25,0.30896666666666667,0.3092,score_free_checkedbag
589977,4,2,4,2,0.5,0.5,0.5,Middle-age,Medium Spenders,0.0,0.5,2.5,0.5,1.0,1.0,0.11904761904761904,0.16666666666666666,0.08333333333333333,0.08333333333333333,0.33333333333333337,0.5,0.35833333333333334,0.375,score_exclusive_discount
589995,6,2,2,1,0.3333333333333333,0.5,0.41666666666666663,Middle-age,Low Spenders,0.0,1.0,0.67,0.375,0.6666666666666666,1.0,0.11682242990654207,0.3333333333333333,0.022333333333333334,0.08177570093457945,0.4666666666666667,0.41666666666666663,0.21563333333333332,0.26919999999999994,score_free_checkedbag
590014,3,1,5,0,0.3333333333333333,0.0,0.6666666666666666,Youth,At Risk,0.0,0.0,1.0,0.125,1.0,1.0,0.11402508551881414,0.0,0.03333333333333333,0.07981755986316989,0.2,0.6666666666666666,0.3233333333333333,0.09749999999999999,score_exclusive_discount
590040,3,1,5,5,0.3333333333333333,1.0,0.16666666666666663,Middle-age,Champions,0.0,0.6,3.83,0.75,0.8333333333333334,0.8333333333333334,0.1251564455569462,0.19999999999999998,0.12766666666666668,0.08760951188986232,0.32666666666666666,0.16666666666666663,0.33936666666666665,0.5632999999999999,score_free_night_flight
590077,5,4,3,0,0.8,0.0,0.9,Middle-age,Low Spenders,0.25,0.5,2.0,0.5,1.0,1.0,0.117096018735363,0.16666666666666666,0.06666666666666667,0.08196721311475409,0.33333333333333337,0.9,0.3466666666666667,0.37,score_exclusive_discount
590095,2,0,6,1,0.0,0.16666666666666666,0.4166666666666667,Middle-age,High Spenders,0.0,1.0,8.0,0.125,1.0,1.0,0.11135857461024498,0.3333333333333333,0.26666666666666666,0.07795100222717148,0.4666666666666667,0.4166666666666667,0.48666666666666664,0.16749999999999998,score_free_meal
590103,3,0,6,3,0.0,0.5,0.25,Middle-age,Low Spenders,0.0,0.33,2.0,0.3333333333333333,1.0,1.0,0.13793103448275862,0.11,0.06666666666666667,0.09655172413793103,0.28800000000000003,0.25,0.3466666666666667,0.2533333333333333,score_free_meal
590123,2,0,6,1,0.0,0.16666666666666666,0.4166666666666667,Middle-age,Champions,0.0,0.5,12.0,0.125,1.0,1.0,0.008825346394845997,0.16666666666666666,0.4,0.006177742476392198,0.33333333333333337,0.4166666666666667,0.58,0.2075,score_free_meal
590130,3,1,5,1,0.3333333333333333,0.2,0.5666666666666667,Middle-age,Low Spenders,0.0,0.0,1.0,0.25,1.0,1.0,0.0847457627118644,0.0,0.03333333333333333,0.05932203389830508,0.2,0.5666666666666667,0.3233333333333333,0.185,score_exclusive_discount
590163,3,2,6,2,0.6666666666666666,0.3333333333333333,0.6666666666666666,Middle-age,High Spenders,0.0,0.0,3.5,0.4444444444444444,1.0,0.75,0.13003901170351104,0.0,0.11666666666666667,0.09102730819245772,0.15000000000000002,0.6666666666666666,0.38166666666666665,0.34611111111111104,score_exclusive_discount
590202,2,1,6,3,0.5,0.5,0.5,Middle-age,Champions,0.0,0.38,2.25,0.5,1.0,1.0,0.10764262648008613,0.12666666666666668,0.075,0.07534983853606028,0.30133333333333334,0.5,0.3525,0.3725,score_exclusive_discount
590227,2,2,6,0,1.0,0.0,1.0,Middle-age,High Spenders,0.0,1.0,3.0,0.25,1.0,1.0,0.11001100110011001,0.3333333333333333,0.1,0.077007700770077,0.4666666666666667,1.0,0.37,0.205,score_exclusive_discount
590230,2,1,6,3,0.5,0.5,0.5,Middle-age,Medium Spenders,0.25,1.0,2.5,0.5,1.0,1.0,0.11037527593818984,0.3333333333333333,0.08333333333333333,0.07726269315673288,0.4666666666666667,0.5,0.35833333333333334,0.375,score_exclusive_discount
590379,0,0,8,4,0.0,0.5,0.5,Middle-age,Champions,0.0,0.12,2.25,0.5,1.0,1.0,0.10526315789473684,0.04,0.075,0.07368421052631578,0.232,0.5,0.3525,0.3725,score_exclusive_discount
590394,4,1,4,1,0.25,0.25,0.5,Middle-age,Low Spenders,0.0,0.0,2.5,0.25,1.0,0.5,0.11682242990654207,0.0,0.08333333333333333,0.08177570093457945,0.1,0.5,0.35833333333333334,0.19999999999999998,score_exclusive_discount
590397,4,0,4,2,0.0,0.5,0.25,Youth,Medium Spenders,0.0,0.0,11.5,0.25,1.0,0.0,1.0,0.0,0.38333333333333336,0.7,0.0,0.25,0.5683333333333334,0.29,score_free_cancellation
590400,4,2,4,2,0.5,0.5,0.5,Middle-age,High Spenders,0.0,1.0,3.5,0.5,1.0,0.75,0.13071895424836602,0.3333333333333333,0.11666666666666667,0.0915032679738562,0.4166666666666667,0.5,0.38166666666666665,0.38499999999999995,score_exclusive_discount
590404,3,2,5,2,0.6666666666666666,0.4,0.6333333333333333,Middle-age,Champions,0.0,0.38,3.25,0.5,1.0,1.0,0.12484394506866417,0.12666666666666668,0.10833333333333334,0.08739076154806491,0.30133333333333334,0.6333333333333333,0.37583333333333335,0.38249999999999995,score_exclusive_discount
590412,4,0,4,1,0.0,0.25,0.375,Middle-age,Low Spenders,0.0,1.0,2.0,0.125,1.0,1.0,0.16611295681063123,0.3333333333333333,0.06666666666666667,0.11627906976744186,0.4666666666666667,0.375,0.3466666666666667,0.1075,score_free_checkedbag
590420,2,2,6,4,1.0,0.6666666666666666,0.6666666666666667,Youth,High Spenders,0.17,0.5,3.75,0.75,1.0,0.6666666666666666,0.13793103448275862,0.16666666666666666,0.125,0.09655172413793103,0.26666666666666666,0.6666666666666667,0.38749999999999996,0.5624999999999999,score_exclusive_discount
590429,2,1,6,2,0.5,0.3333333333333333,0.5833333333333334,Middle-age,Medium Spenders,0.0,0.17,0.67,0.375,0.3333333333333333,1.0,0.11467889908256883,0.05666666666666667,0.022333333333333334,0.08027522935779817,0.24533333333333335,0.5833333333333334,0.11563333333333332,0.26919999999999994,score_exclusive_discount
590434,1,0,7,3,0.0,0.42857142857142855,0.2857142857142857,Middle-age,High Spenders,0.0,1.0,1.67,0.375,0.6666666666666666,1.0,0.11363636363636363,0.3333333333333333,0.05566666666666666,0.07954545454545454,0.4666666666666667,0.2857142857142857,0.23896666666666666,0.27919999999999995,score_free_checkedbag
590442,0,0,8,4,0.0,0.5,0.5,Middle-age,Medium Spenders,0.0,0.0,2.75,0.5,1.0,1.0,0.12285012285012284,0.0,0.09166666666666666,0.08599508599508598,0.2,0.5,0.36416666666666664,0.37749999999999995,score_exclusive_discount
590468,3,1,5,1,0.3333333333333333,0.2,0.5666666666666667,Youth,At Risk,0.0,1.0,5.5,0.25,0.5,0.5,0.10319917440660475,0.3333333333333333,0.18333333333333332,0.07223942208462332,0.3666666666666667,0.5666666666666667,0.2783333333333333,0.22999999999999998,score_exclusive_discount
590471,3,0,7,4,0.0,0.5714285714285714,0.2142857142857143,Middle-age,Champions,0.0,0.5,0.5,0.4,0.5,1.0,0.0142025280499929,0.16666666666666666,0.016666666666666666,0.009941769634995028,0.33333333333333337,0.2142857142857143,0.16166666666666665,0.285,score_free_checkedbag
590473,3,0,5,2,0.0,0.4,0.3,Middle-age,Low Spenders,0.0,0.0,0.5,0.25,0.5,1.0,0.09319664492078285,0.0,0.016666666666666666,0.06523765144454799,0.2,0.3,0.16166666666666665,0.18,score_exclusive_discount
590558,3,2,6,1,0.6666666666666666,0.16666666666666666,0.75,Middle-age,Champions,0.0,1.0,5.0,0.3333333333333333,1.0,0.3333333333333333,0.12738853503184713,0.3333333333333333,0.16666666666666666,0.08917197452229299,0.3333333333333333,0.75,0.41666666666666663,0.2833333333333333,score_exclusive_discount
590659,2,0,6,1,0.0,0.16666666666666666,0.4166666666666667,Middle-age,At Risk,0.0,0.0,4.0,0.125,1.0,0.0,1.0,0.0,0.13333333333333333,0.7,0.0,0.4166666666666667,0.3933333333333333,0.1275,score_free_cancellation
590697,4,1,4,2,0.25,0.5,0.375,Middle-age,High Spenders,0.0,0.0,4.33,0.375,1.0,0.3333333333333333,0.16129032258064516,0.0,0.14433333333333334,0.1129032258064516,0.06666666666666667,0.375,0.40103333333333335,0.30579999999999996,score_free_meal
590744,2,0,6,1,0.0,0.16666666666666666,0.4166666666666667,Youth,Low Spenders,0.0,0.0,3.0,0.125,1.0,1.0,0.1092896174863388,0.0,0.1,0.07650273224043715,0.2,0.4166666666666667,0.37,0.1175,score_exclusive_discount
590829,0,0,8,3,0.0,0.375,0.5,Middle-age,Low Spenders,0.0,1.0,3.0,0.375,1.0,0.6666666666666666,0.14727540500736377,0.3333333333333333,0.1,0.10309278350515463,0.4,0.5,0.37,0.2925,score_exclusive_discount
590843,0,0,8,2,0.0,0.25,0.5,Middle-age,High Spenders,0.0,0.0,12.0,0.25,1.0,0.0,1.0,0.0,0.4,0.7,0.0,0.5,0.58,0.295,score_free_cancellation
590905,4,2,4,2,0.5,0.5,0.5,Middle-age,High Spenders,0.0,0.22,3.0,0.5,1.0,0.75,0.12004801920768307,0.07333333333333333,0.1,0.08403361344537814,0.2086666666666667,0.5,0.37,0.38,score_exclusive_discount
590922,3,1,6,2,0.3333333333333333,0.3333333333333333,0.5,Elderly,High Spenders,0.0,0.0,4.67,0.3333333333333333,1.0,1.0,0.14245014245014245,0.0,0.15566666666666668,0.09971509971509972,0.2,0.5,0.40896666666666665,0.2800333333333333,score_exclusive_discount
590954,3,1,5,2,0.3333333333333333,0.4,0.4666666666666667,Middle-age,High Spenders,0.0,0.5,2.33,0.375,1.0,1.0,0.11560693641618497,0.16666666666666666,0.07766666666666668,0.08092485549132947,0.33333333333333337,0.4666666666666667,0.35436666666666666,0.28579999999999994,score_exclusive_discount
590967,2,1,7,4,0.5,0.5714285714285714,0.4642857142857143,Middle-age,High Spenders,0.0,0.4,4.2,0.5555555555555556,1.0,1.0,0.11415525114155252,0.13333333333333333,0.14,0.07990867579908675,0.3066666666666667,0.4642857142857143,0.398,0.4308888888888889,score_exclusive_discount
590981,2,0,6,3,0.0,0.5,0.25,Middle-age,High Spenders,0.0,1.0,2.67,0.375,1.0,0.6666666666666666,0.11918951132300357,0.3333333333333333,0.089,0.0834326579261025,0.4,0.25,0.36229999999999996,0.28919999999999996,score_free_checkedbag
591003,1,1,7,3,1.0,0.42857142857142855,0.7857142857142857,Middle-age,High Spenders,0.0,0.75,3.0,0.5,0.75,1.0,0.09970089730807578,0.25,0.1,0.06979062811565305,0.4,0.7857142857142857,0.295,0.38,score_exclusive_discount
591063,3,1,5,2,0.3333333333333333,0.4,0.4666666666666667,Middle-age,At Risk,0.33,1.0,0.0,0.375,0.3333333333333333,1.0,0.12690355329949238,0.3333333333333333,0.0,0.08883248730964466,0.4666666666666667,0.4666666666666667,0.09999999999999999,0.26249999999999996,score_free_checkedbag
591097,2,1,6,3,0.5,0.5,0.5,Middle-age,Medium Spenders,0.0,0.67,1.5,0.5,1.0,0.75,0.1231527093596059,0.22333333333333336,0.05,0.08620689655172413,0.3286666666666667,0.5,0.33499999999999996,0.365,score_exclusive_discount
591155,3,2,5,0,0.6666666666666666,0.0,0.8333333333333333,Middle-age,Low Spenders,0.0,1.0,3.5,0.25,1.0,0.5,0.14925373134328357,0.3333333333333333,0.11666666666666667,0.10447761194029849,0.3666666666666667,0.8333333333333333,0.38166666666666665,0.21,score_exclusive_discount
591255,2,0,6,1,0.0,0.16666666666666666,0.4166666666666667,Middle-age,At Risk,0.0,1.0,3.0,0.125,1.0,1.0,0.14450867052023122,0.3333333333333333,0.1,0.10115606936416185,0.4666666666666667,0.4166666666666667,0.37,0.1175,score_free_checkedbag
591271,2,0,7,0,0.0,0.0,0.5,0,0,0.0,0.0,0.0,0.0,0.0,0.0,0.0,0.0,0.0,0.0,0.0,0.5,0.0,0.0,score_exclusive_discount
591328,2,0,6,0,0.0,0.0,0.5,0,0,0.0,0.0,0.0,0.0,0.0,0.0,0.0,0.0,0.0,0.0,0.0,0.5,0.0,0.0,score_exclusive_discount
591381,0,0,8,2,0.0,0.25,0.5,Youth,Champions,0.0,1.0,6.0,0.25,1.0,0.5,0.09487666034155598,0.3333333333333333,0.2,0.06641366223908918,0.3666666666666667,0.5,0.43999999999999995,0.235,score_exclusive_discount
591433,1,1,7,4,1.0,0.5714285714285714,0.7142857142857143,Middle-age,High Spenders,0.0,0.7,3.2,0.625,1.0,1.0,0.08244023083264633,0.2333333333333333,0.10666666666666667,0.05770816158285243,0.38666666666666666,0.7142857142857143,0.37466666666666665,0.46950000000000003,score_exclusive_discount
591478,2,1,6,1,0.5,0.16666666666666666,0.6666666666666667,Youth,Medium Spenders,0.0,0.0,8.5,0.25,1.0,0.0,1.0,0.0,0.2833333333333333,0.7,0.0,0.6666666666666667,0.4983333333333333,0.26,score_free_cancellation
591582,3,2,5,3,0.6666666666666666,0.6,0.5333333333333333,Middle-age,Champions,0.2,0.44,4.0,0.625,1.0,1.0,0.14124293785310735,0.14666666666666667,0.13333333333333333,0.09887005649717513,0.31733333333333336,0.5333333333333333,0.3933333333333333,0.4775,score_exclusive_discount
591593,4,2,4,0,0.5,0.0,0.75,Youth,High Spenders,0.0,0.25,2.5,0.25,1.0,1.0,0.008616232982939858,0.08333333333333333,0.08333333333333333,0.0060313630880579,0.26666666666666666,0.75,0.35833333333333334,0.19999999999999998,score_exclusive_discount
591599,2,1,6,1,0.5,0.16666666666666666,0.6666666666666667,Middle-age,Low Spenders,0.0,1.0,2.5,0.25,1.0,1.0,0.1607717041800643,0.3333333333333333,0.08333333333333333,0.11254019292604502,0.4666666666666667,0.6666666666666667,0.35833333333333334,0.19999999999999998,score_exclusive_discount
591714,1,1,7,5,1.0,0.7142857142857143,0.6428571428571428,Middle-age,High Spenders,0.0,0.5,1.83,0.75,0.8333333333333334,0.8333333333333334,0.15037593984962405,0.16666666666666666,0.061000000000000006,0.10526315789473684,0.30000000000000004,0.6428571428571428,0.2927,0.5432999999999999,score_exclusive_discount
591746,3,1,5,2,0.3333333333333333,0.4,0.4666666666666667,Middle-age,Medium Spenders,0.0,0.67,1.33,0.375,1.0,1.0,0.13123359580052493,0.22333333333333336,0.044333333333333336,0.09186351706036745,0.3786666666666667,0.4666666666666667,0.33103333333333335,0.27579999999999993,score_exclusive_discount
591835,1,0,8,1,0.0,0.125,0.4375,Elderly,At Risk,0.0,0.0,3.0,0.1111111111111111,1.0,0.0,1.0,0.0,0.1,0.7,0.0,0.4375,0.37,0.10777777777777776,score_free_cancellation
591888,3,3,5,2,1.0,0.4,0.8,Middle-age,High Spenders,0.0,0.6,2.2,0.625,1.0,1.0,0.0945179584120983,0.19999999999999998,0.07333333333333333,0.0661625708884688,0.36,0.8,0.35133333333333333,0.4595,score_exclusive_discount
592035,3,2,6,2,0.6666666666666666,0.3333333333333333,0.6666666666666666,Middle-age,Low Spenders,0.25,0.25,1.5,0.4444444444444444,0.75,1.0,0.1019367991845056,0.08333333333333333,0.05,0.07135575942915391,0.26666666666666666,0.6666666666666666,0.25999999999999995,0.3261111111111111,score_exclusive_discount
592079,3,0,5,0,0.0,0.0,0.5,0,0,0.0,0.0,0.0,0.0,0.0,0.0,0.0,0.0,0.0,0.0,0.0,0.5,0.0,0.0,score_exclusive_discount
592082,2,0,7,2,0.0,0.2857142857142857,0.35714285714285715,Middle-age,Low Spenders,0.0,0.0,2.5,0.2222222222222222,1.0,1.0,0.08880994671403197,0.0,0.08333333333333333,0.06216696269982238,0.2,0.35714285714285715,0.35833333333333334,0.18055555555555552,score_free_meal
592118,3,0,5,0,0.0,0.0,0.5,0,0,0.0,0.0,0.0,0.0,0.0,0.0,0.0,0.0,0.0,0.0,0.0,0.5,0.0,0.0,score_exclusive_discount
592132,1,0,7,2,0.0,0.2857142857142857,0.35714285714285715,Middle-age,Low Spenders,0.0,2.0,3.0,0.25,1.0,0.5,0.10030090270812436,0.6666666666666666,0.1,0.07021063189568705,0.6333333333333333,0.35714285714285715,0.37,0.205,score_free_checkedbag
592158,2,0,6,2,0.0,0.3333333333333333,0.33333333333333337,Middle-age,Low Spenders,0.0,0.0,1.5,0.25,1.0,1.0,0.11627906976744186,0.0,0.05,0.0813953488372093,0.2,0.33333333333333337,0.33499999999999996,0.19,score_free_meal
592221,1,0,7,3,0.0,0.42857142857142855,0.2857142857142857,Middle-age,Champions,0.0,0.44,1.67,0.375,1.0,1.0,0.14064697609001406,0.14666666666666667,0.05566666666666666,0.09845288326300984,0.31733333333333336,0.2857142857142857,0.33896666666666664,0.27919999999999995,score_free_meal
592366,5,2,4,1,0.4,0.25,0.575,Middle-age,High Spenders,0.0,0.5,3.0,0.3333333333333333,1.0,0.6666666666666666,0.15625,0.16666666666666666,0.1,0.109375,0.26666666666666666,0.575,0.37,0.2633333333333333,score_exclusive_discount
592371,2,0,6,4,0.0,0.6666666666666666,0.16666666666666669,Middle-age,High Spenders,0.0,0.5,3.5,0.5,0.75,0.75,0.1267427122940431,0.16666666666666666,0.11666666666666667,0.08871989860583017,0.2833333333333333,0.16666666666666669,0.30666666666666664,0.38499999999999995,score_free_night_flight
592372,2,1,6,1,0.5,0.16666666666666666,0.6666666666666667,Youth,Champions,0.0,0.33,0.5,0.25,0.5,1.0,0.006327912421692084,0.11,0.016666666666666666,0.004429538695184458,0.28800000000000003,0.6666666666666667,0.16166666666666665,0.18,score_exclusive_discount
592378,4,1,4,1,0.25,0.25,0.5,0,0,0.0,0.0,0.0,0.0,0.0,0.0,0.0,0.0,0.0,0.0,0.0,0.5,0.0,0.0,score_exclusive_discount
592399,1,1,7,3,1.0,0.42857142857142855,0.7857142857142857,Middle-age,Medium Spenders,0.0,0.75,2.0,0.5,1.0,1.0,0.13245033112582782,0.25,0.06666666666666667,0.09271523178807947,0.4,0.7857142857142857,0.3466666666666667,0.37,score_exclusive_discount
592403,4,3,4,0,0.75,0.0,0.875,Elderly,Medium Spenders,0.33,0.0,5.0,0.375,1.0,0.6666666666666666,1.0,0.0,0.16666666666666666,0.7,0.13333333333333333,0.875,0.41666666666666663,0.31249999999999994,score_exclusive_discount
592445,1,0,7,3,0.0,0.42857142857142855,0.2857142857142857,Middle-age,Champions,0.0,0.5,4.0,0.375,1.0,0.6666666666666666,0.1091703056768559,0.16666666666666666,0.13333333333333333,0.07641921397379912,0.26666666666666666,0.2857142857142857,0.3933333333333333,0.30249999999999994,score_free_meal
592491,2,1,6,3,0.5,0.5,0.5,Middle-age,Champions,0.0,0.67,3.75,0.5,1.0,0.75,0.10559662090813093,0.22333333333333336,0.125,0.07391763463569165,0.3286666666666667,0.5,0.38749999999999996,0.38749999999999996,score_exclusive_discount
592598,1,0,7,5,0.0,0.7142857142857143,0.14285714285714285,Middle-age,Champions,0.0,1.0,4.6,0.625,0.8,1.0,0.021677866897897247,0.3333333333333333,0.15333333333333332,0.015174506828528072,0.4666666666666667,0.14285714285714285,0.3473333333333333,0.4835,score_free_night_flight
592707,3,0,5,1,0.0,0.2,0.4,Youth,Low Spenders,0.0,1.0,2.0,0.125,1.0,1.0,0.05640157924421884,0.3333333333333333,0.06666666666666667,0.03948110547095319,0.4666666666666667,0.4,0.3466666666666667,0.1075,score_free_checkedbag
592792,1,0,8,3,0.0,0.375,0.3125,Middle-age,High Spenders,0.0,0.33,1.33,0.3333333333333333,1.0,1.0,0.11160714285714285,0.11,0.044333333333333336,0.07812499999999999,0.28800000000000003,0.3125,0.33103333333333335,0.24663333333333332,score_free_meal
592833,3,2,5,1,0.6666666666666666,0.2,0.7333333333333333,Middle-age,High Spenders,0.0,0.67,3.33,0.375,1.0,1.0,0.11806375442739081,0.22333333333333336,0.111,0.08264462809917356,0.3786666666666667,0.7333333333333333,0.3777,0.29579999999999995,score_exclusive_discount
592886,1,0,7,3,0.0,0.42857142857142855,0.2857142857142857,Middle-age,Medium Spenders,0.0,0.33,2.0,0.375,1.0,1.0,0.12468827930174564,0.11,0.06666666666666667,0.08728179551122195,0.28800000000000003,0.2857142857142857,0.3466666666666667,0.2825,score_free_meal
592929,3,1,5,2,0.3333333333333333,0.4,0.4666666666666667,Middle-age,High Spenders,0.0,0.67,3.67,0.375,0.6666666666666666,1.0,0.15037593984962405,0.22333333333333336,0.12233333333333334,0.10526315789473684,0.3786666666666667,0.4666666666666667,0.2856333333333333,0.29919999999999997,score_exclusive_discount
592958,2,0,6,1,0.0,0.16666666666666666,0.4166666666666667,Youth,Low Spenders,0.0,0.0,3.0,0.125,1.0,0.0,1.0,0.0,0.1,0.7,0.0,0.4166666666666667,0.37,0.1175,score_free_cancellation
593020,2,1,6,2,0.5,0.3333333333333333,0.5833333333333334,Middle-age,Medium Spenders,0.0,0.33,2.67,0.375,1.0,1.0,0.18656716417910446,0.11,0.089,0.13059701492537312,0.28800000000000003,0.5833333333333334,0.36229999999999996,0.28919999999999996,score_exclusive_discount
593047,4,0,6,0,0.0,0.0,0.5,0,0,0.0,0.0,0.0,0.0,0.0,0.0,0.0,0.0,0.0,0.0,0.0,0.5,0.0,0.0,score_exclusive_discount
593244,3,1,5,2,0.3333333333333333,0.4,0.4666666666666667,Middle-age,Medium Spenders,0.0,0.67,2.33,0.375,0.6666666666666666,1.0,0.13679890560875513,0.22333333333333336,0.07766666666666668,0.09575923392612859,0.3786666666666667,0.4666666666666667,0.25436666666666663,0.28579999999999994,score_exclusive_discount
593350,2,0,6,4,0.0,0.6666666666666666,0.16666666666666669,Middle-age,Champions,0.0,0.5,3.5,0.5,1.0,1.0,0.13513513513513511,0.16666666666666666,0.11666666666666667,0.09459459459459457,0.33333333333333337,0.16666666666666669,0.38166666666666665,0.38499999999999995,score_free_night_flight
593385,3,2,5,2,0.6666666666666666,0.4,0.6333333333333333,Middle-age,Champions,0.0,0.83,4.75,0.5,1.0,1.0,0.10010010010010009,0.27666666666666667,0.15833333333333333,0.07007007007007006,0.42133333333333334,0.6333333333333333,0.41083333333333333,0.39749999999999996,score_exclusive_discount
593386,1,0,7,3,0.0,0.42857142857142855,0.2857142857142857,Middle-age,High Spenders,0.0,0.0,7.0,0.375,1.0,0.6666666666666666,0.1072961373390558,0.0,0.23333333333333334,0.07510729613733905,0.13333333333333333,0.2857142857142857,0.4633333333333333,0.33249999999999996,score_free_meal
593398,0,0,8,0,0.0,0.0,0.5,0,0,0.0,0.0,0.0,0.0,0.0,0.0,0.0,0.0,0.0,0.0,0.0,0.5,0.0,0.0,score_exclusive_discount
593401,3,1,5,1,0.3333333333333333,0.2,0.5666666666666667,Middle-age,At Risk,0.0,0.5,1.0,0.25,0.5,1.0,0.16556291390728478,0.16666666666666666,0.03333333333333333,0.11589403973509933,0.33333333333333337,0.5666666666666667,0.17333333333333334,0.185,score_exclusive_discount
593494,1,0,7,3,0.0,0.42857142857142855,0.2857142857142857,Middle-age,Low Spenders,0.0,0.0,2.0,0.375,1.0,1.0,0.11299435028248588,0.0,0.06666666666666667,0.0790960451977401,0.2,0.2857142857142857,0.3466666666666667,0.2825,score_free_meal
593536,0,0,8,5,0.0,0.625,0.5,Middle-age,High Spenders,0.0,0.75,3.2,0.625,0.8,0.8,0.1342281879194631,0.25,0.10666666666666667,0.09395973154362415,0.36000000000000004,0.5,0.31466666666666665,0.46950000000000003,score_exclusive_discount
593632,4,2,5,2,0.5,0.4,0.55,Middle-age,Medium Spenders,0.0,0.75,2.5,0.4444444444444444,0.5,1.0,0.13513513513513511,0.25,0.08333333333333333,0.09459459459459457,0.4,0.55,0.20833333333333331,0.3361111111111111,score_exclusive_discount
593672,4,2,4,1,0.5,0.25,0.625,Middle-age,Champions,0.0,0.5,5.33,0.375,1.0,0.3333333333333333,0.18348623853211007,0.16666666666666666,0.17766666666666667,0.12844036697247704,0.2,0.625,0.42436666666666667,0.31579999999999997,score_exclusive_discount
593719,3,0,5,1,0.0,0.2,0.4,Middle-age,At Risk,0.0,1.0,6.0,0.125,1.0,1.0,0.09124087591240876,0.3333333333333333,0.2,0.06386861313868612,0.4666666666666667,0.4,0.43999999999999995,0.1475,score_free_checkedbag
593786,6,3,2,1,0.5,0.5,0.5,Middle-age,Medium Spenders,0.25,1.0,5.5,0.5,1.0,1.0,0.13297872340425532,0.3333333333333333,0.18333333333333332,0.09308510638297872,0.4666666666666667,0.5,0.42833333333333334,0.40499999999999997,score_exclusive_discount
593804,1,0,7,1,0.0,0.14285714285714285,0.4285714285714286,Middle-age,At Risk,0.0,1.0,0.0,0.125,0.0,1.0,0.003943373161402263,0.3333333333333333,0.0,0.002760361212981584,0.4666666666666667,0.4285714285714286,0.0,0.0875,score_free_checkedbag
593833,4,2,5,0,0.5,0.0,0.75,0,0,0.0,0.0,0.0,0.0,0.0,0.0,0.0,0.0,0.0,0.0,0.0,0.75,0.0,0.0,score_exclusive_discount
593910,3,1,5,1,0.3333333333333333,0.2,0.5666666666666667,Middle-age,High Spenders,0.0,1.5,3.5,0.25,1.0,1.0,0.11764705882352941,0.5,0.11666666666666667,0.08235294117647059,0.6000000000000001,0.5666666666666667,0.38166666666666665,0.21,score_free_checkedbag
594000,3,0,5,1,0.0,0.2,0.4,Elderly,Low Spenders,0.0,0.0,6.0,0.125,1.0,0.0,1.0,0.0,0.2,0.7,0.0,0.4,0.43999999999999995,0.1475,score_free_cancellation
594027,2,2,6,2,1.0,0.3333333333333333,0.8333333333333334,Middle-age,Medium Spenders,0.25,1.0,5.0,0.5,1.0,0.75,0.1706484641638225,0.3333333333333333,0.16666666666666666,0.11945392491467575,0.4166666666666667,0.8333333333333334,0.41666666666666663,0.39999999999999997,score_exclusive_discount
594042,2,1,7,5,0.5,0.7142857142857143,0.39285714285714285,Middle-age,Champions,0.0,0.33,2.17,0.6666666666666666,1.0,1.0,0.12594458438287154,0.11,0.07233333333333333,0.08816120906801007,0.28800000000000003,0.39285714285714285,0.3506333333333333,0.4883666666666666,score_free_night_flight
594103,0,0,8,3,0.0,0.375,0.5,Middle-age,Champions,0.0,0.0,4.33,0.375,1.0,0.6666666666666666,0.10893246187363835,0.0,0.14433333333333334,0.07625272331154684,0.13333333333333333,0.5,0.40103333333333335,0.30579999999999996,score_exclusive_discount
594123,2,1,6,1,0.5,0.16666666666666666,0.6666666666666667,Middle-age,Champions,0.0,1.0,4.0,0.25,1.0,0.5,0.11547344110854503,0.3333333333333333,0.13333333333333333,0.08083140877598152,0.3666666666666667,0.6666666666666667,0.3933333333333333,0.215,score_exclusive_discount
594146,3,0,5,1,0.0,0.2,0.4,Elderly,Low Spenders,0.0,0.0,8.0,0.125,1.0,0.0,1.0,0.0,0.26666666666666666,0.7,0.0,0.4,0.48666666666666664,0.16749999999999998,score_free_cancellation
594188,1,0,7,2,0.0,0.2857142857142857,0.35714285714285715,Middle-age,Champions,0.0,0.5,3.0,0.25,1.0,1.0,0.14727540500736377,0.16666666666666666,0.1,0.10309278350515463,0.33333333333333337,0.35714285714285715,0.37,0.205,score_free_meal
594238,2,1,6,1,0.5,0.16666666666666666,0.6666666666666667,Middle-age,Low Spenders,0.0,0.5,1.5,0.25,1.0,1.0,0.11198208286674133,0.16666666666666666,0.05,0.07838745800671892,0.33333333333333337,0.6666666666666667,0.33499999999999996,0.19,score_exclusive_discount
594240,2,1,6,0,0.5,0.0,0.75,Middle-age,At Risk,0.0,0.0,1.0,0.125,1.0,1.0,0.10131712259371835,0.0,0.03333333333333333,0.07092198581560284,0.2,0.75,0.3233333333333333,0.09749999999999999,score_exclusive_discount
594406,2,1,6,3,0.5,0.5,0.5,Middle-age,High Spenders,0.0,0.25,2.0,0.5,1.0,1.0,0.1231527093596059,0.08333333333333333,0.06666666666666667,0.08620689655172413,0.26666666666666666,0.5,0.3466666666666667,0.37,score_exclusive_discount
594410,2,1,6,2,0.5,0.3333333333333333,0.5833333333333334,Elderly,Champions,0.0,0.5,3.0,0.375,0.6666666666666666,0.3333333333333333,0.0027340332458442697,0.16666666666666666,0.1,0.0019138232720909887,0.2,0.5833333333333334,0.26999999999999996,0.2925,score_exclusive_discount
594446,3,1,5,2,0.3333333333333333,0.4,0.4666666666666667,Youth,Champions,0.0,0.75,5.0,0.375,0.6666666666666666,0.6666666666666666,0.0069915402363140595,0.25,0.16666666666666666,0.0048940781654198415,0.33333333333333337,0.4666666666666667,0.31666666666666665,0.31249999999999994,score_exclusive_discount
594449,1,0,7,1,0.0,0.14285714285714285,0.4285714285714286,Middle-age,At Risk,0.0,1.0,1.0,0.125,1.0,1.0,0.11641443538998836,0.3333333333333333,0.03333333333333333,0.08149010477299184,0.4666666666666667,0.4285714285714286,0.3233333333333333,0.09749999999999999,score_free_checkedbag
594503,2,0,6,2,0.0,0.3333333333333333,0.33333333333333337,Youth,Low Spenders,0.0,1.0,5.5,0.25,1.0,0.5,0.22624434389140272,0.3333333333333333,0.18333333333333332,0.1583710407239819,0.3666666666666667,0.33333333333333337,0.42833333333333334,0.22999999999999998,score_free_meal
594516,3,0,6,0,0.0,0.0,0.5,0,0,0.0,0.0,0.0,0.0,0.0,0.0,0.0,0.0,0.0,0.0,0.0,0.5,0.0,0.0,score_exclusive_discount
594601,2,0,6,1,0.0,0.16666666666666666,0.4166666666666667,Middle-age,Low Spenders,0.0,0.0,1.0,0.125,1.0,1.0,0.11337868480725623,0.0,0.03333333333333333,0.07936507936507936,0.2,0.4166666666666667,0.3233333333333333,0.09749999999999999,score_exclusive_discount
594644,4,1,4,2,0.25,0.5,0.375,Middle-age,Medium Spenders,0.0,1.33,2.67,0.375,1.0,1.0,0.1278772378516624,0.44333333333333336,0.089,0.08951406649616368,0.5546666666666666,0.375,0.36229999999999996,0.28919999999999996,score_free_checkedbag
594695,4,1,4,3,0.25,0.75,0.25,Middle-age,Champions,0.0,1.0,7.75,0.5,0.75,0.75,0.1545595054095827,0.3333333333333333,0.25833333333333336,0.10819165378670788,0.4166666666666667,0.25,0.4058333333333333,0.4275,score_free_night_flight
594737,4,2,4,1,0.5,0.25,0.625,Middle-age,Medium Spenders,0.0,0.5,2.33,0.375,1.0,0.6666666666666666,0.11587485515643106,0.16666666666666666,0.07766666666666668,0.08111239860950174,0.26666666666666666,0.625,0.35436666666666666,0.28579999999999994,score_exclusive_discount
594824,6,2,3,1,0.3333333333333333,0.3333333333333333,0.5,Middle-age,At Risk,0.33,0.0,1.0,0.3333333333333333,1.0,1.0,0.1272264631043257,0.0,0.03333333333333333,0.08905852417302798,0.2,0.5,0.3233333333333333,0.24333333333333332,score_exclusive_discount
594875,2,0,6,1,0.0,0.16666666666666666,0.4166666666666667,Youth,Low Spenders,0.0,0.0,5.0,0.125,1.0,0.0,1.0,0.0,0.16666666666666666,0.7,0.0,0.4166666666666667,0.41666666666666663,0.13749999999999998,score_free_cancellation
594892,3,1,5,1,0.3333333333333333,0.2,0.5666666666666667,Middle-age,Medium Spenders,0.0,0.0,2.0,0.25,1.0,1.0,0.1044932079414838,0.0,0.06666666666666667,0.07314524555903866,0.2,0.5666666666666667,0.3466666666666667,0.19499999999999998,score_exclusive_discount
594914,3,2,5,1,0.6666666666666666,0.2,0.7333333333333333,Middle-age,High Spenders,0.0,0.33,5.0,0.375,1.0,1.0,0.09099181073703366,0.11,0.16666666666666666,0.06369426751592357,0.28800000000000003,0.7333333333333333,0.41666666666666663,0.31249999999999994,score_exclusive_discount
594948,3,0,5,1,0.0,0.2,0.4,Elderly,At Risk,0.0,1.0,4.0,0.125,1.0,1.0,0.1663893510815308,0.3333333333333333,0.13333333333333333,0.11647254575707155,0.4666666666666667,0.4,0.3933333333333333,0.1275,score_free_checkedbag
594985,3,1,5,2,0.3333333333333333,0.4,0.4666666666666667,Middle-age,Medium Spenders,0.0,0.33,3.67,0.375,1.0,1.0,0.09624639076034648,0.11,0.12233333333333334,0.06737247353224253,0.28800000000000003,0.4666666666666667,0.38563333333333333,0.29919999999999997,score_exclusive_discount
595026,1,0,7,3,0.0,0.42857142857142855,0.2857142857142857,Middle-age,Champions,0.0,1.0,4.33,0.375,1.0,0.3333333333333333,0.12285012285012284,0.3333333333333333,0.14433333333333334,0.08599508599508598,0.3333333333333333,0.2857142857142857,0.40103333333333335,0.30579999999999996,score_free_meal
595087,2,2,6,3,1.0,0.5,0.75,Middle-age,Champions,0.0,0.75,4.2,0.625,1.0,0.8,0.125,0.25,0.14,0.0875,0.36000000000000004,0.75,0.398,0.4795,score_exclusive_discount
595122,4,1,4,1,0.25,0.25,0.5,Middle-age,Champions,0.0,0.25,8.5,0.25,1.0,1.0,0.01124859392575928,0.08333333333333333,0.2833333333333333,0.007874015748031496,0.26666666666666666,0.5,0.4983333333333333,0.26,score_exclusive_discount
595123,3,2,5,1,0.6666666666666666,0.2,0.7333333333333333,Middle-age,Low Spenders,0.33,0.0,4.0,0.375,0.6666666666666666,1.0,0.09671179883945842,0.0,0.13333333333333333,0.06769825918762089,0.2,0.7333333333333333,0.29333333333333333,0.30249999999999994,score_exclusive_discount
595126,5,2,4,0,0.4,0.0,0.7,Middle-age,Champions,0.0,0.5,8.0,0.2222222222222222,1.0,0.5,0.007089684509039347,0.16666666666666666,0.26666666666666666,0.0049627791563275426,0.23333333333333334,0.7,0.48666666666666664,0.23555555555555552,score_exclusive_discount
595171,1,0,7,2,0.0,0.2857142857142857,0.35714285714285715,Middle-age,Medium Spenders,0.0,0.0,3.0,0.25,1.0,1.0,0.1053740779768177,0.0,0.1,0.0737618545837724,0.2,0.35714285714285715,0.37,0.205,score_free_meal
595183,4,1,5,2,0.25,0.4,0.425,Elderly,High Spenders,0.33,0.0,7.0,0.3333333333333333,1.0,0.3333333333333333,1.0,0.0,0.23333333333333334,0.7,0.06666666666666667,0.425,0.4633333333333333,0.3033333333333333,score_free_cancellation
595184,3,2,5,3,0.6666666666666666,0.6,0.5333333333333333,Middle-age,Low Spenders,0.0,0.75,1.2,0.625,0.8,0.8,0.14367816091954022,0.25,0.04,0.10057471264367815,0.36000000000000004,0.5333333333333333,0.268,0.4495,score_exclusive_discount
595257,4,0,4,4,0.0,1.0,0.0,Middle-age,High Spenders,0.0,0.5,3.75,0.5,1.0,1.0,0.1360544217687075,0.16666666666666666,0.125,0.09523809523809525,0.33333333333333337,0.0,0.38749999999999996,0.38749999999999996,score_free_meal
595283,2,1,6,0,0.5,0.0,0.75,Middle-age,At Risk,0.0,1.0,0.0,0.125,0.0,1.0,0.1519756838905775,0.3333333333333333,0.0,0.10638297872340424,0.4666666666666667,0.75,0.0,0.0875,score_exclusive_discount
595284,3,2,5,2,0.6666666666666666,0.4,0.6333333333333333,Middle-age,Champions,0.0,0.25,4.25,0.5,1.0,1.0,0.09569377990430622,0.08333333333333333,0.14166666666666666,0.06698564593301434,0.26666666666666666,0.6333333333333333,0.39916666666666667,0.39249999999999996,score_exclusive_discount
595386,4,3,4,3,0.75,0.75,0.5,Middle-age,High Spenders,0.0,0.67,2.67,0.75,0.8333333333333334,1.0,0.1149425287356322,0.22333333333333336,0.089,0.08045977011494253,0.3786666666666667,0.5,0.3123,0.5516999999999999,score_free_night_flight
595414,1,0,7,4,0.0,0.5714285714285714,0.2142857142857143,Middle-age,High Spenders,0.0,0.75,3.75,0.5,1.0,1.0,0.12077294685990336,0.25,0.125,0.08454106280193235,0.4,0.2142857142857143,0.38749999999999996,0.38749999999999996,score_free_checkedbag
595431,0,0,8,3,0.0,0.375,0.5,Middle-age,High Spenders,0.0,0.33,4.33,0.375,1.0,1.0,0.09259259259259259,0.11,0.14433333333333334,0.06481481481481481,0.28800000000000003,0.5,0.40103333333333335,0.30579999999999996,score_exclusive_discount
595442,2,1,6,3,0.5,0.5,0.5,Middle-age,Low Spenders,0.0,0.5,0.75,0.5,0.5,1.0,0.12269938650306748,0.16666666666666666,0.025,0.08588957055214723,0.33333333333333337,0.5,0.16749999999999998,0.3575,score_exclusive_discount
595506,0,0,8,0,0.0,0.0,0.5,0,0,0.0,0.0,0.0,0.0,0.0,0.0,0.0,0.0,0.0,0.0,0.0,0.5,0.0,0.0,score_exclusive_discount
595527,3,2,5,1,0.6666666666666666,0.2,0.7333333333333333,Middle-age,Champions,0.0,0.25,5.67,0.375,1.0,0.6666666666666666,0.008667013347200554,0.08333333333333333,0.189,0.006066909343040387,0.2,0.7333333333333333,0.4323,0.31919999999999993,score_exclusive_discount
595587,2,0,6,4,0.0,0.6666666666666666,0.16666666666666669,Middle-age,Medium Spenders,0.0,0.0,1.25,0.5,0.75,1.0,0.01593625498007968,0.0,0.041666666666666664,0.011155378486055776,0.2,0.16666666666666669,0.25416666666666665,0.3625,score_free_night_flight
595624,3,0,6,1,0.0,0.16666666666666666,0.4166666666666667,Middle-age,Medium Spenders,0.0,0.0,3.0,0.1111111111111111,1.0,1.0,0.07704160246533127,0.0,0.1,0.05392912172573189,0.2,0.4166666666666667,0.37,0.10777777777777776,score_exclusive_discount
595626,2,2,6,2,1.0,0.3333333333333333,0.8333333333333334,Middle-age,Champions,0.0,0.33,2.0,0.5,0.75,1.0,0.11061946902654868,0.11,0.06666666666666667,0.07743362831858407,0.28800000000000003,0.8333333333333334,0.2716666666666666,0.37,score_exclusive_discount
595690,2,0,6,0,0.0,0.0,0.5,0,0,0.0,0.0,0.0,0.0,0.0,0.0,0.0,0.0,0.0,0.0,0.0,0.5,0.0,0.0,score_exclusive_discount
595740,3,1,5,1,0.3333333333333333,0.2,0.5666666666666667,Middle-age,High Spenders,0.0,0.0,1.5,0.25,1.0,1.0,0.08417508417508417,0.0,0.05,0.05892255892255891,0.2,0.5666666666666667,0.33499999999999996,0.19,score_exclusive_discount
595852,2,0,7,3,0.0,0.42857142857142855,0.2857142857142857,Middle-age,Low Spenders,0.0,1.0,1.33,0.3333333333333333,1.0,1.0,0.11013215859030837,0.3333333333333333,0.044333333333333336,0.07709251101321585,0.4666666666666667,0.2857142857142857,0.33103333333333335,0.24663333333333332,score_free_checkedbag
595861,3,0,5,1,0.0,0.2,0.4,Middle-age,Low Spenders,0.0,0.0,1.0,0.125,1.0,1.0,0.12210012210012208,0.0,0.03333333333333333,0.08547008547008546,0.2,0.4,0.3233333333333333,0.09749999999999999,score_exclusive_discount
595897,1,1,7,0,1.0,0.0,1.0,Youth,High Spenders,0.0,0.0,12.0,0.125,1.0,0.0,1.0,0.0,0.4,0.7,0.0,1.0,0.58,0.2075,score_exclusive_discount
595958,3,2,5,3,0.6666666666666666,0.6,0.5333333333333333,Middle-age,Low Spenders,0.2,0.5,2.33,0.625,1.0,0.8,0.15432098765432098,0.16666666666666666,0.07766666666666668,0.10802469135802469,0.29333333333333333,0.5333333333333333,0.35436666666666666,0.4608,score_exclusive_discount
596103,2,0,6,2,0.0,0.3333333333333333,0.33333333333333337,Youth,Medium Spenders,0.0,1.0,3.0,0.25,1.0,0.5,0.11848341232227487,0.3333333333333333,0.1,0.0829383886255924,0.3666666666666667,0.33333333333333337,0.37,0.205,score_free_meal
596153,2,1,6,4,0.5,0.6666666666666666,0.4166666666666667,Middle-age,Medium Spenders,0.0,0.4,2.0,0.625,0.8,1.0,0.11876484560570072,0.13333333333333333,0.06666666666666667,0.0831353919239905,0.3066666666666667,0.4166666666666667,0.2866666666666666,0.4575,score_free_night_flight
596186,5,2,3,0,0.4,0.0,0.7,Youth,Low Spenders,0.0,1.0,3.5,0.25,1.0,0.5,0.14705882352941177,0.3333333333333333,0.11666666666666667,0.10294117647058823,0.3666666666666667,0.7,0.38166666666666665,0.21,score_exclusive_discount
596220,2,1,7,1,0.5,0.14285714285714285,0.6785714285714286,Middle-age,Champions,0.0,1.0,9.0,0.2222222222222222,1.0,0.5,0.15313935681470137,0.3333333333333333,0.3,0.10719754977029095,0.3666666666666667,0.6785714285714286,0.51,0.24555555555555553,score_exclusive_discount
596222,3,1,5,2,0.3333333333333333,0.4,0.4666666666666667,Middle-age,High Spenders,0.0,1.0,2.33,0.375,1.0,0.6666666666666666,0.12077294685990336,0.3333333333333333,0.07766666666666668,0.08454106280193235,0.4,0.4666666666666667,0.35436666666666666,0.28579999999999994,score_exclusive_discount
596320,3,1,6,1,0.3333333333333333,0.16666666666666666,0.5833333333333334,Middle-age,High Spenders,0.0,0.33,0.5,0.2222222222222222,0.5,1.0,0.16666666666666666,0.11,0.016666666666666666,0.11666666666666665,0.28800000000000003,0.5833333333333334,0.16166666666666665,0.16055555555555553,score_exclusive_discount
596329,4,0,5,0,0.0,0.0,0.5,0,0,0.0,0.0,0.0,0.0,0.0,0.0,0.0,0.0,0.0,0.0,0.0,0.5,0.0,0.0,score_exclusive_discount
596335,3,0,5,2,0.0,0.4,0.3,Middle-age,High Spenders,0.0,0.25,5.0,0.25,1.0,1.0,0.11185682326621922,0.08333333333333333,0.16666666666666666,0.07829977628635346,0.26666666666666666,0.3,0.41666666666666663,0.22499999999999998,score_free_meal
596349,3,0,5,1,0.0,0.2,0.4,Elderly,High Spenders,0.0,0.0,15.0,0.125,1.0,0.0,1.0,0.0,0.5,0.7,0.0,0.4,0.6499999999999999,0.2375,score_free_cancellation
596361,4,1,4,1,0.25,0.25,0.5,Middle-age,High Spenders,0.0,1.0,11.5,0.25,1.0,0.5,0.1440922190201729,0.3333333333333333,0.38333333333333336,0.10086455331412103,0.3666666666666667,0.5,0.5683333333333334,0.29,score_free_meal
596409,4,1,4,1,0.25,0.25,0.5,Middle-age,Low Spenders,0.0,0.5,1.5,0.25,1.0,1.0,0.11961722488038279,0.16666666666666666,0.05,0.08373205741626795,0.33333333333333337,0.5,0.33499999999999996,0.19,score_exclusive_discount
596442,3,1,5,0,0.3333333333333333,0.0,0.6666666666666666,Youth,Low Spenders,0.0,0.0,6.0,0.125,1.0,0.0,1.0,0.0,0.2,0.7,0.0,0.6666666666666666,0.43999999999999995,0.1475,score_free_cancellation
596505,3,3,5,3,1.0,0.6,0.7,Middle-age,Champions,0.0,0.6,5.83,0.75,0.8333333333333334,0.8333333333333334,0.1122334455667789,0.19999999999999998,0.19433333333333333,0.07856341189674523,0.32666666666666666,0.7,0.38603333333333334,0.5832999999999999,score_exclusive_discount
596559,3,1,5,1,0.3333333333333333,0.2,0.5666666666666667,0,0,0.0,0.0,0.0,0.0,0.0,0.0,0.0,0.0,0.0,0.0,0.0,0.5666666666666667,0.0,0.0,score_exclusive_discount
596611,1,0,7,0,0.0,0.0,0.5,0,0,0.0,0.0,0.0,0.0,0.0,0.0,0.0,0.0,0.0,0.0,0.0,0.5,0.0,0.0,score_exclusive_discount
596732,1,0,7,3,0.0,0.42857142857142855,0.2857142857142857,Middle-age,High Spenders,0.0,0.0,2.0,0.375,1.0,1.0,0.08928571428571429,0.0,0.06666666666666667,0.0625,0.2,0.2857142857142857,0.3466666666666667,0.2825,score_free_meal
596820,3,0,5,1,0.0,0.2,0.4,Middle-age,At Risk,0.0,1.0,2.0,0.125,1.0,1.0,0.09107468123861566,0.3333333333333333,0.06666666666666667,0.06375227686703096,0.4666666666666667,0.4,0.3466666666666667,0.1075,score_free_checkedbag
596856,2,1,6,2,0.5,0.3333333333333333,0.5833333333333334,Middle-age,High Spenders,0.0,1.0,6.67,0.375,1.0,0.3333333333333333,0.10615711252653928,0.3333333333333333,0.22233333333333333,0.07430997876857749,0.3333333333333333,0.5833333333333334,0.45563333333333333,0.32919999999999994,score_exclusive_discount
596863,1,1,7,3,1.0,0.42857142857142855,0.7857142857142857,Middle-age,Champions,0.25,0.0,13.0,0.5,1.0,0.75,0.09337068160597571,0.0,0.43333333333333335,0.065359477124183,0.15000000000000002,0.7857142857142857,0.6033333333333333,0.48,score_exclusive_discount
597003,1,0,8,2,0.0,0.25,0.375,Middle-age,Low Spenders,0.0,0.0,1.5,0.2222222222222222,1.0,1.0,0.1524390243902439,0.0,0.05,0.10670731707317073,0.2,0.375,0.33499999999999996,0.17055555555555552,score_exclusive_discount
597010,3,1,5,3,0.3333333333333333,0.6,0.3666666666666667,Middle-age,Champions,0.0,0.25,2.5,0.5,0.75,1.0,0.12919896640826872,0.08333333333333333,0.08333333333333333,0.0904392764857881,0.26666666666666666,0.3666666666666667,0.2833333333333333,0.375,score_free_night_flight
597029,2,0,6,5,0.0,0.8333333333333334,0.08333333333333331,Middle-age,Champions,0.0,0.88,4.8,0.625,0.8,0.8,0.09900990099009901,0.29333333333333333,0.16,0.0693069306930693,0.3946666666666667,0.08333333333333331,0.352,0.4855,score_free_night_flight
597300,4,1,4,1,0.25,0.25,0.5,Middle-age,Champions,0.0,0.0,7.0,0.25,1.0,1.0,0.09803921568627452,0.0,0.23333333333333334,0.06862745098039216,0.2,0.5,0.4633333333333333,0.245,score_exclusive_discount
597410,2,0,6,3,0.0,0.5,0.25,Middle-age,Champions,0.0,0.0,9.33,0.375,1.0,0.6666666666666666,0.16051364365971107,0.0,0.311,0.11235955056179775,0.13333333333333333,0.25,0.5176999999999999,0.35579999999999995,score_free_meal
597434,2,1,6,4,0.5,0.6666666666666666,0.4166666666666667,Middle-age,Low Spenders,0.2,0.67,1.33,0.625,0.6,1.0,0.10460251046025104,0.22333333333333336,0.044333333333333336,0.07322175732217573,0.3786666666666667,0.4166666666666667,0.21103333333333332,0.4508,score_free_night_flight
597498,1,0,7,5,0.0,0.7142857142857143,0.14285714285714285,Middle-age,High Spenders,0.0,0.0,2.4,0.625,0.8,1.0,0.10604453870625663,0.0,0.08,0.07423117709437964,0.2,0.14285714285714285,0.296,0.4615,score_free_night_flight
597510,1,1,7,2,1.0,0.2857142857142857,0.8571428571428572,Middle-age,High Spenders,0.0,0.67,2.67,0.375,1.0,1.0,0.1145475372279496,0.22333333333333336,0.089,0.08018327605956471,0.3786666666666667,0.8571428571428572,0.36229999999999996,0.28919999999999996,score_exclusive_discount
597662,2,0,6,0,0.0,0.0,0.5,0,0,0.0,0.0,0.0,0.0,0.0,0.0,0.0,0.0,0.0,0.0,0.0,0.5,0.0,0.0,score_exclusive_discount
597734,2,0,6,3,0.0,0.5,0.25,Middle-age,Low Spenders,0.0,0.33,0.67,0.375,0.3333333333333333,1.0,0.10695187165775401,0.11,0.022333333333333334,0.0748663101604278,0.28800000000000003,0.25,0.11563333333333332,0.26919999999999994,score_free_checkedbag
597836,2,0,6,3,0.0,0.5,0.25,Middle-age,Low Spenders,0.0,1.0,2.0,0.375,1.0,1.0,0.10857763300760043,0.3333333333333333,0.06666666666666667,0.0760043431053203,0.4666666666666667,0.25,0.3466666666666667,0.2825,score_free_checkedbag
597878,0,0,8,2,0.0,0.25,0.5,Middle-age,Low Spenders,0.0,0.75,2.0,0.25,1.0,1.0,0.14104372355430184,0.25,0.06666666666666667,0.09873060648801128,0.4,0.5,0.3466666666666667,0.19499999999999998,score_exclusive_discount
597946,2,0,6,2,0.0,0.3333333333333333,0.33333333333333337,Middle-age,At Risk,0.0,1.0,1.0,0.25,0.5,1.0,0.11123470522803114,0.3333333333333333,0.03333333333333333,0.07786429365962179,0.4666666666666667,0.33333333333333337,0.17333333333333334,0.185,score_free_checkedbag
597948,1,0,7,0,0.0,0.0,0.5,0,0,0.0,0.0,0.0,0.0,0.0,0.0,0.0,0.0,0.0,0.0,0.0,0.5,0.0,0.0,score_exclusive_discount
597954,5,2,3,2,0.4,0.6666666666666666,0.3666666666666667,Middle-age,High Spenders,0.0,0.5,2.5,0.5,1.0,1.0,0.1149425287356322,0.16666666666666666,0.08333333333333333,0.08045977011494253,0.33333333333333337,0.3666666666666667,0.35833333333333334,0.375,score_free_night_flight
597955,4,0,4,0,0.0,0.0,0.5,0,0,0.0,0.0,0.0,0.0,0.0,0.0,0.0,0.0,0.0,0.0,0.0,0.5,0.0,0.0,score_exclusive_discount
598069,2,1,6,2,0.5,0.3333333333333333,0.5833333333333334,Middle-age,Medium Spenders,0.0,0.5,4.33,0.375,0.6666666666666666,0.6666666666666666,0.129366106080207,0.16666666666666666,0.14433333333333334,0.09055627425614489,0.26666666666666666,0.5833333333333334,0.3010333333333333,0.30579999999999996,score_exclusive_discount
598075,1,1,7,2,1.0,0.2857142857142857,0.8571428571428572,Middle-age,Low Spenders,0.0,1.0,1.67,0.375,1.0,0.6666666666666666,0.17825311942959002,0.3333333333333333,0.05566666666666666,0.12477718360071301,0.4,0.8571428571428572,0.33896666666666664,0.27919999999999995,score_exclusive_discount
598185,3,0,5,2,0.0,0.4,0.3,Middle-age,Champions,0.0,0.8,6.0,0.25,1.0,0.5,0.005897965202005308,0.26666666666666666,0.2,0.0041285756414037155,0.31333333333333335,0.3,0.43999999999999995,0.235,score_free_meal
598233,3,1,5,3,0.3333333333333333,0.6,0.3666666666666667,Middle-age,High Spenders,0.0,0.5,2.25,0.5,1.0,1.0,0.13157894736842105,0.16666666666666666,0.075,0.09210526315789473,0.33333333333333337,0.3666666666666667,0.3525,0.3725,score_free_night_flight
598265,1,0,7,4,0.0,0.5714285714285714,0.2142857142857143,Middle-age,Medium Spenders,0.0,0.5,2.75,0.5,1.0,0.5,0.10090817356205853,0.16666666666666666,0.09166666666666666,0.07063572149344097,0.23333333333333334,0.2142857142857143,0.36416666666666664,0.37749999999999995,score_free_night_flight
598276,2,0,7,2,0.0,0.2857142857142857,0.35714285714285715,Middle-age,Low Spenders,0.0,0.0,4.0,0.2222222222222222,1.0,1.0,0.11049723756906077,0.0,0.13333333333333333,0.07734806629834254,0.2,0.35714285714285715,0.3933333333333333,0.19555555555555554,score_free_meal
598306,3,0,5,2,0.0,0.4,0.3,Middle-age,Champions,0.0,1.5,4.0,0.25,1.0,1.0,0.12422360248447203,0.5,0.13333333333333333,0.08695652173913042,0.6000000000000001,0.3,0.3933333333333333,0.215,score_free_checkedbag
598526,2,0,6,1,0.0,0.16666666666666666,0.4166666666666667,Elderly,At Risk,0.0,0.0,3.0,0.125,1.0,0.0,1.0,0.0,0.1,0.7,0.0,0.4166666666666667,0.37,0.1175,score_free_cancellation
598533,3,2,5,1,0.6666666666666666,0.2,0.7333333333333333,Middle-age,Low Spenders,0.33,0.0,2.0,0.375,1.0,1.0,0.17953321364452424,0.0,0.06666666666666667,0.12567324955116696,0.2,0.7333333333333333,0.3466666666666667,0.2825,score_exclusive_discount
598590,1,1,7,4,1.0,0.5714285714285714,0.7142857142857143,Middle-age,Medium Spenders,0.0,0.1,1.8,0.625,1.0,1.0,0.09514747859181732,0.03333333333333333,0.060000000000000005,0.06660323501427212,0.22666666666666668,0.7142857142857143,0.34199999999999997,0.4555,score_exclusive_discount
598687,0,0,8,3,0.0,0.375,0.5,Middle-age,Medium Spenders,0.0,1.0,3.33,0.375,1.0,1.0,0.10319917440660475,0.3333333333333333,0.111,0.07223942208462332,0.4666666666666667,0.5,0.3777,0.29579999999999995,score_exclusive_discount
598691,3,1,5,1,0.3333333333333333,0.2,0.5666666666666667,Middle-age,Low Spenders,0.0,0.5,6.0,0.25,1.0,1.0,0.11001100110011001,0.16666666666666666,0.2,0.077007700770077,0.33333333333333337,0.5666666666666667,0.43999999999999995,0.235,score_exclusive_discount
598692,4,1,4,1,0.25,0.25,0.5,Youth,High Spenders,0.0,0.0,9.5,0.25,1.0,0.5,0.17825311942959002,0.0,0.31666666666666665,0.12477718360071301,0.1,0.5,0.5216666666666666,0.26999999999999996,score_free_meal
598715,3,1,5,1,0.3333333333333333,0.2,0.5666666666666667,Middle-age,Low Spenders,0.0,0.5,1.0,0.25,0.5,1.0,0.13020833333333334,0.16666666666666666,0.03333333333333333,0.09114583333333333,0.33333333333333337,0.5666666666666667,0.17333333333333334,0.185,score_exclusive_discount
598832,0,0,8,1,0.0,0.125,0.5,Middle-age,Low Spenders,0.0,0.0,3.0,0.125,1.0,0.0,1.0,0.0,0.1,0.7,0.0,0.5,0.37,0.1175,score_free_cancellation
598881,1,1,7,5,1.0,0.7142857142857143,0.6428571428571428,Middle-age,Champions,0.0,0.4,3.5,0.75,1.0,0.8333333333333334,0.10277492291880781,0.13333333333333333,0.11666666666666667,0.07194244604316546,0.2733333333333334,0.6428571428571428,0.38166666666666665,0.5599999999999999,score_exclusive_discount
598911,4,3,4,3,0.75,0.75,0.5,Middle-age,Champions,0.0,0.83,2.5,0.75,0.8333333333333334,1.0,0.13054830287206265,0.27666666666666667,0.08333333333333333,0.09138381201044385,0.42133333333333334,0.5,0.30833333333333335,0.5499999999999999,score_free_night_flight
598945,2,0,6,1,0.0,0.16666666666666666,0.4166666666666667,Youth,Low Spenders,0.0,1.0,3.0,0.125,1.0,1.0,0.07077140835102619,0.3333333333333333,0.1,0.04953998584571833,0.4666666666666667,0.4166666666666667,0.37,0.1175,score_free_checkedbag
599065,2,1,6,3,0.5,0.5,0.5,Middle-age,Medium Spenders,0.25,0.5,2.5,0.5,1.0,1.0,0.12987012987012986,0.16666666666666666,0.08333333333333333,0.0909090909090909,0.33333333333333337,0.5,0.35833333333333334,0.375,score_exclusive_discount
599239,1,0,9,2,0.0,0.2222222222222222,0.3888888888888889,Middle-age,Medium Spenders,0.0,0.0,4.5,0.2,1.0,0.5,0.13071895424836602,0.0,0.15,0.0915032679738562,0.1,0.3888888888888889,0.40499999999999997,0.185,score_free_meal
599244,2,0,6,1,0.0,0.16666666666666666,0.4166666666666667,Youth,At Risk,0.0,0.0,0.0,0.125,0.0,1.0,0.10764262648008613,0.0,0.0,0.07534983853606028,0.2,0.4166666666666667,0.0,0.0875,score_exclusive_discount
599311,5,2,3,1,0.4,0.3333333333333333,0.5333333333333333,Middle-age,Low Spenders,0.0,0.5,1.67,0.375,0.6666666666666666,0.6666666666666666,0.14064697609001406,0.16666666666666666,0.05566666666666666,0.09845288326300984,0.26666666666666666,0.5333333333333333,0.23896666666666666,0.27919999999999995,score_exclusive_discount
599335,4,2,4,1,0.5,0.25,0.625,Middle-age,High Spenders,0.0,0.67,4.0,0.375,0.6666666666666666,1.0,0.1016260162601626,0.22333333333333336,0.13333333333333333,0.07113821138211382,0.3786666666666667,0.625,0.29333333333333333,0.30249999999999994,score_exclusive_discount
599348,0,0,8,5,0.0,0.625,0.5,Middle-age,Medium Spenders,0.0,0.4,2.0,0.625,0.6,1.0,0.10952902519167579,0.13333333333333333,0.06666666666666667,0.07667031763417305,0.3066666666666667,0.5,0.22666666666666666,0.4575,score_exclusive_discount
599437,4,2,4,1,0.5,0.25,0.625,Middle-age,High Spenders,0.0,0.0,2.67,0.375,1.0,1.0,0.117096018735363,0.0,0.089,0.08196721311475409,0.2,0.625,0.36229999999999996,0.28919999999999996,score_exclusive_discount
599454,2,2,6,2,1.0,0.3333333333333333,0.8333333333333334,Middle-age,Champions,0.25,0.0,7.0,0.5,1.0,1.0,0.13812154696132597,0.0,0.23333333333333334,0.09668508287292818,0.2,0.8333333333333334,0.4633333333333333,0.42,score_exclusive_discount
599649,3,3,5,2,1.0,0.4,0.8,Middle-age,Champions,0.2,0.39,3.67,0.625,1.0,1.0,0.1203369434416366,0.13,0.12233333333333334,0.08423586040914562,0.30400000000000005,0.8,0.38563333333333333,0.4742,score_exclusive_discount
599651,4,0,5,0,0.0,0.0,0.5,0,0,0.0,0.0,0.0,0.0,0.0,0.0,0.0,0.0,0.0,0.0,0.0,0.5,0.0,0.0,score_exclusive_discount
599657,4,1,4,0,0.25,0.0,0.625,Middle-age,At Risk,0.0,0.0,1.0,0.125,1.0,1.0,0.14285714285714285,0.0,0.03333333333333333,0.09999999999999999,0.2,0.625,0.3233333333333333,0.09749999999999999,score_exclusive_discount
599765,1,1,7,0,1.0,0.0,1.0,Middle-age,Low Spenders,0.0,0.0,8.0,0.125,1.0,1.0,0.09049773755656108,0.0,0.26666666666666666,0.06334841628959276,0.2,1.0,0.48666666666666664,0.16749999999999998,score_exclusive_discount
599790,2,0,6,0,0.0,0.0,0.5,0,0,0.0,0.0,0.0,0.0,0.0,0.0,0.0,0.0,0.0,0.0,0.0,0.5,0.0,0.0,score_exclusive_discount
599833,1,1,7,3,1.0,0.42857142857142855,0.7857142857142857,Middle-age,High Spenders,0.0,0.25,4.75,0.5,1.0,1.0,0.09940357852882703,0.08333333333333333,0.15833333333333333,0.06958250497017891,0.26666666666666666,0.7857142857142857,0.41083333333333333,0.39749999999999996,score_exclusive_discount
599909,1,0,7,0,0.0,0.0,0.5,0,0,0.0,0.0,0.0,0.0,0.0,0.0,0.0,0.0,0.0,0.0,0.0,0.5,0.0,0.0,score_exclusive_discount
599927,2,1,6,3,0.5,0.5,0.5,Middle-age,High Spenders,0.0,0.5,2.25,0.5,1.0,1.0,0.11806375442739081,0.16666666666666666,0.075,0.08264462809917356,0.33333333333333337,0.5,0.3525,0.3725,score_exclusive_discount
599999,2,0,6,0,0.0,0.0,0.5,0,0,0.0,0.0,0.0,0.0,0.0,0.0,0.0,0.0,0.0,0.0,0.0,0.5,0.0,0.0,score_exclusive_discount
600011,1,0,7,3,0.0,0.42857142857142855,0.2857142857142857,Middle-age,High Spenders,0.0,0.0,1.33,0.375,0.6666666666666666,1.0,0.129366106080207,0.0,0.044333333333333336,0.09055627425614489,0.2,0.2857142857142857,0.2310333333333333,0.27579999999999993,score_exclusive_discount
600018,1,1,7,4,1.0,0.5714285714285714,0.7142857142857143,Middle-age,High Spenders,0.0,1.1,1.4,0.625,0.8,1.0,0.11198208286674133,0.3666666666666667,0.04666666666666666,0.07838745800671892,0.4933333333333334,0.7142857142857143,0.27266666666666667,0.4515,score_exclusive_discount
600057,4,1,4,0,0.25,0.0,0.625,Middle-age,Low Spenders,0.0,0.0,6.0,0.125,1.0,1.0,0.11778563015312131,0.0,0.2,0.08244994110718491,0.2,0.625,0.43999999999999995,0.1475,score_exclusive_discount
600078,2,1,6,2,0.5,0.3333333333333333,0.5833333333333334,Middle-age,Low Spenders,0.0,1.0,2.0,0.375,0.6666666666666666,1.0,0.13458950201884254,0.3333333333333333,0.06666666666666667,0.09421265141318977,0.4666666666666667,0.5833333333333334,0.24666666666666665,0.2825,score_exclusive_discount
600163,2,0,6,1,0.0,0.16666666666666666,0.4166666666666667,Middle-age,At Risk,0.0,0.0,5.0,0.125,1.0,0.0,1.0,0.0,0.16666666666666666,0.7,0.0,0.4166666666666667,0.41666666666666663,0.13749999999999998,score_free_cancellation
600265,1,0,7,1,0.0,0.14285714285714285,0.4285714285714286,Middle-age,Medium Spenders,0.0,0.0,17.0,0.125,1.0,1.0,0.004423995752964077,0.0,0.5666666666666667,0.003096797027074854,0.2,0.4285714285714286,0.6966666666666665,0.25749999999999995,score_free_meal
600287,3,1,5,1,0.3333333333333333,0.2,0.5666666666666667,Middle-age,At Risk,0.0,0.5,1.0,0.25,1.0,1.0,0.10141987829614606,0.16666666666666666,0.03333333333333333,0.07099391480730223,0.33333333333333337,0.5666666666666667,0.3233333333333333,0.185,score_exclusive_discount
600304,0,0,8,2,0.0,0.25,0.5,Middle-age,At Risk,0.0,1.0,1.0,0.25,1.0,1.0,0.13812154696132597,0.3333333333333333,0.03333333333333333,0.09668508287292818,0.4666666666666667,0.5,0.3233333333333333,0.185,score_exclusive_discount
600351,1,1,7,1,1.0,0.14285714285714285,0.9285714285714286,Middle-age,Medium Spenders,0.0,0.5,2.0,0.25,0.5,1.0,0.117096018735363,0.16666666666666666,0.06666666666666667,0.08196721311475409,0.33333333333333337,0.9285714285714286,0.19666666666666666,0.19499999999999998,score_exclusive_discount
600395,1,1,7,3,1.0,0.42857142857142855,0.7857142857142857,Middle-age,Medium Spenders,0.0,0.67,2.0,0.5,1.0,0.75,0.1347708894878706,0.22333333333333336,0.06666666666666667,0.09433962264150943,0.3286666666666667,0.7857142857142857,0.3466666666666667,0.37,score_exclusive_discount
600444,2,2,6,3,1.0,0.5,0.75,Middle-age,Medium Spenders,0.0,0.4,1.6,0.625,1.0,1.0,0.12165450121654503,0.13333333333333333,0.05333333333333334,0.08515815085158152,0.3066666666666667,0.75,0.3373333333333333,0.4535,score_exclusive_discount
600515,4,3,5,2,0.75,0.4,0.675,Middle-age,Medium Spenders,0.2,1.0,2.67,0.5555555555555556,1.0,1.0,0.1267427122940431,0.3333333333333333,0.089,0.08871989860583017,0.4666666666666667,0.675,0.36229999999999996,0.4155888888888889,score_exclusive_discount
600561,3,0,5,2,0.0,0.4,0.3,Middle-age,Low Spenders,0.0,0.5,1.0,0.25,1.0,1.0,0.10570824524312895,0.16666666666666666,0.03333333333333333,0.07399577167019027,0.33333333333333337,0.3,0.3233333333333333,0.185,score_free_checkedbag
600605,2,1,6,2,0.5,0.3333333333333333,0.5833333333333334,Middle-age,High Spenders,0.0,0.0,6.0,0.375,1.0,0.6666666666666666,0.12919896640826872,0.0,0.2,0.0904392764857881,0.13333333333333333,0.5833333333333334,0.43999999999999995,0.32249999999999995,score_exclusive_discount
600648,2,1,6,4,0.5,0.6666666666666666,0.4166666666666667,Middle-age,Champions,0.0,0.58,2.0,0.625,0.8,0.8,0.10741138560687433,0.19333333333333333,0.06666666666666667,0.07518796992481203,0.3146666666666667,0.4166666666666667,0.2866666666666666,0.4575,score_free_night_flight
600690,3,1,6,4,0.3333333333333333,0.6666666666666666,0.33333333333333337,Middle-age,Champions,0.0,0.44,6.2,0.5555555555555556,1.0,0.6,0.11655011655011654,0.14666666666666667,0.20666666666666667,0.08158508158508157,0.23733333333333334,0.33333333333333337,0.44466666666666665,0.4508888888888889,score_free_night_flight
600750,1,0,7,2,0.0,0.2857142857142857,0.35714285714285715,Middle-age,Medium Spenders,0.0,0.0,1.5,0.25,1.0,1.0,0.12376237623762376,0.0,0.05,0.08663366336633663,0.2,0.35714285714285715,0.33499999999999996,0.19,score_exclusive_discount
600796,2,1,6,0,0.5,0.0,0.75,Elderly,Medium Spenders,0.0,0.0,6.0,0.125,1.0,0.0,1.0,0.0,0.2,0.7,0.0,0.75,0.43999999999999995,0.1475,score_exclusive_discount
600833,1,0,7,1,0.0,0.14285714285714285,0.4285714285714286,Elderly,Medium Spenders,0.0,0.0,9.0,0.125,1.0,0.0,1.0,0.0,0.3,0.7,0.0,0.4285714285714286,0.51,0.1775,score_free_cancellation
600842,3,1,5,3,0.3333333333333333,0.6,0.3666666666666667,Middle-age,Low Spenders,0.25,0.0,3.0,0.5,0.75,0.5,1.0,0.0,0.1,0.7,0.1,0.3666666666666667,0.295,0.38,score_free_cancellation
600886,3,1,6,3,0.3333333333333333,0.5,0.41666666666666663,Middle-age,High Spenders,0.0,0.5,3.75,0.4444444444444444,1.0,1.0,0.15723270440251572,0.16666666666666666,0.125,0.110062893081761,0.33333333333333337,0.41666666666666663,0.38749999999999996,0.34861111111111104,score_exclusive_discount
600926,3,1,5,1,0.3333333333333333,0.2,0.5666666666666667,Middle-age,Low Spenders,0.0,0.0,2.5,0.25,1.0,1.0,0.12422360248447203,0.0,0.08333333333333333,0.08695652173913042,0.2,0.5666666666666667,0.35833333333333334,0.19999999999999998,score_exclusive_discount
600930,2,1,6,1,0.5,0.16666666666666666,0.6666666666666667,Middle-age,Medium Spenders,0.0,0.5,0.5,0.25,0.5,1.0,0.1631321370309951,0.16666666666666666,0.016666666666666666,0.11419249592169657,0.33333333333333337,0.6666666666666667,0.16166666666666665,0.18,score_exclusive_discount
601094,0,0,8,0,0.0,0.0,0.5,0,0,0.0,0.0,0.0,0.0,0.0,0.0,0.0,0.0,0.0,0.0,0.0,0.5,0.0,0.0,score_exclusive_discount
601104,2,1,6,1,0.5,0.16666666666666666,0.6666666666666667,Middle-age,Champions,0.0,1.0,10.0,0.25,1.0,0.5,0.1023541453428864,0.3333333333333333,0.3333333333333333,0.07164790174002048,0.3666666666666667,0.6666666666666667,0.5333333333333333,0.27499999999999997,score_exclusive_discount
601116,1,0,7,2,0.0,0.2857142857142857,0.35714285714285715,Middle-age,Medium Spenders,0.0,0.0,4.5,0.25,1.0,0.5,0.14513788098693758,0.0,0.15,0.1015965166908563,0.1,0.35714285714285715,0.40499999999999997,0.21999999999999997,score_free_meal
601158,3,1,5,1,0.3333333333333333,0.2,0.5666666666666667,Middle-age,Medium Spenders,0.0,0.5,1.5,0.25,0.5,1.0,0.13297872340425532,0.16666666666666666,0.05,0.09308510638297872,0.33333333333333337,0.5666666666666667,0.185,0.19,score_exclusive_discount
601282,3,2,5,0,0.6666666666666666,0.0,0.8333333333333333,Middle-age,Low Spenders,0.0,0.5,1.5,0.25,1.0,1.0,0.13736263736263735,0.16666666666666666,0.05,0.09615384615384613,0.33333333333333337,0.8333333333333333,0.33499999999999996,0.19,score_exclusive_discount
601582,2,0,6,2,0.0,0.3333333333333333,0.33333333333333337,Middle-age,High Spenders,0.0,0.0,9.5,0.25,1.0,0.5,0.15600624024961,0.0,0.31666666666666665,0.10920436817472699,0.1,0.33333333333333337,0.5216666666666666,0.26999999999999996,score_free_meal
601673,2,1,6,4,0.5,0.6666666666666666,0.4166666666666667,Middle-age,Champions,0.0,0.0,2.0,0.625,0.8,1.0,0.11376564277588169,0.0,0.06666666666666667,0.07963594994311718,0.2,0.4166666666666667,0.2866666666666666,0.4575,score_free_night_flight
601882,2,0,7,3,0.0,0.42857142857142855,0.2857142857142857,Middle-age,Low Spenders,0.0,0.0,1.67,0.3333333333333333,0.6666666666666666,1.0,0.15151515151515152,0.0,0.05566666666666666,0.10606060606060606,0.2,0.2857142857142857,0.23896666666666666,0.25003333333333333,score_exclusive_discount
601894,2,0,7,2,0.0,0.2857142857142857,0.35714285714285715,Youth,Low Spenders,0.0,0.0,3.5,0.2222222222222222,1.0,0.5,0.14347202295552366,0.0,0.11666666666666667,0.10043041606886656,0.1,0.35714285714285715,0.38166666666666665,0.19055555555555553,score_free_meal
601917,3,2,5,2,0.6666666666666666,0.4,0.6333333333333333,Middle-age,High Spenders,0.0,0.38,1.5,0.5,0.75,1.0,0.12121212121212122,0.12666666666666668,0.05,0.08484848484848484,0.30133333333333334,0.6333333333333333,0.25999999999999995,0.365,score_exclusive_discount
602120,4,2,4,2,0.5,0.5,0.5,Middle-age,Medium Spenders,0.0,0.5,3.5,0.5,1.0,1.0,0.12422360248447203,0.16666666666666666,0.11666666666666667,0.08695652173913042,0.33333333333333337,0.5,0.38166666666666665,0.38499999999999995,score_exclusive_discount
602190,1,0,7,2,0.0,0.2857142857142857,0.35714285714285715,Middle-age,High Spenders,0.0,0.0,7.0,0.25,1.0,0.5,0.07621951219512195,0.0,0.23333333333333334,0.053353658536585365,0.1,0.35714285714285715,0.4633333333333333,0.245,score_free_meal
602323,3,1,6,1,0.3333333333333333,0.16666666666666666,0.5833333333333334,Youth,Low Spenders,0.0,0.0,2.0,0.2222222222222222,1.0,0.5,0.06830601092896174,0.0,0.06666666666666667,0.047814207650273215,0.1,0.5833333333333334,0.3466666666666667,0.17555555555555552,score_exclusive_discount
602433,2,1,6,2,0.5,0.3333333333333333,0.5833333333333334,Middle-age,Medium Spenders,0.0,0.67,1.33,0.375,1.0,1.0,0.1358695652173913,0.22333333333333336,0.044333333333333336,0.0951086956521739,0.3786666666666667,0.5833333333333334,0.33103333333333335,0.27579999999999993,score_exclusive_discount
602476,3,2,5,2,0.6666666666666666,0.4,0.6333333333333333,Middle-age,High Spenders,0.0,0.0,4.0,0.5,1.0,0.75,0.10504201680672269,0.0,0.13333333333333333,0.07352941176470588,0.15000000000000002,0.6333333333333333,0.3933333333333333,0.38999999999999996,score_exclusive_discount
602478,0,0,8,2,0.0,0.25,0.5,Youth,Champions,0.0,0.0,13.5,0.25,1.0,0.0,1.0,0.0,0.45,0.7,0.0,0.5,0.615,0.31,score_free_cancellation
602598,3,1,5,3,0.3333333333333333,0.6,0.3666666666666667,Middle-age,High Spenders,0.0,0.67,3.5,0.5,1.0,0.75,0.10775862068965518,0.22333333333333336,0.11666666666666667,0.07543103448275862,0.3286666666666667,0.3666666666666667,0.38166666666666665,0.38499999999999995,score_free_night_flight
602656,1,1,7,2,1.0,0.2857142857142857,0.8571428571428572,Middle-age,High Spenders,0.0,0.83,3.33,0.375,1.0,1.0,0.12391573729863692,0.27666666666666667,0.111,0.08674101610904583,0.42133333333333334,0.8571428571428572,0.3777,0.29579999999999995,score_exclusive_discount
602734,3,1,5,1,0.3333333333333333,0.2,0.5666666666666667,0,0,0.0,0.0,0.0,0.0,0.0,0.0,0.0,0.0,0.0,0.0,0.0,0.5666666666666667,0.0,0.0,score_exclusive_discount
602748,4,1,4,3,0.25,0.75,0.25,Middle-age,Champions,0.0,0.38,1.5,0.5,0.75,1.0,0.02092487968194183,0.12666666666666668,0.05,0.01464741577735928,0.30133333333333334,0.25,0.25999999999999995,0.365,score_free_night_flight
602769,3,1,6,5,0.3333333333333333,0.8333333333333334,0.25,Middle-age,High Spenders,0.17,0.5,1.75,0.6666666666666666,1.0,1.0,0.09960159362549802,0.16666666666666666,0.058333333333333334,0.06972111553784861,0.33333333333333337,0.25,0.3408333333333333,0.48416666666666663,score_free_night_flight
602793,1,0,7,2,0.0,0.2857142857142857,0.35714285714285715,Middle-age,Low Spenders,0.0,1.0,3.0,0.25,1.0,0.5,0.1488095238095238,0.3333333333333333,0.1,0.10416666666666666,0.3666666666666667,0.35714285714285715,0.37,0.205,score_free_meal
602827,2,2,6,3,1.0,0.5,0.75,Middle-age,Champions,0.0,0.6,2.0,0.625,1.0,1.0,0.12594458438287154,0.19999999999999998,0.06666666666666667,0.08816120906801007,0.36,0.75,0.3466666666666667,0.4575,score_exclusive_discount
602918,2,1,6,2,0.5,0.3333333333333333,0.5833333333333334,Middle-age,Low Spenders,0.0,1.0,2.0,0.375,0.3333333333333333,0.6666666666666666,0.11467889908256883,0.3333333333333333,0.06666666666666667,0.08027522935779817,0.4,0.5833333333333334,0.14666666666666667,0.2825,score_exclusive_discount
602921,0,0,8,1,0.0,0.125,0.5,Elderly,Low Spenders,0.0,1.0,1.0,0.125,1.0,1.0,0.11627906976744186,0.3333333333333333,0.03333333333333333,0.0813953488372093,0.4666666666666667,0.5,0.3233333333333333,0.09749999999999999,score_exclusive_discount
602925,2,1,7,4,0.5,0.5714285714285714,0.4642857142857143,Middle-age,Champions,0.0,0.5,6.2,0.5555555555555556,0.8,0.8,0.12195121951219513,0.16666666666666666,0.20666666666666667,0.08536585365853659,0.29333333333333333,0.4642857142857143,0.38466666666666666,0.4508888888888889,score_exclusive_discount
602946,1,0,7,4,0.0,0.5714285714285714,0.2142857142857143,Middle-age,Champions,0.0,0.33,4.25,0.5,1.0,0.75,0.11737089201877934,0.11,0.14166666666666666,0.08215962441314553,0.23800000000000004,0.2142857142857143,0.39916666666666667,0.39249999999999996,score_free_meal
602953,4,2,6,4,0.5,0.6666666666666666,0.4166666666666667,Middle-age,High Spenders,0.17,0.75,2.25,0.6,0.8333333333333334,1.0,0.12919896640826872,0.25,0.075,0.0904392764857881,0.4,0.4166666666666667,0.3025,0.4425,score_free_night_flight
602962,2,1,6,2,0.5,0.3333333333333333,0.5833333333333334,Middle-age,Medium Spenders,0.0,0.67,3.67,0.375,1.0,1.0,0.09930486593843098,0.22333333333333336,0.12233333333333334,0.06951340615690169,0.3786666666666667,0.5833333333333334,0.38563333333333333,0.29919999999999997,score_exclusive_discount
603033,4,2,4,0,0.5,0.0,0.75,0,0,0.0,0.0,0.0,0.0,0.0,0.0,0.0,0.0,0.0,0.0,0.0,0.75,0.0,0.0,score_exclusive_discount
603053,2,1,6,2,0.5,0.3333333333333333,0.5833333333333334,Middle-age,Medium Spenders,0.0,0.0,1.33,0.375,1.0,1.0,0.16778523489932887,0.0,0.044333333333333336,0.1174496644295302,0.2,0.5833333333333334,0.33103333333333335,0.27579999999999993,score_exclusive_discount
603100,1,1,7,0,1.0,0.0,1.0,Youth,Medium Spenders,0.0,0.0,17.0,0.125,1.0,0.0,1.0,0.0,0.5666666666666667,0.7,0.0,1.0,0.6966666666666665,0.25749999999999995,score_exclusive_discount
603160,3,2,5,4,0.6666666666666666,0.8,0.4333333333333333,Middle-age,Champions,0.0,0.67,1.83,0.75,0.8333333333333334,1.0,0.12903225806451613,0.22333333333333336,0.061000000000000006,0.09032258064516129,0.3786666666666667,0.4333333333333333,0.2927,0.5432999999999999,score_free_night_flight
603221,1,0,7,0,0.0,0.0,0.5,0,0,0.0,0.0,0.0,0.0,0.0,0.0,0.0,0.0,0.0,0.0,0.0,0.5,0.0,0.0,score_exclusive_discount
603278,5,2,3,1,0.4,0.3333333333333333,0.5333333333333333,Middle-age,Low Spenders,0.0,1.0,1.33,0.375,1.0,1.0,0.15772870662460567,0.3333333333333333,0.044333333333333336,0.11041009463722395,0.4666666666666667,0.5333333333333333,0.33103333333333335,0.27579999999999993,score_exclusive_discount
603296,3,2,5,1,0.6666666666666666,0.2,0.7333333333333333,Middle-age,Low Spenders,0.0,1.0,0.33,0.375,0.3333333333333333,1.0,0.10869565217391305,0.3333333333333333,0.011000000000000001,0.07608695652173914,0.4666666666666667,0.7333333333333333,0.10769999999999999,0.2658,score_exclusive_discount
603341,1,0,8,0,0.0,0.0,0.5,0,0,0.0,0.0,0.0,0.0,0.0,0.0,0.0,0.0,0.0,0.0,0.0,0.5,0.0,0.0,score_exclusive_discount
603345,2,0,6,2,0.0,0.3333333333333333,0.33333333333333337,Middle-age,Low Spenders,0.0,1.0,1.5,0.25,1.0,1.0,0.1579778830963665,0.3333333333333333,0.05,0.11058451816745656,0.4666666666666667,0.33333333333333337,0.33499999999999996,0.19,score_free_checkedbag
603440,2,1,6,4,0.5,0.6666666666666666,0.4166666666666667,Middle-age,Medium Spenders,0.2,0.0,4.33,0.625,1.0,0.8,0.14388489208633093,0.0,0.14433333333333334,0.10071942446043164,0.16000000000000003,0.4166666666666667,0.40103333333333335,0.4808,score_free_night_flight
603515,1,0,7,3,0.0,0.42857142857142855,0.2857142857142857,Middle-age,High Spenders,0.0,0.5,4.0,0.375,1.0,0.6666666666666666,0.09950248756218905,0.16666666666666666,0.13333333333333333,0.06965174129353233,0.26666666666666666,0.2857142857142857,0.3933333333333333,0.30249999999999994,score_free_meal
603592,2,1,6,3,0.5,0.5,0.5,Middle-age,Medium Spenders,0.25,0.5,4.0,0.5,1.0,1.0,0.10416666666666667,0.16666666666666666,0.13333333333333333,0.07291666666666667,0.33333333333333337,0.5,0.3933333333333333,0.38999999999999996,score_exclusive_discount
603635,3,2,5,2,0.6666666666666666,0.4,0.6333333333333333,Elderly,Medium Spenders,0.25,1.0,5.5,0.5,1.0,1.0,0.09775171065493646,0.3333333333333333,0.18333333333333332,0.06842619745845552,0.4666666666666667,0.6333333333333333,0.42833333333333334,0.40499999999999997,score_exclusive_discount
603715,2,1,6,2,0.5,0.3333333333333333,0.5833333333333334,Middle-age,High Spenders,0.0,0.0,3.33,0.375,1.0,0.6666666666666666,0.11668611435239207,0.0,0.111,0.08168028004667444,0.13333333333333333,0.5833333333333334,0.3777,0.29579999999999995,score_exclusive_discount
603809,2,1,7,1,0.5,0.14285714285714285,0.6785714285714286,Middle-age,At Risk,0.0,1.0,2.0,0.2222222222222222,1.0,0.5,0.1107419712070875,0.3333333333333333,0.06666666666666667,0.07751937984496124,0.3666666666666667,0.6785714285714286,0.3466666666666667,0.17555555555555552,score_exclusive_discount
603875,3,1,5,1,0.3333333333333333,0.2,0.5666666666666667,Middle-age,Low Spenders,0.0,0.5,6.0,0.25,1.0,1.0,0.13679890560875513,0.16666666666666666,0.2,0.09575923392612859,0.33333333333333337,0.5666666666666667,0.43999999999999995,0.235,score_exclusive_discount
603883,1,1,7,2,1.0,0.2857142857142857,0.8571428571428572,Middle-age,Medium Spenders,0.0,0.5,2.0,0.375,1.0,0.6666666666666666,0.07558578987150416,0.16666666666666666,0.06666666666666667,0.05291005291005291,0.26666666666666666,0.8571428571428572,0.3466666666666667,0.2825,score_exclusive_discount
604136,2,1,6,2,0.5,0.3333333333333333,0.5833333333333334,Middle-age,Low Spenders,0.0,0.0,2.33,0.375,0.3333333333333333,0.6666666666666666,0.14492753623188406,0.0,0.07766666666666668,0.10144927536231883,0.13333333333333333,0.5833333333333334,0.15436666666666665,0.28579999999999994,score_exclusive_discount
604355,2,2,6,1,1.0,0.16666666666666666,0.9166666666666667,Middle-age,Medium Spenders,0.0,1.5,3.0,0.375,1.0,0.6666666666666666,0.12562814070351758,0.5,0.1,0.0879396984924623,0.5333333333333333,0.9166666666666667,0.37,0.2925,score_exclusive_discount
604388,2,1,6,0,0.5,0.0,0.75,Middle-age,At Risk,0.0,2.0,1.0,0.125,1.0,1.0,0.18656716417910446,0.6666666666666666,0.03333333333333333,0.13059701492537312,0.7333333333333334,0.75,0.3233333333333333,0.09749999999999999,score_exclusive_discount
604592,2,1,6,0,0.5,0.0,0.75,Youth,At Risk,0.0,0.5,0.0,0.125,0.0,1.0,0.008774238834781083,0.16666666666666666,0.0,0.006141967184346757,0.33333333333333337,0.75,0.0,0.0875,score_exclusive_discount
604617,1,0,7,2,0.0,0.2857142857142857,0.35714285714285715,Middle-age,Low Spenders,0.0,1.0,5.0,0.25,0.5,0.5,0.09191176470588235,0.3333333333333333,0.16666666666666666,0.06433823529411764,0.3666666666666667,0.35714285714285715,0.26666666666666666,0.22499999999999998,score_free_checkedbag
604664,1,0,7,0,0.0,0.0,0.5,0,0,0.0,0.0,0.0,0.0,0.0,0.0,0.0,0.0,0.0,0.0,0.0,0.5,0.0,0.0,score_exclusive_discount
604688,3,2,5,3,0.6666666666666666,0.6,0.5333333333333333,Middle-age,Medium Spenders,0.2,0.67,3.0,0.625,0.8,1.0,0.12376237623762376,0.22333333333333336,0.1,0.08663366336633663,0.3786666666666667,0.5333333333333333,0.31,0.4675,score_exclusive_discount
604804,2,0,6,2,0.0,0.3333333333333333,0.33333333333333337,Middle-age,At Risk,0.0,0.5,0.5,0.25,0.5,1.0,0.13908205841446453,0.16666666666666666,0.016666666666666666,0.09735744089012516,0.33333333333333337,0.33333333333333337,0.16166666666666665,0.18,score_free_checkedbag
604840,1,0,7,3,0.0,0.42857142857142855,0.2857142857142857,Middle-age,Champions,0.0,0.17,2.0,0.375,1.0,1.0,0.10845986984815617,0.05666666666666667,0.06666666666666667,0.07592190889370931,0.24533333333333335,0.2857142857142857,0.3466666666666667,0.2825,score_free_meal
604916,3,0,5,0,0.0,0.0,0.5,0,0,0.0,0.0,0.0,0.0,0.0,0.0,0.0,0.0,0.0,0.0,0.0,0.5,0.0,0.0,score_exclusive_discount
604982,2,1,6,2,0.5,0.3333333333333333,0.5833333333333334,Middle-age,High Spenders,0.0,0.33,3.0,0.375,1.0,1.0,0.0947867298578199,0.11,0.1,0.06635071090047392,0.28800000000000003,0.5833333333333334,0.37,0.2925,score_exclusive_discount
605004,2,0,6,3,0.0,0.5,0.25,Middle-age,High Spenders,0.0,0.67,2.33,0.375,1.0,1.0,0.12820512820512822,0.22333333333333336,0.07766666666666668,0.08974358974358974,0.3786666666666667,0.25,0.35436666666666666,0.28579999999999994,score_free_checkedbag
605096,1,0,7,3,0.0,0.42857142857142855,0.2857142857142857,Middle-age,Medium Spenders,0.0,1.33,2.0,0.375,1.0,1.0,0.15015015015015015,0.44333333333333336,0.06666666666666667,0.1051051051051051,0.5546666666666666,0.2857142857142857,0.3466666666666667,0.2825,score_free_checkedbag
605136,2,0,6,1,0.0,0.16666666666666666,0.4166666666666667,Youth,High Spenders,0.0,0.0,15.0,0.125,1.0,0.0,1.0,0.0,0.5,0.7,0.0,0.4166666666666667,0.6499999999999999,0.2375,score_free_cancellation
605308,2,0,6,0,0.0,0.0,0.5,0,0,0.0,0.0,0.0,0.0,0.0,0.0,0.0,0.0,0.0,0.0,0.0,0.5,0.0,0.0,score_exclusive_discount
605311,0,0,8,3,0.0,0.375,0.5,Middle-age,Medium Spenders,0.0,0.5,3.0,0.375,1.0,1.0,0.14326647564469913,0.16666666666666666,0.1,0.10028653295128939,0.33333333333333337,0.5,0.37,0.2925,score_exclusive_discount
605439,2,0,6,2,0.0,0.3333333333333333,0.33333333333333337,Middle-age,High Spenders,0.0,0.0,4.5,0.25,1.0,1.0,0.07132667617689016,0.0,0.15,0.04992867332382311,0.2,0.33333333333333337,0.40499999999999997,0.21999999999999997,score_free_meal
605494,1,0,7,3,0.0,0.42857142857142855,0.2857142857142857,Middle-age,High Spenders,0.0,1.0,2.33,0.375,1.0,1.0,0.12300123001230014,0.3333333333333333,0.07766666666666668,0.08610086100861009,0.4666666666666667,0.2857142857142857,0.35436666666666666,0.28579999999999994,score_free_checkedbag
605558,0,0,8,5,0.0,0.625,0.5,Middle-age,Medium Spenders,0.0,0.33,3.4,0.625,1.0,0.6,0.1321003963011889,0.11,0.11333333333333333,0.09247027741083222,0.20800000000000002,0.5,0.3793333333333333,0.4715,score_exclusive_discount
605578,3,0,5,1,0.0,0.2,0.4,Middle-age,Low Spenders,0.0,0.0,8.0,0.125,1.0,0.0,1.0,0.0,0.26666666666666666,0.7,0.0,0.4,0.48666666666666664,0.16749999999999998,score_free_cancellation
605607,2,0,6,1,0.0,0.16666666666666666,0.4166666666666667,Middle-age,Low Spenders,0.0,2.0,2.0,0.125,1.0,1.0,0.16977928692699493,0.6666666666666666,0.06666666666666667,0.11884550084889645,0.7333333333333334,0.4166666666666667,0.3466666666666667,0.1075,score_free_checkedbag
605615,4,1,4,3,0.25,0.75,0.25,Middle-age,Low Spenders,0.25,0.5,1.5,0.5,0.75,1.0,0.1360544217687075,0.16666666666666666,0.05,0.09523809523809525,0.33333333333333337,0.25,0.25999999999999995,0.365,score_free_night_flight
605619,2,0,6,2,0.0,0.3333333333333333,0.33333333333333337,Middle-age,Low Spenders,0.0,2.0,3.0,0.25,1.0,1.0,0.12437810945273634,0.6666666666666666,0.1,0.08706467661691543,0.7333333333333334,0.33333333333333337,0.37,0.205,score_free_checkedbag
605776,1,1,7,4,1.0,0.5714285714285714,0.7142857142857143,Youth,Champions,0.0,0.75,4.2,0.625,0.8,0.4,0.007537499057812619,0.25,0.14,0.005276249340468833,0.28,0.7142857142857143,0.33799999999999997,0.4795,score_exclusive_discount
605780,1,1,7,1,1.0,0.14285714285714285,0.9285714285714286,Middle-age,At Risk,0.0,1.0,0.5,0.25,0.5,1.0,0.10834236186348863,0.3333333333333333,0.016666666666666666,0.07583965330444203,0.4666666666666667,0.9285714285714286,0.16166666666666665,0.18,score_exclusive_discount
605878,3,1,5,1,0.3333333333333333,0.2,0.5666666666666667,Middle-age,Low Spenders,0.0,0.5,3.5,0.25,1.0,1.0,0.11918951132300357,0.16666666666666666,0.11666666666666667,0.0834326579261025,0.33333333333333337,0.5666666666666667,0.38166666666666665,0.21,score_exclusive_discount
605943,4,0,4,1,0.0,0.25,0.375,Youth,Medium Spenders,0.0,0.0,0.0,0.125,0.0,1.0,0.004443851930853664,0.0,0.0,0.0031106963515975645,0.2,0.375,0.0,0.0875,score_exclusive_discount
605945,2,1,6,3,0.5,0.5,0.5,Middle-age,High Spenders,0.0,0.25,1.25,0.5,0.75,1.0,0.10548523206751054,0.08333333333333333,0.041666666666666664,0.07383966244725737,0.26666666666666666,0.5,0.25416666666666665,0.3625,score_exclusive_discount
606041,2,0,6,2,0.0,0.3333333333333333,0.33333333333333337,Middle-age,Medium Spenders,0.0,0.5,2.0,0.25,0.5,1.0,0.151285930408472,0.16666666666666666,0.06666666666666667,0.10590015128593039,0.33333333333333337,0.33333333333333337,0.19666666666666666,0.19499999999999998,score_free_checkedbag
606060,2,0,6,2,0.0,0.3333333333333333,0.33333333333333337,Middle-age,Medium Spenders,0.0,1.0,5.0,0.25,1.0,1.0,0.10989010989010989,0.3333333333333333,0.16666666666666666,0.07692307692307691,0.4666666666666667,0.33333333333333337,0.41666666666666663,0.22499999999999998,score_free_checkedbag
606094,3,1,5,3,0.3333333333333333,0.6,0.3666666666666667,Middle-age,Medium Spenders,0.0,0.0,2.25,0.5,1.0,1.0,0.10395010395010396,0.0,0.075,0.07276507276507277,0.2,0.3666666666666667,0.3525,0.3725,score_free_night_flight
606161,3,1,5,2,0.3333333333333333,0.4,0.4666666666666667,Middle-age,Champions,0.0,1.0,5.67,0.375,1.0,0.3333333333333333,0.10604453870625663,0.3333333333333333,0.189,0.07423117709437964,0.3333333333333333,0.4666666666666667,0.4323,0.31919999999999993,score_exclusive_discount
606283,5,0,3,1,0.0,0.3333333333333333,0.33333333333333337,Middle-age,At Risk,0.0,0.0,1.0,0.125,1.0,1.0,0.15015015015015015,0.0,0.03333333333333333,0.1051051051051051,0.2,0.33333333333333337,0.3233333333333333,0.09749999999999999,score_exclusive_discount
606290,2,0,8,4,0.0,0.5,0.25,Middle-age,Champions,0.0,1.0,2.75,0.4,1.0,0.75,0.11976047904191617,0.3333333333333333,0.09166666666666666,0.08383233532934131,0.4166666666666667,0.25,0.36416666666666664,0.3075,score_free_checkedbag
606333,2,2,6,2,1.0,0.3333333333333333,0.8333333333333334,Middle-age,Medium Spenders,0.0,0.67,4.5,0.5,0.75,0.75,0.12121212121212122,0.22333333333333336,0.15,0.08484848484848484,0.3286666666666667,0.8333333333333334,0.32999999999999996,0.39499999999999996,score_exclusive_discount
606362,3,0,5,1,0.0,0.2,0.4,Middle-age,High Spenders,0.0,0.0,5.0,0.125,1.0,1.0,0.0744047619047619,0.0,0.16666666666666666,0.05208333333333333,0.2,0.4,0.41666666666666663,0.13749999999999998,score_free_meal
606456,2,0,6,0,0.0,0.0,0.5,0,0,0.0,0.0,0.0,0.0,0.0,0.0,0.0,0.0,0.0,0.0,0.0,0.5,0.0,0.0,score_exclusive_discount
606568,2,1,6,1,0.5,0.16666666666666666,0.6666666666666667,Middle-age,Medium Spenders,0.0,0.0,3.5,0.25,1.0,0.5,0.08090614886731393,0.0,0.11666666666666667,0.05663430420711974,0.1,0.6666666666666667,0.38166666666666665,0.21,score_exclusive_discount
606635,2,1,6,1,0.5,0.16666666666666666,0.6666666666666667,Middle-age,High Spenders,0.0,0.0,4.5,0.25,1.0,1.0,0.1234567901234568,0.0,0.15,0.08641975308641975,0.2,0.6666666666666667,0.40499999999999997,0.21999999999999997,score_exclusive_discount
606648,1,0,7,4,0.0,0.5714285714285714,0.2142857142857143,Middle-age,Champions,0.0,0.0,2.25,0.5,1.0,0.5,0.16051364365971107,0.0,0.075,0.11235955056179775,0.1,0.2142857142857143,0.3525,0.3725,score_free_night_flight
606762,3,0,5,3,0.0,0.6,0.2,Middle-age,Medium Spenders,0.0,1.5,2.33,0.375,1.0,0.6666666666666666,0.12376237623762376,0.5,0.07766666666666668,0.08663366336633663,0.5333333333333333,0.2,0.35436666666666666,0.28579999999999994,score_free_checkedbag
606862,2,2,6,0,1.0,0.0,1.0,Middle-age,Low Spenders,0.0,1.0,3.5,0.25,1.0,1.0,0.13679890560875513,0.3333333333333333,0.11666666666666667,0.09575923392612859,0.4666666666666667,1.0,0.38166666666666665,0.21,score_exclusive_discount
606930,4,3,5,3,0.75,0.6,0.575,Middle-age,Champions,0.17,1.0,2.5,0.6666666666666666,0.8333333333333334,1.0,0.1240694789081886,0.3333333333333333,0.08333333333333333,0.08684863523573202,0.4666666666666667,0.575,0.30833333333333335,0.49166666666666664,score_exclusive_discount
607017,6,3,2,1,0.5,0.5,0.5,Middle-age,High Spenders,0.0,0.33,5.5,0.5,0.75,0.75,0.12738853503184713,0.11,0.18333333333333332,0.08917197452229299,0.23800000000000004,0.5,0.3533333333333333,0.40499999999999997,score_exclusive_discount
607028,1,1,7,3,1.0,0.42857142857142855,0.7857142857142857,Middle-age,Champions,0.0,0.62,3.75,0.5,1.0,1.0,0.13089005235602094,0.20666666666666667,0.125,0.09162303664921466,0.36533333333333334,0.7857142857142857,0.38749999999999996,0.38749999999999996,score_exclusive_discount
607152,3,3,5,3,1.0,0.6,0.7,Middle-age,High Spenders,0.17,0.0,3.75,0.75,1.0,0.8333333333333334,0.12531328320802004,0.0,0.125,0.08771929824561403,0.16666666666666669,0.7,0.38749999999999996,0.5624999999999999,score_exclusive_discount
607197,3,2,5,0,0.6666666666666666,0.0,0.8333333333333333,0,0,0.0,0.0,0.0,0.0,0.0,0.0,0.0,0.0,0.0,0.0,0.0,0.8333333333333333,0.0,0.0,score_exclusive_discount
607270,0,0,8,1,0.0,0.125,0.5,Middle-age,Medium Spenders,0.0,1.0,4.0,0.125,1.0,1.0,0.11668611435239207,0.3333333333333333,0.13333333333333333,0.08168028004667444,0.4666666666666667,0.5,0.3933333333333333,0.1275,score_exclusive_discount
607280,3,1,5,0,0.3333333333333333,0.0,0.6666666666666666,Middle-age,Low Spenders,0.0,1.0,5.0,0.125,1.0,1.0,0.16233766233766234,0.3333333333333333,0.16666666666666666,0.11363636363636363,0.4666666666666667,0.6666666666666666,0.41666666666666663,0.13749999999999998,score_exclusive_discount
607350,3,1,5,2,0.3333333333333333,0.4,0.4666666666666667,Middle-age,Medium Spenders,0.0,1.0,2.0,0.375,0.6666666666666666,1.0,0.13003901170351104,0.3333333333333333,0.06666666666666667,0.09102730819245772,0.4666666666666667,0.4666666666666667,0.24666666666666665,0.2825,score_free_checkedbag
607524,3,1,5,0,0.3333333333333333,0.0,0.6666666666666666,Elderly,Champions,0.0,0.0,20.0,0.125,1.0,0.0,1.0,0.0,0.6666666666666666,0.7,0.0,0.6666666666666666,0.7666666666666666,0.2875,score_free_meal
607626,2,0,6,1,0.0,0.16666666666666666,0.4166666666666667,Youth,At Risk,0.0,0.0,9.0,0.125,1.0,0.0,1.0,0.0,0.3,0.7,0.0,0.4166666666666667,0.51,0.1775,score_free_cancellation
607706,2,0,6,2,0.0,0.3333333333333333,0.33333333333333337,Middle-age,Low Spenders,0.0,1.0,2.0,0.25,0.5,0.5,0.19379844961240308,0.3333333333333333,0.06666666666666667,0.13565891472868216,0.3666666666666667,0.33333333333333337,0.19666666666666666,0.19499999999999998,score_free_checkedbag
607799,1,0,7,1,0.0,0.14285714285714285,0.4285714285714286,Middle-age,At Risk,0.0,1.0,1.0,0.125,1.0,1.0,0.11848341232227487,0.3333333333333333,0.03333333333333333,0.0829383886255924,0.4666666666666667,0.4285714285714286,0.3233333333333333,0.09749999999999999,score_free_checkedbag
607931,2,1,6,2,0.5,0.3333333333333333,0.5833333333333334,Middle-age,Medium Spenders,0.0,0.33,1.33,0.375,0.6666666666666666,1.0,0.0979431929480901,0.11,0.044333333333333336,0.06856023506366307,0.28800000000000003,0.5833333333333334,0.2310333333333333,0.27579999999999993,score_exclusive_discount
607949,2,0,6,2,0.0,0.3333333333333333,0.33333333333333337,Youth,High Spenders,0.0,0.0,6.0,0.25,0.5,0.5,0.1322751322751323,0.0,0.2,0.0925925925925926,0.1,0.33333333333333337,0.29,0.235,score_exclusive_discount
607998,1,1,7,2,1.0,0.2857142857142857,0.8571428571428572,Middle-age,Medium Spenders,0.0,0.0,1.33,0.375,0.6666666666666666,1.0,0.11627906976744186,0.0,0.044333333333333336,0.0813953488372093,0.2,0.8571428571428572,0.2310333333333333,0.27579999999999993,score_exclusive_discount
608039,0,0,8,2,0.0,0.25,0.5,Youth,Low Spenders,0.0,1.0,3.0,0.25,1.0,0.5,0.11376564277588169,0.3333333333333333,0.1,0.07963594994311718,0.3666666666666667,0.5,0.37,0.205,score_exclusive_discount
608086,2,2,6,2,1.0,0.3333333333333333,0.8333333333333334,Middle-age,Champions,0.25,0.0,3.5,0.5,0.75,1.0,0.1362397820163488,0.0,0.11666666666666667,0.09536784741144415,0.2,0.8333333333333334,0.30666666666666664,0.38499999999999995,score_exclusive_discount
608287,1,0,7,4,0.0,0.5714285714285714,0.2142857142857143,Middle-age,High Spenders,0.0,0.67,3.0,0.5,1.0,0.75,0.1234567901234568,0.22333333333333336,0.1,0.08641975308641975,0.3286666666666667,0.2142857142857143,0.37,0.38,score_free_night_flight
608296,3,1,5,3,0.3333333333333333,0.6,0.3666666666666667,Middle-age,Champions,0.0,0.5,5.75,0.5,1.0,0.5,0.13123359580052493,0.16666666666666666,0.19166666666666668,0.09186351706036745,0.23333333333333334,0.3666666666666667,0.43416666666666665,0.4075,score_free_meal
608343,3,1,5,2,0.3333333333333333,0.4,0.4666666666666667,Middle-age,At Risk,0.33,1.0,4.0,0.375,1.0,1.0,0.15267175572519084,0.3333333333333333,0.13333333333333333,0.10687022900763359,0.4666666666666667,0.4666666666666667,0.3933333333333333,0.30249999999999994,score_free_checkedbag
608478,3,3,5,0,1.0,0.0,1.0,Middle-age,High Spenders,0.0,1.0,11.33,0.375,0.6666666666666666,0.3333333333333333,0.10090817356205853,0.3333333333333333,0.37766666666666665,0.07063572149344097,0.3333333333333333,1.0,0.4643666666666666,0.3757999999999999,score_exclusive_discount
608520,3,2,5,2,0.6666666666666666,0.4,0.6333333333333333,Middle-age,High Spenders,0.0,0.75,3.5,0.5,1.0,0.5,0.11750881316098707,0.25,0.11666666666666667,0.08225616921269095,0.30000000000000004,0.6333333333333333,0.38166666666666665,0.38499999999999995,score_exclusive_discount
608521,3,1,6,1,0.3333333333333333,0.16666666666666666,0.5833333333333334,Middle-age,Medium Spenders,0.0,1.0,2.0,0.2222222222222222,1.0,1.0,0.11013215859030837,0.3333333333333333,0.06666666666666667,0.07709251101321585,0.4666666666666667,0.5833333333333334,0.3466666666666667,0.17555555555555552,score_exclusive_discount
608629,3,3,5,2,1.0,0.4,0.8,Middle-age,High Spenders,0.0,0.4,2.4,0.625,1.0,1.0,0.1016260162601626,0.13333333333333333,0.08,0.07113821138211382,0.3066666666666667,0.8,0.356,0.4615,score_exclusive_discount
608725,0,0,8,2,0.0,0.25,0.5,Middle-age,Low Spenders,0.0,1.0,3.0,0.25,1.0,0.5,0.14749262536873156,0.3333333333333333,0.1,0.10324483775811209,0.3666666666666667,0.5,0.37,0.205,score_exclusive_discount
608727,3,1,5,3,0.3333333333333333,0.6,0.3666666666666667,Middle-age,Champions,0.0,0.0,7.5,0.5,1.0,0.5,0.11402508551881414,0.0,0.25,0.07981755986316989,0.1,0.3666666666666667,0.475,0.425,score_free_meal
608764,2,0,6,2,0.0,0.3333333333333333,0.33333333333333337,Middle-age,Low Spenders,0.0,0.5,1.5,0.25,1.0,1.0,0.17482517482517484,0.16666666666666666,0.05,0.12237762237762238,0.33333333333333337,0.33333333333333337,0.33499999999999996,0.19,score_free_meal
608786,1,0,7,0,0.0,0.0,0.5,0,0,0.0,0.0,0.0,0.0,0.0,0.0,0.0,0.0,0.0,0.0,0.0,0.5,0.0,0.0,score_exclusive_discount
608820,4,3,4,0,0.75,0.0,0.875,Middle-age,Champions,0.0,1.42,7.0,0.375,1.0,0.6666666666666666,0.011301989150090416,0.47333333333333333,0.23333333333333334,0.00791139240506329,0.512,0.875,0.4633333333333333,0.33249999999999996,score_exclusive_discount
608823,2,0,6,1,0.0,0.16666666666666666,0.4166666666666667,Youth,Low Spenders,0.0,0.0,7.0,0.125,1.0,1.0,0.007089684509039347,0.0,0.23333333333333334,0.0049627791563275426,0.2,0.4166666666666667,0.4633333333333333,0.15749999999999997,score_free_meal
608860,1,0,7,2,0.0,0.2857142857142857,0.35714285714285715,Middle-age,High Spenders,0.0,0.5,6.0,0.25,1.0,1.0,0.13966480446927373,0.16666666666666666,0.2,0.09776536312849161,0.33333333333333337,0.35714285714285715,0.43999999999999995,0.235,score_free_meal
608866,4,1,4,0,0.25,0.0,0.625,Elderly,Low Spenders,0.0,1.0,3.0,0.125,1.0,1.0,0.125,0.3333333333333333,0.1,0.0875,0.4666666666666667,0.625,0.37,0.1175,score_exclusive_discount
608970,1,0,7,1,0.0,0.14285714285714285,0.4285714285714286,Middle-age,At Risk,0.0,0.0,0.0,0.125,0.0,1.0,0.11273957158962794,0.0,0.0,0.07891770011273955,0.2,0.4285714285714286,0.0,0.0875,score_exclusive_discount
609051,3,1,5,1,0.3333333333333333,0.2,0.5666666666666667,Middle-age,High Spenders,0.0,0.0,0.5,0.25,0.5,1.0,0.14265335235378032,0.0,0.016666666666666666,0.09985734664764621,0.2,0.5666666666666667,0.16166666666666665,0.18,score_exclusive_discount
609102,0,0,8,1,0.0,0.125,0.5,Middle-age,Low Spenders,0.0,2.0,4.0,0.125,1.0,1.0,0.0946073793755913,0.6666666666666666,0.13333333333333333,0.0662251655629139,0.7333333333333334,0.5,0.3933333333333333,0.1275,score_free_checkedbag
609167,2,2,6,2,1.0,0.3333333333333333,0.8333333333333334,Middle-age,High Spenders,0.0,0.75,3.0,0.5,1.0,1.0,0.11587485515643106,0.25,0.1,0.08111239860950174,0.4,0.8333333333333334,0.37,0.38,score_exclusive_discount
609221,2,0,6,1,0.0,0.16666666666666666,0.4166666666666667,Middle-age,At Risk,0.0,1.0,0.0,0.125,0.0,1.0,0.08841732979664013,0.3333333333333333,0.0,0.06189213085764809,0.4666666666666667,0.4166666666666667,0.0,0.0875,score_free_checkedbag
609228,3,1,5,2,0.3333333333333333,0.4,0.4666666666666667,Middle-age,High Spenders,0.0,0.0,4.33,0.375,1.0,1.0,0.11990407673860912,0.0,0.14433333333333334,0.08393285371702637,0.2,0.4666666666666667,0.40103333333333335,0.30579999999999996,score_exclusive_discount
609230,4,2,4,0,0.5,0.0,0.75,Middle-age,Low Spenders,0.0,0.0,0.5,0.25,0.5,1.0,0.1079913606911447,0.0,0.016666666666666666,0.07559395248380128,0.2,0.75,0.16166666666666665,0.18,score_exclusive_discount
609236,3,2,5,2,0.6666666666666666,0.4,0.6333333333333333,Middle-age,High Spenders,0.0,0.67,5.0,0.5,1.0,0.75,0.10869565217391305,0.22333333333333336,0.16666666666666666,0.07608695652173914,0.3286666666666667,0.6333333333333333,0.41666666666666663,0.39999999999999997,score_exclusive_discount
609240,2,1,6,2,0.5,0.3333333333333333,0.5833333333333334,Middle-age,Low Spenders,0.0,1.33,2.0,0.375,1.0,1.0,0.12254901960784313,0.44333333333333336,0.06666666666666667,0.08578431372549018,0.5546666666666666,0.5833333333333334,0.3466666666666667,0.2825,score_exclusive_discount
609243,2,2,6,1,1.0,0.16666666666666666,0.9166666666666667,Middle-age,High Spenders,0.0,0.75,5.33,0.375,1.0,0.6666666666666666,0.11534025374855825,0.25,0.17766666666666667,0.08073817762399077,0.33333333333333337,0.9166666666666667,0.42436666666666667,0.31579999999999997,score_exclusive_discount
609262,2,1,6,3,0.5,0.5,0.5,Middle-age,Champions,0.0,0.25,5.25,0.5,1.0,1.0,0.15082956259426847,0.08333333333333333,0.175,0.10558069381598792,0.26666666666666666,0.5,0.4225,0.40249999999999997,score_exclusive_discount
609393,4,2,5,3,0.5,0.6,0.45,Middle-age,Medium Spenders,0.2,0.5,4.0,0.5555555555555556,0.8,1.0,0.10660980810234541,0.16666666666666666,0.13333333333333333,0.07462686567164178,0.33333333333333337,0.45,0.3333333333333333,0.4288888888888889,score_exclusive_discount
609413,4,1,4,2,0.25,0.5,0.375,Middle-age,Low Spenders,0.0,0.67,2.0,0.375,1.0,1.0,0.13157894736842105,0.22333333333333336,0.06666666666666667,0.09210526315789473,0.3786666666666667,0.375,0.3466666666666667,0.2825,score_free_checkedbag
609673,4,3,4,0,0.75,0.0,0.875,Middle-age,Medium Spenders,0.0,0.67,2.67,0.375,1.0,1.0,0.12755102040816327,0.22333333333333336,0.089,0.08928571428571429,0.3786666666666667,0.875,0.36229999999999996,0.28919999999999996,score_exclusive_discount
609683,2,1,6,1,0.5,0.16666666666666666,0.6666666666666667,0,0,0.0,0.0,0.0,0.0,0.0,0.0,0.0,0.0,0.0,0.0,0.0,0.6666666666666667,0.0,0.0,score_exclusive_discount
609720,3,1,5,3,0.3333333333333333,0.6,0.3666666666666667,Middle-age,Low Spenders,0.25,0.5,1.0,0.5,0.75,1.0,0.1023541453428864,0.16666666666666666,0.03333333333333333,0.07164790174002048,0.33333333333333337,0.3666666666666667,0.2483333333333333,0.36,score_exclusive_discount
609763,2,0,6,1,0.0,0.16666666666666666,0.4166666666666667,Youth,At Risk,0.0,0.0,2.0,0.125,1.0,0.0,1.0,0.0,0.06666666666666667,0.7,0.0,0.4166666666666667,0.3466666666666667,0.1075,score_free_cancellation
609800,2,1,7,1,0.5,0.14285714285714285,0.6785714285714286,Middle-age,Low Spenders,0.0,1.0,1.5,0.2222222222222222,1.0,1.0,0.1019367991845056,0.3333333333333333,0.05,0.07135575942915391,0.4666666666666667,0.6785714285714286,0.33499999999999996,0.17055555555555552,score_exclusive_discount
609817,2,1,6,3,0.5,0.5,0.5,Middle-age,Medium Spenders,0.0,0.5,1.5,0.5,0.75,1.0,0.11481056257175659,0.16666666666666666,0.05,0.08036739380022961,0.33333333333333337,0.5,0.25999999999999995,0.365,score_exclusive_discount
609838,3,1,5,1,0.3333333333333333,0.2,0.5666666666666667,0,0,0.0,0.0,0.0,0.0,0.0,0.0,0.0,0.0,0.0,0.0,0.0,0.5666666666666667,0.0,0.0,score_exclusive_discount
609868,3,1,5,3,0.3333333333333333,0.6,0.3666666666666667,Middle-age,Medium Spenders,0.0,0.25,1.5,0.5,1.0,1.0,0.12547051442910917,0.08333333333333333,0.05,0.08782936010037641,0.26666666666666666,0.3666666666666667,0.33499999999999996,0.365,score_exclusive_discount
610144,1,1,7,5,1.0,0.7142857142857143,0.6428571428571428,Middle-age,Champions,0.0,0.67,2.5,0.75,1.0,1.0,0.10256410256410256,0.22333333333333336,0.08333333333333333,0.07179487179487179,0.3786666666666667,0.6428571428571428,0.35833333333333334,0.5499999999999999,score_exclusive_discount
610226,2,0,6,1,0.0,0.16666666666666666,0.4166666666666667,Middle-age,Medium Spenders,0.0,1.0,5.0,0.125,1.0,1.0,0.1801801801801802,0.3333333333333333,0.16666666666666666,0.12612612612612614,0.4666666666666667,0.4166666666666667,0.41666666666666663,0.13749999999999998,score_free_checkedbag
610280,4,0,5,2,0.0,0.4,0.3,Middle-age,Medium Spenders,0.0,0.0,9.0,0.2222222222222222,1.0,0.0,1.0,0.0,0.3,0.7,0.0,0.3,0.51,0.24555555555555553,score_free_cancellation
610294,4,0,5,2,0.0,0.4,0.3,Middle-age,Medium Spenders,0.0,0.5,1.0,0.2222222222222222,1.0,1.0,0.16129032258064516,0.16666666666666666,0.03333333333333333,0.1129032258064516,0.33333333333333337,0.3,0.3233333333333333,0.16555555555555554,score_free_checkedbag
610306,1,0,7,4,0.0,0.5714285714285714,0.2142857142857143,Middle-age,High Spenders,0.0,0.75,2.5,0.5,0.75,1.0,0.11918951132300357,0.25,0.08333333333333333,0.0834326579261025,0.4,0.2142857142857143,0.2833333333333333,0.375,score_free_checkedbag
610338,3,1,5,2,0.3333333333333333,0.4,0.4666666666666667,Youth,At Risk,0.33,1.0,6.0,0.375,1.0,1.0,0.12987012987012986,0.3333333333333333,0.2,0.0909090909090909,0.4666666666666667,0.4666666666666667,0.43999999999999995,0.32249999999999995,score_free_checkedbag
610395,1,0,7,3,0.0,0.42857142857142855,0.2857142857142857,Middle-age,High Spenders,0.0,1.0,2.67,0.375,1.0,0.6666666666666666,0.12285012285012284,0.3333333333333333,0.089,0.08599508599508598,0.4,0.2857142857142857,0.36229999999999996,0.28919999999999996,score_free_checkedbag
610474,1,0,7,3,0.0,0.42857142857142855,0.2857142857142857,Middle-age,High Spenders,0.0,0.33,5.33,0.375,1.0,1.0,0.1564945226917058,0.11,0.17766666666666667,0.10954616588419405,0.28800000000000003,0.2857142857142857,0.42436666666666667,0.31579999999999997,score_free_meal
610482,3,1,5,4,0.3333333333333333,0.8,0.2666666666666666,Middle-age,Champions,0.0,0.67,3.0,0.625,1.0,0.6,0.15552099533437014,0.22333333333333336,0.1,0.10886469673405909,0.2986666666666667,0.2666666666666666,0.37,0.4675,score_free_night_flight
610492,3,3,5,0,1.0,0.0,1.0,Youth,At Risk,0.33,0.0,2.0,0.375,0.6666666666666666,0.6666666666666666,1.0,0.0,0.06666666666666667,0.7,0.13333333333333333,1.0,0.24666666666666665,0.2825,score_exclusive_discount
610530,3,0,5,0,0.0,0.0,0.5,0,0,0.0,0.0,0.0,0.0,0.0,0.0,0.0,0.0,0.0,0.0,0.0,0.5,0.0,0.0,score_exclusive_discount
610670,0,0,8,3,0.0,0.375,0.5,Middle-age,Low Spenders,0.0,0.67,2.0,0.375,1.0,1.0,0.14245014245014245,0.22333333333333336,0.06666666666666667,0.09971509971509972,0.3786666666666667,0.5,0.3466666666666667,0.2825,score_exclusive_discount
610763,2,1,6,2,0.5,0.3333333333333333,0.5833333333333334,Youth,At Risk,0.33,1.0,2.0,0.375,1.0,0.6666666666666666,0.12853470437017994,0.3333333333333333,0.06666666666666667,0.08997429305912595,0.4,0.5833333333333334,0.3466666666666667,0.2825,score_exclusive_discount
610793,1,0,7,2,0.0,0.2857142857142857,0.35714285714285715,Middle-age,Low Spenders,0.0,0.5,2.5,0.25,1.0,1.0,0.13568521031207598,0.16666666666666666,0.08333333333333333,0.09497964721845317,0.33333333333333337,0.35714285714285715,0.35833333333333334,0.19999999999999998,score_free_meal
610806,2,1,6,3,0.5,0.5,0.5,Middle-age,Champions,0.0,0.38,4.5,0.5,0.75,1.0,0.12836970474967907,0.12666666666666668,0.15,0.08985879332477534,0.30133333333333334,0.5,0.32999999999999996,0.39499999999999996,score_exclusive_discount
610905,2,0,6,0,0.0,0.0,0.5,0,0,0.0,0.0,0.0,0.0,0.0,0.0,0.0,0.0,0.0,0.0,0.0,0.5,0.0,0.0,score_exclusive_discount
610909,3,1,5,1,0.3333333333333333,0.2,0.5666666666666667,Middle-age,Medium Spenders,0.0,0.25,1.0,0.25,1.0,1.0,0.11123470522803114,0.08333333333333333,0.03333333333333333,0.07786429365962179,0.26666666666666666,0.5666666666666667,0.3233333333333333,0.185,score_exclusive_discount
611031,1,0,7,0,0.0,0.0,0.5,0,0,0.0,0.0,0.0,0.0,0.0,0.0,0.0,0.0,0.0,0.0,0.0,0.5,0.0,0.0,score_exclusive_discount
611065,0,0,8,4,0.0,0.5,0.5,Middle-age,Champions,0.0,0.42,1.5,0.5,1.0,1.0,0.1349527665317139,0.13999999999999999,0.05,0.09446693657219972,0.312,0.5,0.33499999999999996,0.365,score_exclusive_discount
611087,4,2,5,0,0.5,0.0,0.75,Middle-age,Medium Spenders,0.0,1.0,3.5,0.2222222222222222,1.0,0.5,0.1016260162601626,0.3333333333333333,0.11666666666666667,0.07113821138211382,0.3666666666666667,0.75,0.38166666666666665,0.19055555555555553,score_exclusive_discount
611126,1,0,7,2,0.0,0.2857142857142857,0.35714285714285715,Middle-age,High Spenders,0.0,0.5,3.5,0.25,1.0,1.0,0.15082956259426847,0.16666666666666666,0.11666666666666667,0.10558069381598792,0.33333333333333337,0.35714285714285715,0.38166666666666665,0.21,score_free_meal
611177,2,0,7,2,0.0,0.2857142857142857,0.35714285714285715,Middle-age,High Spenders,0.0,0.25,1.5,0.2222222222222222,1.0,1.0,0.13003901170351104,0.08333333333333333,0.05,0.09102730819245772,0.26666666666666666,0.35714285714285715,0.33499999999999996,0.17055555555555552,score_exclusive_discount
611251,2,0,6,3,0.0,0.5,0.25,Middle-age,Medium Spenders,0.0,0.33,1.67,0.375,1.0,1.0,0.10905125408942203,0.11,0.05566666666666666,0.07633587786259541,0.28800000000000003,0.25,0.33896666666666664,0.27919999999999995,score_free_meal
611350,1,0,7,1,0.0,0.14285714285714285,0.4285714285714286,Youth,At Risk,0.0,1.0,1.0,0.125,1.0,1.0,0.08382229673093043,0.3333333333333333,0.03333333333333333,0.0586756077116513,0.4666666666666667,0.4285714285714286,0.3233333333333333,0.09749999999999999,score_free_checkedbag
611371,3,3,5,2,1.0,0.4,0.8,Middle-age,Champions,0.0,0.75,2.6,0.625,0.8,0.8,0.09784735812133072,0.25,0.08666666666666667,0.0684931506849315,0.36000000000000004,0.8,0.30066666666666664,0.4635,score_exclusive_discount
611583,2,0,6,3,0.0,0.5,0.25,Middle-age,Low Spenders,0.0,1.0,1.0,0.375,0.6666666666666666,1.0,0.13351134846461948,0.3333333333333333,0.03333333333333333,0.09345794392523363,0.4666666666666667,0.25,0.22333333333333333,0.27249999999999996,score_free_checkedbag
611839,2,1,6,4,0.5,0.6666666666666666,0.4166666666666667,Middle-age,Champions,0.0,0.25,3.8,0.625,1.0,0.8,0.10298661174047373,0.08333333333333333,0.12666666666666665,0.0720906282183316,0.22666666666666668,0.4166666666666667,0.3886666666666666,0.4755,score_free_night_flight
611852,3,1,5,1,0.3333333333333333,0.2,0.5666666666666667,Middle-age,At Risk,0.0,1.0,1.0,0.25,1.0,1.0,0.12224938875305624,0.3333333333333333,0.03333333333333333,0.08557457212713937,0.4666666666666667,0.5666666666666667,0.3233333333333333,0.185,score_exclusive_discount
611887,4,2,4,1,0.5,0.25,0.625,Middle-age,Low Spenders,0.0,0.67,1.67,0.375,0.3333333333333333,1.0,0.13280212483399734,0.22333333333333336,0.05566666666666666,0.09296148738379813,0.3786666666666667,0.625,0.13896666666666666,0.27919999999999995,score_exclusive_discount
611954,3,2,5,2,0.6666666666666666,0.4,0.6333333333333333,Middle-age,Medium Spenders,0.0,0.75,2.0,0.5,1.0,1.0,0.10152284263959391,0.25,0.06666666666666667,0.07106598984771573,0.4,0.6333333333333333,0.3466666666666667,0.37,score_exclusive_discount
612002,2,2,7,3,1.0,0.42857142857142855,0.7857142857142857,Middle-age,High Spenders,0.2,0.5,8.0,0.5555555555555556,0.8,0.8,0.11428571428571428,0.16666666666666666,0.26666666666666666,0.07999999999999999,0.29333333333333333,0.7857142857142857,0.42666666666666664,0.4688888888888889,score_exclusive_discount
612128,3,1,5,1,0.3333333333333333,0.2,0.5666666666666667,Middle-age,Medium Spenders,0.0,2.0,3.5,0.25,1.0,0.5,0.0999000999000999,0.6666666666666666,0.11666666666666667,0.06993006993006992,0.6333333333333333,0.5666666666666667,0.38166666666666665,0.21,score_free_checkedbag
612175,1,0,7,3,0.0,0.42857142857142855,0.2857142857142857,Middle-age,Champions,0.0,1.5,4.33,0.375,1.0,0.6666666666666666,0.12300123001230014,0.5,0.14433333333333334,0.08610086100861009,0.5333333333333333,0.2857142857142857,0.40103333333333335,0.30579999999999996,score_free_checkedbag
612220,3,2,5,1,0.6666666666666666,0.2,0.7333333333333333,Youth,At Risk,0.33,2.0,0.0,0.375,0.3333333333333333,1.0,0.11848341232227487,0.6666666666666666,0.0,0.0829383886255924,0.7333333333333334,0.7333333333333333,0.09999999999999999,0.26249999999999996,score_free_checkedbag
612226,2,0,6,0,0.0,0.0,0.5,0,0,0.0,0.0,0.0,0.0,0.0,0.0,0.0,0.0,0.0,0.0,0.0,0.5,0.0,0.0,score_exclusive_discount
612236,1,1,7,2,1.0,0.2857142857142857,0.8571428571428572,Middle-age,Medium Spenders,0.0,0.67,3.33,0.375,1.0,1.0,0.15337423312883436,0.22333333333333336,0.111,0.10736196319018404,0.3786666666666667,0.8571428571428572,0.3777,0.29579999999999995,score_exclusive_discount
612562,4,3,4,0,0.75,0.0,0.875,Youth,Medium Spenders,0.33,0.5,0.0,0.375,0.3333333333333333,1.0,0.14534883720930233,0.16666666666666666,0.0,0.10174418604651163,0.33333333333333337,0.875,0.09999999999999999,0.26249999999999996,score_exclusive_discount
612685,0,0,8,2,0.0,0.25,0.5,Middle-age,Low Spenders,0.0,0.5,1.5,0.25,1.0,1.0,0.08748906386701663,0.16666666666666666,0.05,0.06124234470691164,0.33333333333333337,0.5,0.33499999999999996,0.19,score_exclusive_discount
612797,4,1,4,0,0.25,0.0,0.625,Middle-age,At Risk,0.0,0.0,1.0,0.125,1.0,1.0,0.22123893805309736,0.0,0.03333333333333333,0.15486725663716813,0.2,0.625,0.3233333333333333,0.09749999999999999,score_exclusive_discount
612812,4,1,4,0,0.25,0.0,0.625,Elderly,Low Spenders,0.0,0.0,14.0,0.125,1.0,0.0,1.0,0.0,0.4666666666666667,0.7,0.0,0.625,0.6266666666666667,0.22749999999999998,score_free_cancellation
612976,0,0,8,0,0.0,0.0,0.5,0,0,0.0,0.0,0.0,0.0,0.0,0.0,0.0,0.0,0.0,0.0,0.0,0.5,0.0,0.0,score_exclusive_discount
613164,1,1,7,2,1.0,0.2857142857142857,0.8571428571428572,Middle-age,High Spenders,0.0,0.0,10.33,0.375,1.0,0.3333333333333333,0.1019367991845056,0.0,0.3443333333333333,0.07135575942915391,0.06666666666666667,0.8571428571428572,0.5410333333333333,0.36579999999999996,score_exclusive_discount
613252,2,0,6,0,0.0,0.0,0.5,0,0,0.0,0.0,0.0,0.0,0.0,0.0,0.0,0.0,0.0,0.0,0.0,0.5,0.0,0.0,score_exclusive_discount
613275,6,1,4,2,0.16666666666666666,0.5,0.3333333333333333,Middle-age,Low Spenders,0.0,0.33,1.0,0.3,0.6666666666666666,1.0,0.11441647597254004,0.11,0.03333333333333333,0.08009153318077802,0.28800000000000003,0.3333333333333333,0.22333333333333333,0.22,score_exclusive_discount
613383,2,0,6,1,0.0,0.16666666666666666,0.4166666666666667,Middle-age,At Risk,0.0,0.5,2.0,0.125,1.0,1.0,0.07930214115781127,0.16666666666666666,0.06666666666666667,0.05551149881046789,0.33333333333333337,0.4166666666666667,0.3466666666666667,0.1075,score_exclusive_discount
613386,3,0,5,0,0.0,0.0,0.5,0,0,0.0,0.0,0.0,0.0,0.0,0.0,0.0,0.0,0.0,0.0,0.0,0.5,0.0,0.0,score_exclusive_discount
613442,3,2,5,2,0.6666666666666666,0.4,0.6333333333333333,Middle-age,Medium Spenders,0.0,1.0,1.75,0.5,1.0,0.75,0.11363636363636363,0.3333333333333333,0.058333333333333334,0.07954545454545454,0.4166666666666667,0.6333333333333333,0.3408333333333333,0.3675,score_exclusive_discount
613655,3,1,5,1,0.3333333333333333,0.2,0.5666666666666667,Middle-age,Low Spenders,0.0,0.5,1.5,0.25,1.0,1.0,0.13661202185792348,0.16666666666666666,0.05,0.09562841530054643,0.33333333333333337,0.5666666666666667,0.33499999999999996,0.19,score_exclusive_discount
613874,4,4,4,0,1.0,0.0,1.0,Middle-age,High Spenders,0.0,0.62,2.0,0.5,1.0,1.0,0.12453300124533,0.20666666666666667,0.06666666666666667,0.087173100871731,0.36533333333333334,1.0,0.3466666666666667,0.37,score_exclusive_discount
613921,4,0,5,1,0.0,0.2,0.4,Middle-age,At Risk,0.0,1.0,1.0,0.1111111111111111,1.0,1.0,0.14513788098693758,0.3333333333333333,0.03333333333333333,0.1015965166908563,0.4666666666666667,0.4,0.3233333333333333,0.08777777777777776,score_free_checkedbag
613941,4,4,4,1,1.0,0.25,0.875,Middle-age,High Spenders,0.2,0.0,5.67,0.625,1.0,0.6,0.17421602787456444,0.0,0.189,0.1219512195121951,0.12,0.875,0.4323,0.4942,score_exclusive_discount
614033,4,1,4,1,0.25,0.25,0.5,Middle-age,High Spenders,0.0,0.5,2.5,0.25,1.0,1.0,0.09940357852882703,0.16666666666666666,0.08333333333333333,0.06958250497017891,0.33333333333333337,0.5,0.35833333333333334,0.19999999999999998,score_exclusive_discount
614092,0,0,8,2,0.0,0.25,0.5,Youth,High Spenders,0.0,0.0,14.0,0.25,1.0,0.0,1.0,0.0,0.4666666666666667,0.7,0.0,0.5,0.6266666666666667,0.31499999999999995,score_free_cancellation
614111,2,1,6,2,0.5,0.3333333333333333,0.5833333333333334,Middle-age,Champions,0.0,0.0,9.0,0.375,1.0,0.6666666666666666,0.1,0.0,0.3,0.06999999999999999,0.13333333333333333,0.5833333333333334,0.51,0.3524999999999999,score_exclusive_discount
614165,2,0,6,4,0.0,0.6666666666666666,0.16666666666666669,Middle-age,Champions,0.0,0.75,3.0,0.5,1.0,1.0,0.14513788098693758,0.25,0.1,0.1015965166908563,0.4,0.16666666666666669,0.37,0.38,score_free_checkedbag
614311,3,2,5,1,0.6666666666666666,0.2,0.7333333333333333,Middle-age,At Risk,0.33,1.0,2.0,0.375,0.6666666666666666,1.0,0.08431703204047218,0.3333333333333333,0.06666666666666667,0.05902192242833052,0.4666666666666667,0.7333333333333333,0.24666666666666665,0.2825,score_exclusive_discount
614412,1,0,8,2,0.0,0.25,0.375,Middle-age,Low Spenders,0.0,0.0,1.5,0.2222222222222222,1.0,1.0,0.14084507042253522,0.0,0.05,0.09859154929577464,0.2,0.375,0.33499999999999996,0.17055555555555552,score_exclusive_discount
614549,1,1,7,2,1.0,0.2857142857142857,0.8571428571428572,Middle-age,High Spenders,0.0,0.5,2.0,0.375,1.0,0.6666666666666666,0.09389671361502347,0.16666666666666666,0.06666666666666667,0.06572769953051642,0.26666666666666666,0.8571428571428572,0.3466666666666667,0.2825,score_exclusive_discount
614595,3,1,5,1,0.3333333333333333,0.2,0.5666666666666667,0,0,0.0,0.0,0.0,0.0,0.0,0.0,0.0,0.0,0.0,0.0,0.0,0.5666666666666667,0.0,0.0,score_exclusive_discount
614632,2,0,6,2,0.0,0.3333333333333333,0.33333333333333337,Middle-age,Low Spenders,0.0,1.0,3.5,0.25,0.5,0.5,0.15174506828528073,0.3333333333333333,0.11666666666666667,0.1062215477996965,0.3666666666666667,0.33333333333333337,0.23166666666666666,0.21,score_free_checkedbag
614668,2,0,6,2,0.0,0.3333333333333333,0.33333333333333337,Middle-age,Low Spenders,0.0,0.75,1.0,0.25,1.0,1.0,0.1295336787564767,0.25,0.03333333333333333,0.09067357512953368,0.4,0.33333333333333337,0.3233333333333333,0.185,score_free_checkedbag
614748,1,1,7,3,1.0,0.42857142857142855,0.7857142857142857,Middle-age,Champions,0.25,0.75,3.5,0.5,1.0,1.0,0.10940919037199125,0.25,0.11666666666666667,0.07658643326039387,0.4,0.7857142857142857,0.38166666666666665,0.38499999999999995,score_exclusive_discount
614793,3,1,5,0,0.3333333333333333,0.0,0.6666666666666666,Elderly,At Risk,0.0,1.0,0.0,0.125,0.0,1.0,0.12626262626262627,0.3333333333333333,0.0,0.08838383838383838,0.4666666666666667,0.6666666666666666,0.0,0.0875,score_exclusive_discount
614814,2,0,6,1,0.0,0.16666666666666666,0.4166666666666667,Elderly,Medium Spenders,0.0,0.0,7.0,0.125,1.0,0.0,1.0,0.0,0.23333333333333334,0.7,0.0,0.4166666666666667,0.4633333333333333,0.15749999999999997,score_free_cancellation
614828,2,0,6,2,0.0,0.3333333333333333,0.33333333333333337,Middle-age,Low Spenders,0.0,0.0,1.0,0.25,0.5,1.0,0.10515247108307045,0.0,0.03333333333333333,0.07360672975814932,0.2,0.33333333333333337,0.17333333333333334,0.185,score_exclusive_discount
614846,3,0,5,0,0.0,0.0,0.5,0,0,0.0,0.0,0.0,0.0,0.0,0.0,0.0,0.0,0.0,0.0,0.0,0.5,0.0,0.0,score_exclusive_discount
614918,3,2,5,3,0.6666666666666666,0.6,0.5333333333333333,Middle-age,Medium Spenders,0.0,0.6,1.2,0.625,1.0,1.0,0.14662756598240467,0.19999999999999998,0.04,0.10263929618768326,0.36,0.5333333333333333,0.32799999999999996,0.4495,score_exclusive_discount
614933,2,0,6,2,0.0,0.3333333333333333,0.33333333333333337,Middle-age,Medium Spenders,0.0,0.5,4.0,0.25,1.0,1.0,0.11467889908256883,0.16666666666666666,0.13333333333333333,0.08027522935779817,0.33333333333333337,0.33333333333333337,0.3933333333333333,0.215,score_free_meal
615006,3,1,5,0,0.3333333333333333,0.0,0.6666666666666666,Middle-age,Low Spenders,0.0,0.0,4.0,0.125,1.0,1.0,0.1360544217687075,0.0,0.13333333333333333,0.09523809523809525,0.2,0.6666666666666666,0.3933333333333333,0.1275,score_exclusive_discount
615266,0,0,8,6,0.0,0.75,0.5,Middle-age,High Spenders,0.0,0.5,2.67,0.75,1.0,1.0,0.12135922330097088,0.16666666666666666,0.089,0.0849514563106796,0.33333333333333337,0.5,0.36229999999999996,0.5516999999999999,score_free_night_flight
615307,1,0,7,1,0.0,0.14285714285714285,0.4285714285714286,Middle-age,Low Spenders,0.0,2.0,3.0,0.125,1.0,1.0,0.1402524544179523,0.6666666666666666,0.1,0.09817671809256662,0.7333333333333334,0.4285714285714286,0.37,0.1175,score_free_checkedbag
615489,5,2,3,1,0.4,0.3333333333333333,0.5333333333333333,Middle-age,Low Spenders,0.33,0.0,1.0,0.375,0.6666666666666666,1.0,0.07757951900698215,0.0,0.03333333333333333,0.0543056633048875,0.2,0.5333333333333333,0.22333333333333333,0.27249999999999996,score_exclusive_discount
615544,1,0,7,1,0.0,0.14285714285714285,0.4285714285714286,Middle-age,At Risk,0.0,1.0,0.0,0.125,0.0,1.0,0.13262599469496023,0.3333333333333333,0.0,0.09283819628647215,0.4666666666666667,0.4285714285714286,0.0,0.0875,score_free_checkedbag
615674,0,0,8,1,0.0,0.125,0.5,Youth,At Risk,0.0,0.0,5.0,0.125,1.0,0.0,1.0,0.0,0.16666666666666666,0.7,0.0,0.5,0.41666666666666663,0.13749999999999998,score_free_cancellation
615749,2,0,6,4,0.0,0.6666666666666666,0.16666666666666669,Middle-age,High Spenders,0.0,0.0,1.5,0.5,1.0,1.0,0.10298661174047373,0.0,0.05,0.0720906282183316,0.2,0.16666666666666669,0.33499999999999996,0.365,score_free_night_flight
615783,1,0,7,1,0.0,0.14285714285714285,0.4285714285714286,Youth,At Risk,0.0,1.0,3.0,0.125,1.0,1.0,0.07112375533428164,0.3333333333333333,0.1,0.04978662873399715,0.4666666666666667,0.4285714285714286,0.37,0.1175,score_free_checkedbag
615881,5,0,3,0,0.0,0.0,0.5,0,0,0.0,0.0,0.0,0.0,0.0,0.0,0.0,0.0,0.0,0.0,0.0,0.5,0.0,0.0,score_exclusive_discount
615922,4,1,4,1,0.25,0.25,0.5,Elderly,Low Spenders,0.0,0.0,3.0,0.25,0.5,0.5,0.14492753623188406,0.0,0.1,0.10144927536231883,0.1,0.5,0.21999999999999997,0.205,score_exclusive_discount
616086,2,0,6,0,0.0,0.0,0.5,0,0,0.0,0.0,0.0,0.0,0.0,0.0,0.0,0.0,0.0,0.0,0.0,0.5,0.0,0.0,score_exclusive_discount
616125,1,0,7,1,0.0,0.14285714285714285,0.4285714285714286,Middle-age,At Risk,0.0,0.5,2.0,0.125,1.0,1.0,0.08650519031141868,0.16666666666666666,0.06666666666666667,0.06055363321799307,0.33333333333333337,0.4285714285714286,0.3466666666666667,0.1075,score_exclusive_discount
616222,2,1,7,1,0.5,0.14285714285714285,0.6785714285714286,Middle-age,High Spenders,0.0,0.5,2.5,0.2222222222222222,1.0,1.0,0.1088139281828074,0.16666666666666666,0.08333333333333333,0.07616974972796517,0.33333333333333337,0.6785714285714286,0.35833333333333334,0.18055555555555552,score_exclusive_discount
616461,0,0,8,2,0.0,0.25,0.5,Middle-age,Low Spenders,0.0,0.5,1.5,0.25,0.5,1.0,0.1107419712070875,0.16666666666666666,0.05,0.07751937984496124,0.33333333333333337,0.5,0.185,0.19,score_exclusive_discount
616470,3,0,5,2,0.0,0.4,0.3,Middle-age,Low Spenders,0.0,0.5,2.0,0.25,1.0,1.0,0.10706638115631692,0.16666666666666666,0.06666666666666667,0.07494646680942184,0.33333333333333337,0.3,0.3466666666666667,0.19499999999999998,score_free_meal
616491,0,0,8,3,0.0,0.375,0.5,Middle-age,High Spenders,0.0,0.33,3.0,0.375,1.0,1.0,0.1347708894878706,0.11,0.1,0.09433962264150943,0.28800000000000003,0.5,0.37,0.2925,score_exclusive_discount
616518,4,0,5,2,0.0,0.4,0.3,Middle-age,Low Spenders,0.0,1.0,1.5,0.2222222222222222,1.0,1.0,0.10427528675703858,0.3333333333333333,0.05,0.072992700729927,0.4666666666666667,0.3,0.33499999999999996,0.17055555555555552,score_free_checkedbag
616692,4,1,5,0,0.25,0.0,0.625,Middle-age,At Risk,0.0,1.0,0.0,0.1111111111111111,0.0,1.0,0.09487666034155598,0.3333333333333333,0.0,0.06641366223908918,0.4666666666666667,0.625,0.0,0.07777777777777777,score_exclusive_discount
616715,3,0,5,1,0.0,0.2,0.4,Middle-age,At Risk,0.0,1.0,2.0,0.125,1.0,1.0,0.11148272017837237,0.3333333333333333,0.06666666666666667,0.07803790412486065,0.4666666666666667,0.4,0.3466666666666667,0.1075,score_free_checkedbag
616718,3,2,6,3,0.6666666666666666,0.5,0.5833333333333333,Middle-age,Champions,0.2,0.0,3.33,0.5555555555555556,1.0,1.0,0.1203369434416366,0.0,0.111,0.08423586040914562,0.2,0.5833333333333333,0.3777,0.4221888888888889,score_exclusive_discount
616734,1,0,7,0,0.0,0.0,0.5,0,0,0.0,0.0,0.0,0.0,0.0,0.0,0.0,0.0,0.0,0.0,0.0,0.5,0.0,0.0,score_exclusive_discount
616752,6,1,3,1,0.16666666666666666,0.3333333333333333,0.4166666666666667,Youth,High Spenders,0.0,1.0,6.0,0.2222222222222222,1.0,0.5,0.10471204188481674,0.3333333333333333,0.2,0.07329842931937171,0.3666666666666667,0.4166666666666667,0.43999999999999995,0.21555555555555553,score_free_meal
616789,2,1,6,1,0.5,0.16666666666666666,0.6666666666666667,Youth,Low Spenders,0.0,0.5,3.5,0.25,0.5,0.5,0.0035507580868515427,0.16666666666666666,0.11666666666666667,0.00248553066079608,0.23333333333333334,0.6666666666666667,0.23166666666666666,0.21,score_exclusive_discount
616795,3,2,5,2,0.6666666666666666,0.4,0.6333333333333333,Middle-age,Medium Spenders,0.0,0.33,3.0,0.5,1.0,0.75,0.10131712259371835,0.11,0.1,0.07092198581560284,0.23800000000000004,0.6333333333333333,0.37,0.38,score_exclusive_discount
616802,4,2,4,3,0.5,0.75,0.375,Middle-age,Low Spenders,0.2,0.67,1.0,0.625,0.6,1.0,0.129366106080207,0.22333333333333336,0.03333333333333333,0.09055627425614489,0.3786666666666667,0.375,0.2033333333333333,0.4475,score_free_night_flight
616950,2,0,6,1,0.0,0.16666666666666666,0.4166666666666667,Youth,At Risk,0.0,1.0,1.0,0.125,1.0,1.0,0.08741258741258742,0.3333333333333333,0.03333333333333333,0.06118881118881119,0.4666666666666667,0.4166666666666667,0.3233333333333333,0.09749999999999999,score_free_checkedbag
616992,2,1,6,3,0.5,0.5,0.5,Middle-age,High Spenders,0.25,1.0,1.5,0.5,0.5,1.0,0.1342281879194631,0.3333333333333333,0.05,0.09395973154362415,0.4666666666666667,0.5,0.185,0.365,score_exclusive_discount
617052,2,1,7,2,0.5,0.2857142857142857,0.6071428571428572,Middle-age,Medium Spenders,0.0,0.67,2.0,0.3333333333333333,1.0,1.0,0.14641288433382138,0.22333333333333336,0.06666666666666667,0.10248901903367497,0.3786666666666667,0.6071428571428572,0.3466666666666667,0.2533333333333333,score_exclusive_discount
617125,1,0,7,3,0.0,0.42857142857142855,0.2857142857142857,Middle-age,Low Spenders,0.0,0.67,0.67,0.375,0.6666666666666666,1.0,0.13315579227696406,0.22333333333333336,0.022333333333333334,0.09320905459387484,0.3786666666666667,0.2857142857142857,0.21563333333333332,0.26919999999999994,score_free_checkedbag
617199,2,1,7,4,0.5,0.5714285714285714,0.4642857142857143,Middle-age,Champions,0.0,0.67,7.6,0.5555555555555556,1.0,0.6,0.13717421124828533,0.22333333333333336,0.2533333333333333,0.09602194787379972,0.2986666666666667,0.4642857142857143,0.4773333333333333,0.4648888888888889,score_free_meal
617402,6,3,2,2,0.5,1.0,0.25,Middle-age,Champions,0.2,0.33,1.67,0.625,1.0,1.0,0.11337868480725623,0.11,0.05566666666666666,0.07936507936507936,0.28800000000000003,0.25,0.33896666666666664,0.4542,score_free_night_flight
617407,3,1,5,1,0.3333333333333333,0.2,0.5666666666666667,Middle-age,Champions,0.0,0.0,3.0,0.25,1.0,1.0,0.13175230566534915,0.0,0.1,0.0922266139657444,0.2,0.5666666666666667,0.37,0.205,score_exclusive_discount
617458,2,0,6,3,0.0,0.5,0.25,Middle-age,Low Spenders,0.0,0.67,1.67,0.375,0.6666666666666666,1.0,0.09699321047526673,0.22333333333333336,0.05566666666666666,0.0678952473326867,0.3786666666666667,0.25,0.23896666666666666,0.27919999999999995,score_free_checkedbag
617506,2,0,6,2,0.0,0.3333333333333333,0.33333333333333337,Middle-age,Champions,0.0,0.67,5.5,0.25,1.0,1.0,0.09970089730807578,0.22333333333333336,0.18333333333333332,0.06979062811565305,0.3786666666666667,0.33333333333333337,0.42833333333333334,0.22999999999999998,score_free_meal
617606,2,0,6,0,0.0,0.0,0.5,0,0,0.0,0.0,0.0,0.0,0.0,0.0,0.0,0.0,0.0,0.0,0.0,0.5,0.0,0.0,score_exclusive_discount
617743,1,1,7,1,1.0,0.14285714285714285,0.9285714285714286,Elderly,Medium Spenders,0.0,1.0,6.0,0.25,1.0,0.5,0.14749262536873156,0.3333333333333333,0.2,0.10324483775811209,0.3666666666666667,0.9285714285714286,0.43999999999999995,0.235,score_exclusive_discount
617878,3,2,5,4,0.6666666666666666,0.8,0.4333333333333333,Middle-age,Champions,0.0,0.75,2.67,0.75,1.0,1.0,0.10810810810810811,0.25,0.089,0.07567567567567568,0.4,0.4333333333333333,0.36229999999999996,0.5516999999999999,score_free_night_flight
617964,2,1,6,0,0.5,0.0,0.75,Middle-age,At Risk,0.0,0.0,3.0,0.125,1.0,0.0,1.0,0.0,0.1,0.7,0.0,0.75,0.37,0.1175,score_exclusive_discount
617990,1,0,7,0,0.0,0.0,0.5,0,0,0.0,0.0,0.0,0.0,0.0,0.0,0.0,0.0,0.0,0.0,0.0,0.5,0.0,0.0,score_exclusive_discount
617994,2,2,6,1,1.0,0.16666666666666666,0.9166666666666667,Middle-age,Medium Spenders,0.0,0.5,6.0,0.375,1.0,0.6666666666666666,0.19685039370078738,0.16666666666666666,0.2,0.13779527559055116,0.26666666666666666,0.9166666666666667,0.43999999999999995,0.32249999999999995,score_exclusive_discount
618063,2,1,6,4,0.5,0.6666666666666666,0.4166666666666667,Middle-age,High Spenders,0.2,0.67,4.33,0.625,1.0,1.0,0.10775862068965518,0.22333333333333336,0.14433333333333334,0.07543103448275862,0.3786666666666667,0.4166666666666667,0.40103333333333335,0.4808,score_free_night_flight
618088,2,2,6,2,1.0,0.3333333333333333,0.8333333333333334,Middle-age,Champions,0.0,0.5,2.75,0.5,1.0,1.0,0.14814814814814814,0.16666666666666666,0.09166666666666666,0.10370370370370369,0.33333333333333337,0.8333333333333334,0.36416666666666664,0.37749999999999995,score_exclusive_discount
618157,5,2,3,2,0.4,0.6666666666666666,0.3666666666666667,Middle-age,Champions,0.25,1.5,4.5,0.5,1.0,1.0,0.14124293785310735,0.5,0.15,0.09887005649717513,0.6000000000000001,0.3666666666666667,0.40499999999999997,0.39499999999999996,score_free_checkedbag
618181,1,0,7,2,0.0,0.2857142857142857,0.35714285714285715,Middle-age,Low Spenders,0.0,0.0,2.0,0.25,1.0,1.0,0.12836970474967907,0.0,0.06666666666666667,0.08985879332477534,0.2,0.35714285714285715,0.3466666666666667,0.19499999999999998,score_exclusive_discount
618201,2,1,6,1,0.5,0.16666666666666666,0.6666666666666667,Middle-age,High Spenders,0.0,0.0,1.0,0.25,0.5,1.0,0.12360939431396786,0.0,0.03333333333333333,0.08652657601977749,0.2,0.6666666666666667,0.17333333333333334,0.185,score_exclusive_discount
618230,0,0,8,0,0.0,0.0,0.5,0,0,0.0,0.0,0.0,0.0,0.0,0.0,0.0,0.0,0.0,0.0,0.0,0.5,0.0,0.0,score_exclusive_discount
618266,3,2,5,1,0.6666666666666666,0.2,0.7333333333333333,Middle-age,Low Spenders,0.33,1.0,3.0,0.375,0.6666666666666666,1.0,0.17667844522968199,0.3333333333333333,0.1,0.12367491166077738,0.4666666666666667,0.7333333333333333,0.26999999999999996,0.2925,score_exclusive_discount
618308,4,1,6,1,0.25,0.16666666666666666,0.5416666666666666,Middle-age,Low Spenders,0.0,1.0,2.0,0.2,1.0,1.0,0.12077294685990336,0.3333333333333333,0.06666666666666667,0.08454106280193235,0.4666666666666667,0.5416666666666666,0.3466666666666667,0.15999999999999998,score_exclusive_discount
618343,0,0,8,1,0.0,0.125,0.5,Middle-age,Low Spenders,0.0,0.0,6.0,0.125,1.0,0.0,1.0,0.0,0.2,0.7,0.0,0.5,0.43999999999999995,0.1475,score_free_cancellation
618392,1,0,7,2,0.0,0.2857142857142857,0.35714285714285715,Middle-age,Low Spenders,0.0,1.0,4.5,0.25,0.5,0.5,0.11627906976744186,0.3333333333333333,0.15,0.0813953488372093,0.3666666666666667,0.35714285714285715,0.255,0.21999999999999997,score_free_checkedbag
618418,3,1,5,4,0.3333333333333333,0.8,0.2666666666666666,Middle-age,High Spenders,0.0,0.4,3.2,0.625,1.0,1.0,0.14970059880239522,0.13333333333333333,0.10666666666666667,0.10479041916167665,0.3066666666666667,0.2666666666666666,0.37466666666666665,0.46950000000000003,score_free_night_flight
618429,2,1,6,2,0.5,0.3333333333333333,0.5833333333333334,Middle-age,Medium Spenders,0.0,1.0,3.0,0.375,1.0,1.0,0.0998003992015968,0.3333333333333333,0.1,0.06986027944111776,0.4666666666666667,0.5833333333333334,0.37,0.2925,score_exclusive_discount
618535,2,0,6,3,0.0,0.5,0.25,Middle-age,Champions,0.0,0.5,8.67,0.375,1.0,1.0,0.14705882352941177,0.16666666666666666,0.289,0.10294117647058823,0.33333333333333337,0.25,0.5023,0.34919999999999995,score_free_meal
618642,0,0,8,2,0.0,0.25,0.5,Middle-age,Medium Spenders,0.0,1.0,0.0,0.25,0.0,1.0,0.1360544217687075,0.3333333333333333,0.0,0.09523809523809525,0.4666666666666667,0.5,0.0,0.175,score_exclusive_discount
618664,3,1,6,0,0.3333333333333333,0.0,0.6666666666666666,Elderly,At Risk,0.0,0.0,2.0,0.1111111111111111,1.0,0.0,1.0,0.0,0.06666666666666667,0.7,0.0,0.6666666666666666,0.3466666666666667,0.09777777777777777,score_free_cancellation
618759,2,1,6,1,0.5,0.16666666666666666,0.6666666666666667,Youth,Medium Spenders,0.0,1.0,8.0,0.25,0.5,0.5,0.14430014430014432,0.3333333333333333,0.26666666666666666,0.10101010101010102,0.3666666666666667,0.6666666666666667,0.33666666666666667,0.255,score_exclusive_discount
618780,1,0,7,3,0.0,0.42857142857142855,0.2857142857142857,Middle-age,Medium Spenders,0.0,0.67,3.0,0.375,1.0,1.0,0.09442870632672333,0.22333333333333336,0.1,0.06610009442870633,0.3786666666666667,0.2857142857142857,0.37,0.2925,score_free_checkedbag
618815,2,0,6,1,0.0,0.16666666666666666,0.4166666666666667,Middle-age,At Risk,0.0,0.0,8.0,0.125,1.0,0.0,1.0,0.0,0.26666666666666666,0.7,0.0,0.4166666666666667,0.48666666666666664,0.16749999999999998,score_free_cancellation
618881,1,0,8,3,0.0,0.375,0.3125,Elderly,Champions,0.0,0.67,1.33,0.3333333333333333,0.6666666666666666,1.0,0.08912655971479501,0.22333333333333336,0.044333333333333336,0.062388591800356503,0.3786666666666667,0.3125,0.2310333333333333,0.24663333333333332,score_free_checkedbag
619079,1,1,7,4,1.0,0.5714285714285714,0.7142857142857143,Middle-age,Low Spenders,0.2,0.33,3.0,0.625,1.0,1.0,0.09407337723424271,0.11,0.1,0.0658513640639699,0.28800000000000003,0.7142857142857143,0.37,0.4675,score_exclusive_discount
619109,2,0,6,1,0.0,0.16666666666666666,0.4166666666666667,Middle-age,At Risk,0.0,0.0,6.0,0.125,1.0,1.0,0.11376564277588169,0.0,0.2,0.07963594994311718,0.2,0.4166666666666667,0.43999999999999995,0.1475,score_free_meal
619218,4,0,4,1,0.0,0.25,0.375,Middle-age,Low Spenders,0.0,0.0,3.0,0.125,1.0,1.0,0.15408320493066255,0.0,0.1,0.10785824345146378,0.2,0.375,0.37,0.1175,score_exclusive_discount
619321,4,4,4,3,1.0,0.75,0.625,Middle-age,High Spenders,0.0,0.5,2.29,0.875,1.0,0.8571428571428571,0.1278772378516624,0.16666666666666666,0.07633333333333334,0.08951406649616368,0.3047619047619048,0.625,0.3534333333333333,0.6354,score_free_night_flight
619362,2,0,6,4,0.0,0.6666666666666666,0.16666666666666669,Middle-age,Champions,0.0,0.38,2.25,0.5,1.0,1.0,0.13550135501355015,0.12666666666666668,0.075,0.0948509485094851,0.30133333333333334,0.16666666666666669,0.3525,0.3725,score_free_night_flight
619432,3,3,5,1,1.0,0.2,0.9,Middle-age,High Spenders,0.0,0.83,5.25,0.5,0.75,0.75,0.012431626056688214,0.27666666666666667,0.175,0.00870213823968175,0.3713333333333334,0.9,0.3475,0.40249999999999997,score_exclusive_discount
619520,0,0,9,2,0.0,0.2222222222222222,0.5,Middle-age,Low Spenders,0.0,0.25,1.0,0.2222222222222222,1.0,1.0,0.12121212121212122,0.08333333333333333,0.03333333333333333,0.08484848484848484,0.26666666666666666,0.5,0.3233333333333333,0.16555555555555554,score_exclusive_discount
619615,3,0,5,4,0.0,0.8,0.09999999999999998,Middle-age,High Spenders,0.0,0.25,2.0,0.5,1.0,1.0,0.12180267965895249,0.08333333333333333,0.06666666666666667,0.08526187576126673,0.26666666666666666,0.09999999999999998,0.3466666666666667,0.37,score_free_night_flight
619918,2,1,6,2,0.5,0.3333333333333333,0.5833333333333334,Middle-age,Low Spenders,0.0,0.67,0.67,0.375,0.6666666666666666,1.0,0.09578544061302682,0.22333333333333336,0.022333333333333334,0.06704980842911877,0.3786666666666667,0.5833333333333334,0.21563333333333332,0.26919999999999994,score_exclusive_discount
619938,1,0,8,0,0.0,0.0,0.5,0,0,0.0,0.0,0.0,0.0,0.0,0.0,0.0,0.0,0.0,0.0,0.0,0.5,0.0,0.0,score_exclusive_discount
619971,2,0,6,1,0.0,0.16666666666666666,0.4166666666666667,Middle-age,At Risk,0.0,0.0,2.0,0.125,1.0,0.0,1.0,0.0,0.06666666666666667,0.7,0.0,0.4166666666666667,0.3466666666666667,0.1075,score_free_cancellation
619983,2,0,6,1,0.0,0.16666666666666666,0.4166666666666667,Elderly,At Risk,0.0,0.0,2.0,0.125,1.0,0.0,1.0,0.0,0.06666666666666667,0.7,0.0,0.4166666666666667,0.3466666666666667,0.1075,score_free_cancellation
619988,2,0,6,0,0.0,0.0,0.5,0,0,0.0,0.0,0.0,0.0,0.0,0.0,0.0,0.0,0.0,0.0,0.0,0.5,0.0,0.0,score_exclusive_discount
620033,5,1,4,1,0.2,0.25,0.475,0,0,0.0,0.0,0.0,0.0,0.0,0.0,0.0,0.0,0.0,0.0,0.0,0.475,0.0,0.0,score_exclusive_discount
620274,2,2,6,1,1.0,0.16666666666666666,0.9166666666666667,Elderly,Medium Spenders,0.0,0.67,2.0,0.375,1.0,1.0,0.10649627263045792,0.22333333333333336,0.06666666666666667,0.07454739084132055,0.3786666666666667,0.9166666666666667,0.3466666666666667,0.2825,score_exclusive_discount
620300,2,0,6,3,0.0,0.5,0.25,Middle-age,Medium Spenders,0.0,0.5,1.33,0.375,1.0,1.0,0.11990407673860912,0.16666666666666666,0.044333333333333336,0.08393285371702637,0.33333333333333337,0.25,0.33103333333333335,0.27579999999999993,score_free_checkedbag
620382,2,1,6,1,0.5,0.16666666666666666,0.6666666666666667,Youth,Low Spenders,0.0,0.0,4.5,0.25,1.0,0.5,0.12690355329949238,0.0,0.15,0.08883248730964466,0.1,0.6666666666666667,0.40499999999999997,0.21999999999999997,score_exclusive_discount
620394,1,1,7,1,1.0,0.14285714285714285,0.9285714285714286,Middle-age,High Spenders,0.0,2.0,3.0,0.25,1.0,0.5,0.16286644951140067,0.6666666666666666,0.1,0.11400651465798047,0.6333333333333333,0.9285714285714286,0.37,0.205,score_exclusive_discount
620453,3,1,5,0,0.3333333333333333,0.0,0.6666666666666666,Middle-age,Low Spenders,0.0,0.5,2.0,0.125,1.0,1.0,0.17605633802816903,0.16666666666666666,0.06666666666666667,0.12323943661971831,0.33333333333333337,0.6666666666666666,0.3466666666666667,0.1075,score_exclusive_discount
620690,4,1,4,1,0.25,0.25,0.5,Middle-age,Low Spenders,0.0,2.0,4.5,0.25,0.5,0.5,0.09578544061302682,0.6666666666666666,0.15,0.06704980842911877,0.6333333333333333,0.5,0.255,0.21999999999999997,score_free_checkedbag
620719,1,0,7,1,0.0,0.14285714285714285,0.4285714285714286,Youth,Low Spenders,0.0,0.0,9.0,0.125,1.0,0.0,1.0,0.0,0.3,0.7,0.0,0.4285714285714286,0.51,0.1775,score_free_cancellation
620884,3,2,5,3,0.6666666666666666,0.6,0.5333333333333333,Middle-age,Low Spenders,0.2,0.33,2.0,0.625,0.8,1.0,0.10695187165775401,0.11,0.06666666666666667,0.0748663101604278,0.28800000000000003,0.5333333333333333,0.2866666666666666,0.4575,score_exclusive_discount
620972,1,1,7,2,1.0,0.2857142857142857,0.8571428571428572,Middle-age,Medium Spenders,0.0,0.33,2.0,0.375,1.0,1.0,0.12738853503184713,0.11,0.06666666666666667,0.08917197452229299,0.28800000000000003,0.8571428571428572,0.3466666666666667,0.2825,score_exclusive_discount
620991,3,0,5,2,0.0,0.4,0.3,Youth,Low Spenders,0.0,1.0,2.5,0.25,1.0,0.5,0.13262599469496023,0.3333333333333333,0.08333333333333333,0.09283819628647215,0.3666666666666667,0.3,0.35833333333333334,0.19999999999999998,score_free_checkedbag
621072,2,0,6,1,0.0,0.16666666666666666,0.4166666666666667,Middle-age,At Risk,0.0,0.0,4.0,0.125,1.0,1.0,0.11574074074074073,0.0,0.13333333333333333,0.0810185185185185,0.2,0.4166666666666667,0.3933333333333333,0.1275,score_exclusive_discount
621081,3,2,6,1,0.6666666666666666,0.16666666666666666,0.75,Middle-age,Medium Spenders,0.0,0.67,2.0,0.3333333333333333,1.0,1.0,0.12804097311139565,0.22333333333333336,0.06666666666666667,0.08962868117797694,0.3786666666666667,0.75,0.3466666666666667,0.2533333333333333,score_exclusive_discount
621085,2,0,6,1,0.0,0.16666666666666666,0.4166666666666667,Middle-age,At Risk,0.0,0.0,7.0,0.125,1.0,0.0,1.0,0.0,0.23333333333333334,0.7,0.0,0.4166666666666667,0.4633333333333333,0.15749999999999997,score_free_cancellation
621113,2,0,6,0,0.0,0.0,0.5,0,0,0.0,0.0,0.0,0.0,0.0,0.0,0.0,0.0,0.0,0.0,0.0,0.5,0.0,0.0,score_exclusive_discount
621150,1,0,7,0,0.0,0.0,0.5,0,0,0.0,0.0,0.0,0.0,0.0,0.0,0.0,0.0,0.0,0.0,0.0,0.5,0.0,0.0,score_exclusive_discount
621291,2,0,6,5,0.0,0.8333333333333334,0.08333333333333331,Middle-age,Champions,0.0,0.25,4.6,0.625,0.8,0.8,0.13089005235602094,0.08333333333333333,0.15333333333333332,0.09162303664921466,0.22666666666666668,0.08333333333333331,0.3473333333333333,0.4835,score_free_night_flight
621552,1,0,7,0,0.0,0.0,0.5,0,0,0.0,0.0,0.0,0.0,0.0,0.0,0.0,0.0,0.0,0.0,0.0,0.5,0.0,0.0,score_exclusive_discount
621607,2,1,6,1,0.5,0.16666666666666666,0.6666666666666667,Middle-age,Low Spenders,0.0,0.0,3.5,0.25,1.0,1.0,0.1231527093596059,0.0,0.11666666666666667,0.08620689655172413,0.2,0.6666666666666667,0.38166666666666665,0.21,score_exclusive_discount
621665,3,3,6,3,1.0,0.5,0.75,Middle-age,Medium Spenders,0.17,0.62,1.25,0.6666666666666666,0.8333333333333334,1.0,0.09259259259259259,0.20666666666666667,0.041666666666666664,0.06481481481481481,0.36533333333333334,0.75,0.2791666666666667,0.47916666666666663,score_exclusive_discount
621811,3,0,5,2,0.0,0.4,0.3,Middle-age,Low Spenders,0.0,0.0,1.5,0.25,0.5,1.0,0.11695906432748537,0.0,0.05,0.08187134502923976,0.2,0.3,0.185,0.19,score_exclusive_discount
621849,2,1,6,2,0.5,0.3333333333333333,0.5833333333333334,Middle-age,High Spenders,0.0,0.33,2.33,0.375,1.0,1.0,0.111731843575419,0.11,0.07766666666666668,0.0782122905027933,0.28800000000000003,0.5833333333333334,0.35436666666666666,0.28579999999999994,score_exclusive_discount
621922,0,0,8,1,0.0,0.125,0.5,Youth,At Risk,0.0,0.0,3.0,0.125,1.0,1.0,0.1016260162601626,0.0,0.1,0.07113821138211382,0.2,0.5,0.37,0.1175,score_exclusive_discount
622149,2,1,6,0,0.5,0.0,0.75,Middle-age,At Risk,0.0,0.0,1.0,0.125,1.0,1.0,0.1893939393939394,0.0,0.03333333333333333,0.13257575757575757,0.2,0.75,0.3233333333333333,0.09749999999999999,score_exclusive_discount
622248,2,1,6,3,0.5,0.5,0.5,Middle-age,Medium Spenders,0.0,1.0,4.0,0.5,0.75,0.75,0.1545595054095827,0.3333333333333333,0.13333333333333333,0.10819165378670788,0.4166666666666667,0.5,0.3183333333333333,0.38999999999999996,score_exclusive_discount
622293,3,2,7,1,0.6666666666666666,0.14285714285714285,0.7619047619047619,Middle-age,Champions,0.0,0.5,1.0,0.3,0.3333333333333333,1.0,0.009889240506329113,0.16666666666666666,0.03333333333333333,0.0069224683544303785,0.33333333333333337,0.7619047619047619,0.12333333333333332,0.22,score_exclusive_discount
622343,3,1,5,2,0.3333333333333333,0.4,0.4666666666666667,Middle-age,Low Spenders,0.33,1.0,2.0,0.375,0.6666666666666666,1.0,0.1440922190201729,0.3333333333333333,0.06666666666666667,0.10086455331412103,0.4666666666666667,0.4666666666666667,0.24666666666666665,0.2825,score_free_checkedbag
622418,3,2,5,1,0.6666666666666666,0.2,0.7333333333333333,Middle-age,Low Spenders,0.33,0.0,1.0,0.375,1.0,1.0,0.10111223458038422,0.0,0.03333333333333333,0.07077856420626895,0.2,0.7333333333333333,0.3233333333333333,0.27249999999999996,score_exclusive_discount
622464,1,0,7,2,0.0,0.2857142857142857,0.35714285714285715,Middle-age,At Risk,0.0,1.5,0.5,0.25,0.5,1.0,0.11428571428571428,0.5,0.016666666666666666,0.07999999999999999,0.6000000000000001,0.35714285714285715,0.16166666666666665,0.18,score_free_checkedbag
622708,3,2,5,2,0.6666666666666666,0.4,0.6333333333333333,Middle-age,High Spenders,0.0,0.5,5.5,0.5,1.0,0.5,0.08453085376162299,0.16666666666666666,0.18333333333333332,0.05917159763313609,0.23333333333333334,0.6333333333333333,0.42833333333333334,0.40499999999999997,score_exclusive_discount
622813,2,0,6,4,0.0,0.6666666666666666,0.16666666666666669,Middle-age,Medium Spenders,0.0,0.75,1.25,0.5,0.75,1.0,0.11682242990654207,0.25,0.041666666666666664,0.08177570093457945,0.4,0.16666666666666669,0.25416666666666665,0.3625,score_free_checkedbag
623043,0,0,8,4,0.0,0.5,0.5,Middle-age,High Spenders,0.0,1.0,1.5,0.5,1.0,1.0,0.11467889908256883,0.3333333333333333,0.05,0.08027522935779817,0.4666666666666667,0.5,0.33499999999999996,0.365,score_exclusive_discount
623077,1,1,7,3,1.0,0.42857142857142855,0.7857142857142857,Middle-age,High Spenders,0.0,0.5,5.5,0.5,1.0,0.5,0.10438413361169102,0.16666666666666666,0.18333333333333332,0.07306889352818371,0.23333333333333334,0.7857142857142857,0.42833333333333334,0.40499999999999997,score_exclusive_discount
623087,1,0,8,3,0.0,0.375,0.3125,Middle-age,High Spenders,0.0,0.0,2.67,0.3333333333333333,1.0,1.0,0.10493179433368312,0.0,0.089,0.07345225603357818,0.2,0.3125,0.36229999999999996,0.2600333333333333,score_free_meal
623142,2,1,6,1,0.5,0.16666666666666666,0.6666666666666667,Middle-age,Champions,0.0,0.25,1.0,0.25,0.5,1.0,0.008525876033762468,0.08333333333333333,0.03333333333333333,0.005968113223633728,0.26666666666666666,0.6666666666666667,0.17333333333333334,0.185,score_exclusive_discount
623417,4,0,4,0,0.0,0.0,0.5,0,0,0.0,0.0,0.0,0.0,0.0,0.0,0.0,0.0,0.0,0.0,0.0,0.5,0.0,0.0,score_exclusive_discount
623691,4,1,4,0,0.25,0.0,0.625,Youth,Low Spenders,0.0,0.0,8.0,0.125,1.0,1.0,0.004432624113475178,0.0,0.26666666666666666,0.0031028368794326243,0.2,0.625,0.48666666666666664,0.16749999999999998,score_exclusive_discount
623750,3,0,5,2,0.0,0.4,0.3,Middle-age,Medium Spenders,0.0,0.0,5.0,0.25,1.0,1.0,0.12300123001230014,0.0,0.16666666666666666,0.08610086100861009,0.2,0.3,0.41666666666666663,0.22499999999999998,score_free_meal
623815,2,1,6,2,0.5,0.3333333333333333,0.5833333333333334,Middle-age,Low Spenders,0.0,0.33,1.67,0.375,1.0,1.0,0.12468827930174564,0.11,0.05566666666666666,0.08728179551122195,0.28800000000000003,0.5833333333333334,0.33896666666666664,0.27919999999999995,score_exclusive_discount
623850,2,1,6,4,0.5,0.6666666666666666,0.4166666666666667,Middle-age,Champions,0.0,0.2,4.2,0.625,1.0,1.0,0.15384615384615385,0.06666666666666667,0.14,0.1076923076923077,0.25333333333333335,0.4166666666666667,0.398,0.4795,score_free_night_flight
623935,4,0,5,2,0.0,0.4,0.3,Middle-age,Champions,0.0,0.5,4.0,0.2222222222222222,0.5,0.5,0.004428894105141946,0.16666666666666666,0.13333333333333333,0.0031002258735993624,0.23333333333333334,0.3,0.24333333333333332,0.19555555555555554,score_exclusive_discount
623941,3,1,5,3,0.3333333333333333,0.6,0.3666666666666667,Middle-age,Champions,0.0,0.83,3.0,0.5,0.75,0.75,0.1278772378516624,0.27666666666666667,0.1,0.08951406649616368,0.3713333333333334,0.3666666666666667,0.295,0.38,score_free_night_flight
623949,2,1,6,2,0.5,0.3333333333333333,0.5833333333333334,Middle-age,Medium Spenders,0.0,0.67,5.0,0.375,1.0,1.0,0.09560229445506692,0.22333333333333336,0.16666666666666666,0.06692160611854683,0.3786666666666667,0.5833333333333334,0.41666666666666663,0.31249999999999994,score_exclusive_discount
623972,1,0,7,3,0.0,0.42857142857142855,0.2857142857142857,Middle-age,High Spenders,0.0,0.5,2.33,0.375,1.0,1.0,0.1278772378516624,0.16666666666666666,0.07766666666666668,0.08951406649616368,0.33333333333333337,0.2857142857142857,0.35436666666666666,0.28579999999999994,score_free_meal
624198,2,0,6,3,0.0,0.5,0.25,Middle-age,High Spenders,0.0,0.5,4.0,0.375,1.0,1.0,0.11049723756906077,0.16666666666666666,0.13333333333333333,0.07734806629834254,0.33333333333333337,0.25,0.3933333333333333,0.30249999999999994,score_free_meal
624215,1,1,7,3,1.0,0.42857142857142855,0.7857142857142857,Middle-age,Medium Spenders,0.0,0.5,1.25,0.5,1.0,1.0,0.11123470522803114,0.16666666666666666,0.041666666666666664,0.07786429365962179,0.33333333333333337,0.7857142857142857,0.32916666666666666,0.3625,score_exclusive_discount
624258,2,0,6,1,0.0,0.16666666666666666,0.4166666666666667,Middle-age,Low Spenders,0.0,0.0,3.0,0.125,1.0,1.0,0.08756567425569177,0.0,0.1,0.06129597197898423,0.2,0.4166666666666667,0.37,0.1175,score_exclusive_discount
624497,2,2,6,3,1.0,0.5,0.75,Middle-age,High Spenders,0.4,1.0,1.0,0.625,1.0,0.8,0.08481764206955048,0.3333333333333333,0.03333333333333333,0.05937234944868533,0.4266666666666667,0.75,0.3233333333333333,0.4475,score_exclusive_discount
624593,2,0,6,2,0.0,0.3333333333333333,0.33333333333333337,Middle-age,Low Spenders,0.0,1.0,4.5,0.25,1.0,1.0,0.16129032258064516,0.3333333333333333,0.15,0.1129032258064516,0.4666666666666667,0.33333333333333337,0.40499999999999997,0.21999999999999997,score_free_checkedbag
624636,1,0,7,3,0.0,0.42857142857142855,0.2857142857142857,Middle-age,Medium Spenders,0.0,0.67,2.33,0.375,1.0,1.0,0.12391573729863692,0.22333333333333336,0.07766666666666668,0.08674101610904583,0.3786666666666667,0.2857142857142857,0.35436666666666666,0.28579999999999994,score_free_checkedbag
624762,3,1,5,1,0.3333333333333333,0.2,0.5666666666666667,Middle-age,High Spenders,0.0,0.75,3.0,0.25,1.0,1.0,0.13071895424836602,0.25,0.1,0.0915032679738562,0.4,0.5666666666666667,0.37,0.205,score_exclusive_discount
624913,2,1,6,2,0.5,0.3333333333333333,0.5833333333333334,Middle-age,Medium Spenders,0.0,1.0,1.33,0.375,1.0,1.0,0.11123470522803114,0.3333333333333333,0.044333333333333336,0.07786429365962179,0.4666666666666667,0.5833333333333334,0.33103333333333335,0.27579999999999993,score_exclusive_discount
625030,1,1,7,4,1.0,0.5714285714285714,0.7142857142857143,Middle-age,Champions,0.0,0.5,2.8,0.625,0.8,0.8,0.09652509652509653,0.16666666666666666,0.09333333333333332,0.06756756756756756,0.29333333333333333,0.7142857142857143,0.30533333333333335,0.4655,score_exclusive_discount
625089,1,1,7,3,1.0,0.42857142857142855,0.7857142857142857,Middle-age,High Spenders,0.0,0.5,2.75,0.5,0.75,1.0,0.10152284263959391,0.16666666666666666,0.09166666666666666,0.07106598984771573,0.33333333333333337,0.7857142857142857,0.2891666666666666,0.37749999999999995,score_exclusive_discount
625398,4,1,4,1,0.25,0.25,0.5,Youth,High Spenders,0.0,0.5,6.0,0.25,1.0,1.0,0.15723270440251572,0.16666666666666666,0.2,0.110062893081761,0.33333333333333337,0.5,0.43999999999999995,0.235,score_exclusive_discount
625400,2,0,6,3,0.0,0.5,0.25,Middle-age,Champions,0.0,0.67,5.0,0.375,1.0,1.0,0.10638297872340426,0.22333333333333336,0.16666666666666666,0.07446808510638298,0.3786666666666667,0.25,0.41666666666666663,0.31249999999999994,score_free_meal
625555,2,1,6,2,0.5,0.3333333333333333,0.5833333333333334,Youth,Low Spenders,0.33,0.0,7.0,0.375,0.6666666666666666,0.6666666666666666,1.0,0.0,0.23333333333333334,0.7,0.13333333333333333,0.5833333333333334,0.3633333333333333,0.33249999999999996,score_free_cancellation
625597,4,1,4,1,0.25,0.25,0.5,Middle-age,Low Spenders,0.0,1.0,4.5,0.25,0.5,0.5,0.1773049645390071,0.3333333333333333,0.15,0.12411347517730496,0.3666666666666667,0.5,0.255,0.21999999999999997,score_exclusive_discount
625700,3,0,6,0,0.0,0.0,0.5,0,0,0.0,0.0,0.0,0.0,0.0,0.0,0.0,0.0,0.0,0.0,0.0,0.5,0.0,0.0,score_exclusive_discount
625703,2,0,6,2,0.0,0.3333333333333333,0.33333333333333337,Middle-age,At Risk,0.0,0.5,1.5,0.25,1.0,1.0,0.13850415512465375,0.16666666666666666,0.05,0.09695290858725762,0.33333333333333337,0.33333333333333337,0.33499999999999996,0.19,score_free_meal
625984,3,2,5,1,0.6666666666666666,0.2,0.7333333333333333,Middle-age,Medium Spenders,0.0,0.67,2.67,0.375,1.0,1.0,0.16051364365971107,0.22333333333333336,0.089,0.11235955056179775,0.3786666666666667,0.7333333333333333,0.36229999999999996,0.28919999999999996,score_exclusive_discount
626037,1,0,7,0,0.0,0.0,0.5,0,0,0.0,0.0,0.0,0.0,0.0,0.0,0.0,0.0,0.0,0.0,0.0,0.5,0.0,0.0,score_exclusive_discount
626067,3,0,5,0,0.0,0.0,0.5,0,0,0.0,0.0,0.0,0.0,0.0,0.0,0.0,0.0,0.0,0.0,0.0,0.5,0.0,0.0,score_exclusive_discount
626114,3,0,5,0,0.0,0.0,0.5,0,0,0.0,0.0,0.0,0.0,0.0,0.0,0.0,0.0,0.0,0.0,0.0,0.5,0.0,0.0,score_exclusive_discount
626249,2,0,6,0,0.0,0.0,0.5,0,0,0.0,0.0,0.0,0.0,0.0,0.0,0.0,0.0,0.0,0.0,0.0,0.5,0.0,0.0,score_exclusive_discount
626318,4,2,5,1,0.5,0.2,0.65,Middle-age,Low Spenders,0.0,0.5,2.33,0.3333333333333333,0.6666666666666666,0.6666666666666666,0.16181229773462785,0.16666666666666666,0.07766666666666668,0.11326860841423948,0.26666666666666666,0.65,0.25436666666666663,0.2566333333333333,score_exclusive_discount
626329,3,0,5,1,0.0,0.2,0.4,Middle-age,At Risk,0.0,1.0,2.0,0.125,1.0,1.0,0.14306151645207438,0.3333333333333333,0.06666666666666667,0.10014306151645205,0.4666666666666667,0.4,0.3466666666666667,0.1075,score_free_checkedbag
626519,1,1,7,2,1.0,0.2857142857142857,0.8571428571428572,Middle-age,Low Spenders,0.0,0.0,1.67,0.375,0.6666666666666666,1.0,0.12453300124533,0.0,0.05566666666666666,0.087173100871731,0.2,0.8571428571428572,0.23896666666666666,0.27919999999999995,score_exclusive_discount
626520,1,0,7,2,0.0,0.2857142857142857,0.35714285714285715,Middle-age,Low Spenders,0.0,0.0,1.0,0.25,1.0,1.0,0.1075268817204301,0.0,0.03333333333333333,0.07526881720430106,0.2,0.35714285714285715,0.3233333333333333,0.185,score_exclusive_discount
626558,2,0,6,0,0.0,0.0,0.5,0,0,0.0,0.0,0.0,0.0,0.0,0.0,0.0,0.0,0.0,0.0,0.0,0.5,0.0,0.0,score_exclusive_discount
626587,1,0,7,1,0.0,0.14285714285714285,0.4285714285714286,Youth,At Risk,0.0,0.0,9.0,0.125,1.0,0.0,1.0,0.0,0.3,0.7,0.0,0.4285714285714286,0.51,0.1775,score_free_cancellation
626645,4,2,4,1,0.5,0.25,0.625,Middle-age,Champions,0.0,0.28,4.33,0.375,1.0,1.0,0.12376237623762376,0.09333333333333334,0.14433333333333334,0.08663366336633663,0.27466666666666667,0.625,0.40103333333333335,0.30579999999999996,score_exclusive_discount
626986,0,0,8,6,0.0,0.75,0.5,Middle-age,Champions,0.0,0.17,4.17,0.75,1.0,1.0,0.12626262626262627,0.05666666666666667,0.13899999999999998,0.08838383838383838,0.24533333333333335,0.5,0.3973,0.5666999999999999,score_free_night_flight
627041,4,0,4,2,0.0,0.5,0.25,Middle-age,At Risk,0.0,0.0,1.0,0.25,0.5,1.0,0.11614401858304298,0.0,0.03333333333333333,0.08130081300813008,0.2,0.25,0.17333333333333334,0.185,score_exclusive_discount
627158,2,1,6,2,0.5,0.3333333333333333,0.5833333333333334,Middle-age,Low Spenders,0.0,0.67,0.33,0.375,0.3333333333333333,1.0,0.11668611435239207,0.22333333333333336,0.011000000000000001,0.08168028004667444,0.3786666666666667,0.5833333333333334,0.10769999999999999,0.2658,score_exclusive_discount
627176,3,1,5,3,0.3333333333333333,0.6,0.3666666666666667,Middle-age,At Risk,0.25,0.5,1.5,0.5,1.0,0.75,0.11389521640091115,0.16666666666666666,0.05,0.0797266514806378,0.2833333333333333,0.3666666666666667,0.33499999999999996,0.365,score_exclusive_discount
627436,3,0,6,2,0.0,0.3333333333333333,0.33333333333333337,Middle-age,Medium Spenders,0.0,0.5,4.5,0.2222222222222222,1.0,1.0,0.1314060446780552,0.16666666666666666,0.15,0.09198423127463863,0.33333333333333337,0.33333333333333337,0.40499999999999997,0.20055555555555554,score_free_meal
627451,3,1,5,2,0.3333333333333333,0.4,0.4666666666666667,Middle-age,Low Spenders,0.0,0.33,0.67,0.375,0.3333333333333333,1.0,0.12165450121654503,0.11,0.022333333333333334,0.08515815085158152,0.28800000000000003,0.4666666666666667,0.11563333333333332,0.26919999999999994,score_exclusive_discount
627475,1,0,7,0,0.0,0.0,0.5,0,0,0.0,0.0,0.0,0.0,0.0,0.0,0.0,0.0,0.0,0.0,0.0,0.5,0.0,0.0,score_exclusive_discount
627518,1,1,7,0,1.0,0.0,1.0,Youth,Low Spenders,0.0,1.0,3.0,0.125,1.0,1.0,0.0999000999000999,0.3333333333333333,0.1,0.06993006993006992,0.4666666666666667,1.0,0.37,0.1175,score_exclusive_discount
627617,1,1,7,1,1.0,0.14285714285714285,0.9285714285714286,Youth,Low Spenders,0.0,0.0,3.0,0.25,1.0,0.5,0.14903129657228018,0.0,0.1,0.10432190760059612,0.1,0.9285714285714286,0.37,0.205,score_exclusive_discount
627729,2,0,6,0,0.0,0.0,0.5,0,0,0.0,0.0,0.0,0.0,0.0,0.0,0.0,0.0,0.0,0.0,0.0,0.5,0.0,0.0,score_exclusive_discount
627889,2,0,6,2,0.0,0.3333333333333333,0.33333333333333337,Middle-age,Medium Spenders,0.0,1.0,4.5,0.25,1.0,0.5,0.1310615989515072,0.3333333333333333,0.15,0.09174311926605504,0.3666666666666667,0.33333333333333337,0.40499999999999997,0.21999999999999997,score_free_meal
627893,1,1,7,2,1.0,0.2857142857142857,0.8571428571428572,Middle-age,High Spenders,0.0,1.0,3.33,0.375,1.0,0.6666666666666666,0.10351966873706003,0.3333333333333333,0.111,0.07246376811594202,0.4,0.8571428571428572,0.3777,0.29579999999999995,score_exclusive_discount
627972,2,1,6,2,0.5,0.3333333333333333,0.5833333333333334,Middle-age,Medium Spenders,0.0,0.5,5.33,0.375,1.0,0.6666666666666666,0.10905125408942203,0.16666666666666666,0.17766666666666667,0.07633587786259541,0.26666666666666666,0.5833333333333334,0.42436666666666667,0.31579999999999997,score_exclusive_discount
628023,1,0,7,3,0.0,0.42857142857142855,0.2857142857142857,Middle-age,Medium Spenders,0.0,0.33,0.67,0.375,0.6666666666666666,1.0,0.10245901639344263,0.11,0.022333333333333334,0.07172131147540983,0.28800000000000003,0.2857142857142857,0.21563333333333332,0.26919999999999994,score_free_checkedbag
628033,2,2,6,2,1.0,0.3333333333333333,0.8333333333333334,Middle-age,Champions,0.0,0.0,4.0,0.5,0.75,0.75,0.09182736455463728,0.0,0.13333333333333333,0.06427915518824609,0.15000000000000002,0.8333333333333334,0.3183333333333333,0.38999999999999996,score_exclusive_discount
628570,3,2,5,3,0.6666666666666666,0.6,0.5333333333333333,Middle-age,High Spenders,0.0,0.2,4.0,0.625,0.8,1.0,0.10940919037199125,0.06666666666666667,0.13333333333333333,0.07658643326039387,0.25333333333333335,0.5333333333333333,0.3333333333333333,0.4775,score_exclusive_discount
628653,1,1,7,2,1.0,0.2857142857142857,0.8571428571428572,Middle-age,Medium Spenders,0.0,0.67,3.67,0.375,0.6666666666666666,1.0,0.1440922190201729,0.22333333333333336,0.12233333333333334,0.10086455331412103,0.3786666666666667,0.8571428571428572,0.2856333333333333,0.29919999999999997,score_exclusive_discount
628671,3,1,5,1,0.3333333333333333,0.2,0.5666666666666667,Middle-age,Medium Spenders,0.0,0.75,2.5,0.25,1.0,1.0,0.11848341232227487,0.25,0.08333333333333333,0.0829383886255924,0.4,0.5666666666666667,0.35833333333333334,0.19999999999999998,score_exclusive_discount
628694,2,1,7,1,0.5,0.14285714285714285,0.6785714285714286,Middle-age,Low Spenders,0.0,1.0,5.5,0.2222222222222222,1.0,0.5,0.09285051067780874,0.3333333333333333,0.18333333333333332,0.06499535747446611,0.3666666666666667,0.6785714285714286,0.42833333333333334,0.21055555555555552,score_exclusive_discount
628752,1,1,7,1,1.0,0.14285714285714285,0.9285714285714286,Middle-age,Low Spenders,0.0,1.0,1.0,0.25,0.5,1.0,0.0819000819000819,0.3333333333333333,0.03333333333333333,0.057330057330057325,0.4666666666666667,0.9285714285714286,0.17333333333333334,0.185,score_exclusive_discount
628762,0,0,8,1,0.0,0.125,0.5,Youth,At Risk,0.0,0.0,8.0,0.125,1.0,0.0,1.0,0.0,0.26666666666666666,0.7,0.0,0.5,0.48666666666666664,0.16749999999999998,score_free_cancellation
629345,2,0,7,1,0.0,0.14285714285714285,0.4285714285714286,Youth,Champions,0.0,0.0,12.0,0.1111111111111111,1.0,0.0,1.0,0.0,0.4,0.7,0.0,0.4285714285714286,0.58,0.19777777777777777,score_free_cancellation
629647,2,1,6,1,0.5,0.16666666666666666,0.6666666666666667,Middle-age,At Risk,0.0,1.0,2.5,0.25,1.0,1.0,0.11001100110011001,0.3333333333333333,0.08333333333333333,0.077007700770077,0.4666666666666667,0.6666666666666667,0.35833333333333334,0.19999999999999998,score_exclusive_discount
629701,3,0,5,4,0.0,0.8,0.09999999999999998,Middle-age,High Spenders,0.0,0.33,3.5,0.5,1.0,0.75,0.12738853503184713,0.11,0.11666666666666667,0.08917197452229299,0.23800000000000004,0.09999999999999998,0.38166666666666665,0.38499999999999995,score_free_night_flight
629725,2,1,6,2,0.5,0.3333333333333333,0.5833333333333334,Middle-age,At Risk,0.0,0.33,0.33,0.375,0.3333333333333333,1.0,0.1264222503160556,0.11,0.011000000000000001,0.08849557522123892,0.28800000000000003,0.5833333333333334,0.10769999999999999,0.2658,score_exclusive_discount
629747,5,0,3,0,0.0,0.0,0.5,0,0,0.0,0.0,0.0,0.0,0.0,0.0,0.0,0.0,0.0,0.0,0.0,0.5,0.0,0.0,score_exclusive_discount
629803,3,2,5,1,0.6666666666666666,0.2,0.7333333333333333,Middle-age,High Spenders,0.0,0.83,1.67,0.375,0.6666666666666666,1.0,0.11248593925759279,0.27666666666666667,0.05566666666666666,0.07874015748031495,0.42133333333333334,0.7333333333333333,0.23896666666666666,0.27919999999999995,score_exclusive_discount
629812,4,1,4,1,0.25,0.25,0.5,0,0,0.0,0.0,0.0,0.0,0.0,0.0,0.0,0.0,0.0,0.0,0.0,0.5,0.0,0.0,score_exclusive_discount
629877,2,0,6,2,0.0,0.3333333333333333,0.33333333333333337,Middle-age,High Spenders,0.0,0.5,9.5,0.25,1.0,1.0,0.14771048744460857,0.16666666666666666,0.31666666666666665,0.103397341211226,0.33333333333333337,0.33333333333333337,0.5216666666666666,0.26999999999999996,score_free_meal
629952,1,0,7,3,0.0,0.42857142857142855,0.2857142857142857,Middle-age,High Spenders,0.0,0.5,1.67,0.375,1.0,1.0,0.13262599469496023,0.16666666666666666,0.05566666666666666,0.09283819628647215,0.33333333333333337,0.2857142857142857,0.33896666666666664,0.27919999999999995,score_free_meal
630039,1,0,7,1,0.0,0.14285714285714285,0.4285714285714286,Middle-age,Low Spenders,0.0,0.0,3.0,0.125,1.0,1.0,0.07980845969672785,0.0,0.1,0.055865921787709494,0.2,0.4285714285714286,0.37,0.1175,score_exclusive_discount
630097,4,0,4,3,0.0,0.75,0.125,Middle-age,High Spenders,0.0,1.0,3.33,0.375,1.0,0.6666666666666666,0.117096018735363,0.3333333333333333,0.111,0.08196721311475409,0.4,0.125,0.3777,0.29579999999999995,score_free_checkedbag
630176,2,0,6,1,0.0,0.16666666666666666,0.4166666666666667,Middle-age,At Risk,0.0,0.0,1.0,0.125,1.0,1.0,0.10438413361169102,0.0,0.03333333333333333,0.07306889352818371,0.2,0.4166666666666667,0.3233333333333333,0.09749999999999999,score_exclusive_discount
630178,4,0,5,1,0.0,0.2,0.4,Middle-age,Low Spenders,0.0,1.0,3.0,0.1111111111111111,1.0,1.0,0.11441647597254004,0.3333333333333333,0.1,0.08009153318077802,0.4666666666666667,0.4,0.37,0.10777777777777776,score_free_checkedbag
630267,4,1,4,1,0.25,0.25,0.5,Youth,Champions,0.0,1.0,10.0,0.25,1.0,0.5,0.13020833333333334,0.3333333333333333,0.3333333333333333,0.09114583333333333,0.3666666666666667,0.5,0.5333333333333333,0.27499999999999997,score_free_meal
630607,3,0,5,0,0.0,0.0,0.5,0,0,0.0,0.0,0.0,0.0,0.0,0.0,0.0,0.0,0.0,0.0,0.0,0.5,0.0,0.0,score_exclusive_discount
630609,2,1,6,4,0.5,0.6666666666666666,0.4166666666666667,Middle-age,High Spenders,0.0,0.2,2.8,0.625,1.0,1.0,0.11876484560570072,0.06666666666666667,0.09333333333333332,0.0831353919239905,0.25333333333333335,0.4166666666666667,0.3653333333333333,0.4655,score_free_night_flight
630694,3,1,5,1,0.3333333333333333,0.2,0.5666666666666667,Middle-age,Low Spenders,0.0,0.5,1.0,0.25,1.0,1.0,0.1019367991845056,0.16666666666666666,0.03333333333333333,0.07135575942915391,0.33333333333333337,0.5666666666666667,0.3233333333333333,0.185,score_exclusive_discount
630738,3,1,6,2,0.3333333333333333,0.3333333333333333,0.5,Middle-age,Low Spenders,0.0,0.33,2.67,0.3333333333333333,0.6666666666666666,1.0,0.11135857461024498,0.11,0.089,0.07795100222717148,0.28800000000000003,0.5,0.2623,0.2600333333333333,score_exclusive_discount
630992,2,0,6,1,0.0,0.16666666666666666,0.4166666666666667,Middle-age,At Risk,0.0,0.0,6.0,0.125,1.0,0.0,1.0,0.0,0.2,0.7,0.0,0.4166666666666667,0.43999999999999995,0.1475,score_free_cancellation
631174,3,1,5,1,0.3333333333333333,0.2,0.5666666666666667,Middle-age,Medium Spenders,0.0,0.0,2.5,0.25,1.0,0.5,0.07930214115781127,0.0,0.08333333333333333,0.05551149881046789,0.1,0.5666666666666667,0.35833333333333334,0.19999999999999998,score_exclusive_discount
631201,3,2,5,0,0.6666666666666666,0.0,0.8333333333333333,Youth,Champions,0.0,0.0,4.5,0.25,1.0,0.5,0.1310615989515072,0.0,0.15,0.09174311926605504,0.1,0.8333333333333333,0.40499999999999997,0.21999999999999997,score_exclusive_discount
631319,1,0,7,2,0.0,0.2857142857142857,0.35714285714285715,Middle-age,Medium Spenders,0.0,0.5,3.0,0.25,1.0,1.0,0.1297016861219196,0.16666666666666666,0.1,0.0907911802853437,0.33333333333333337,0.35714285714285715,0.37,0.205,score_free_meal
631384,3,0,5,0,0.0,0.0,0.5,0,0,0.0,0.0,0.0,0.0,0.0,0.0,0.0,0.0,0.0,0.0,0.0,0.5,0.0,0.0,score_exclusive_discount
631388,3,2,5,0,0.6666666666666666,0.0,0.8333333333333333,Middle-age,Medium Spenders,0.0,0.0,5.5,0.25,0.5,0.5,0.17953321364452424,0.0,0.18333333333333332,0.12567324955116696,0.1,0.8333333333333333,0.2783333333333333,0.22999999999999998,score_exclusive_discount
631448,3,1,5,1,0.3333333333333333,0.2,0.5666666666666667,Middle-age,Low Spenders,0.0,0.0,3.5,0.25,1.0,0.0,1.0,0.0,0.11666666666666667,0.7,0.0,0.5666666666666667,0.38166666666666665,0.21,score_free_cancellation
631477,2,0,7,1,0.0,0.14285714285714285,0.4285714285714286,Middle-age,At Risk,0.0,1.0,3.0,0.1111111111111111,1.0,1.0,0.1706484641638225,0.3333333333333333,0.1,0.11945392491467575,0.4666666666666667,0.4285714285714286,0.37,0.10777777777777776,score_free_checkedbag
631787,3,3,5,2,1.0,0.4,0.8,Middle-age,Medium Spenders,0.2,0.0,3.0,0.625,0.8,0.8,0.12106537530266344,0.0,0.1,0.0847457627118644,0.16000000000000003,0.8,0.31,0.4675,score_exclusive_discount
631872,2,0,7,0,0.0,0.0,0.5,0,0,0.0,0.0,0.0,0.0,0.0,0.0,0.0,0.0,0.0,0.0,0.0,0.5,0.0,0.0,score_exclusive_discount
631970,1,0,7,3,0.0,0.42857142857142855,0.2857142857142857,Middle-age,Low Spenders,0.0,0.33,1.0,0.375,1.0,1.0,0.11098779134295228,0.11,0.03333333333333333,0.07769145394006659,0.28800000000000003,0.2857142857142857,0.3233333333333333,0.27249999999999996,score_free_meal
631975,2,0,6,1,0.0,0.16666666666666666,0.4166666666666667,Middle-age,At Risk,0.0,1.0,0.0,0.125,0.0,1.0,0.2150537634408602,0.3333333333333333,0.0,0.15053763440860213,0.4666666666666667,0.4166666666666667,0.0,0.0875,score_free_checkedbag
631993,2,1,6,1,0.5,0.16666666666666666,0.6666666666666667,Middle-age,Low Spenders,0.0,0.5,1.5,0.25,1.0,1.0,0.1277139208173691,0.16666666666666666,0.05,0.08939974457215837,0.33333333333333337,0.6666666666666667,0.33499999999999996,0.19,score_exclusive_discount
632136,2,2,6,3,1.0,0.5,0.75,Middle-age,Medium Spenders,0.2,0.67,3.33,0.625,1.0,1.0,0.12121212121212122,0.22333333333333336,0.111,0.08484848484848484,0.3786666666666667,0.75,0.3777,0.4708,score_exclusive_discount
632239,5,1,3,0,0.2,0.0,0.6,Middle-age,At Risk,0.0,0.0,1.0,0.125,1.0,1.0,0.10277492291880781,0.0,0.03333333333333333,0.07194244604316546,0.2,0.6,0.3233333333333333,0.09749999999999999,score_exclusive_discount
632316,2,1,6,2,0.5,0.3333333333333333,0.5833333333333334,Middle-age,High Spenders,0.0,0.0,2.0,0.375,1.0,1.0,0.1400560224089636,0.0,0.06666666666666667,0.09803921568627451,0.2,0.5833333333333334,0.3466666666666667,0.2825,score_exclusive_discount
632425,3,0,6,2,0.0,0.3333333333333333,0.33333333333333337,Middle-age,High Spenders,0.0,0.0,0.5,0.2222222222222222,0.5,1.0,0.12062726176115804,0.0,0.016666666666666666,0.08443908323281062,0.2,0.33333333333333337,0.16166666666666665,0.16055555555555553,score_exclusive_discount
632461,1,1,7,0,1.0,0.0,1.0,Middle-age,At Risk,0.0,1.0,1.0,0.125,1.0,1.0,0.14556040756914118,0.3333333333333333,0.03333333333333333,0.10189228529839882,0.4666666666666667,1.0,0.3233333333333333,0.09749999999999999,score_exclusive_discount
632475,3,1,5,2,0.3333333333333333,0.4,0.4666666666666667,Elderly,At Risk,0.33,0.0,3.0,0.375,1.0,0.6666666666666666,1.0,0.0,0.1,0.7,0.13333333333333333,0.4666666666666667,0.37,0.2925,score_free_cancellation
632631,5,2,3,0,0.4,0.0,0.7,Middle-age,Low Spenders,0.0,1.0,3.0,0.25,1.0,1.0,0.09746588693957116,0.3333333333333333,0.1,0.0682261208576998,0.4666666666666667,0.7,0.37,0.205,score_exclusive_discount
632665,3,1,5,0,0.3333333333333333,0.0,0.6666666666666666,Middle-age,Low Spenders,0.0,3.0,4.0,0.125,1.0,1.0,0.10131712259371835,1.0,0.13333333333333333,0.07092198581560284,1.0,0.6666666666666666,0.3933333333333333,0.1275,score_free_checkedbag
632749,3,1,5,1,0.3333333333333333,0.2,0.5666666666666667,Middle-age,Medium Spenders,0.0,0.5,2.0,0.25,1.0,1.0,0.1718213058419244,0.16666666666666666,0.06666666666666667,0.12027491408934707,0.33333333333333337,0.5666666666666667,0.3466666666666667,0.19499999999999998,score_exclusive_discount
632866,1,0,7,0,0.0,0.0,0.5,0,0,0.0,0.0,0.0,0.0,0.0,0.0,0.0,0.0,0.0,0.0,0.0,0.5,0.0,0.0,score_exclusive_discount
632965,3,1,5,5,0.3333333333333333,1.0,0.16666666666666663,Middle-age,Champions,0.0,0.2,6.17,0.75,1.0,0.8333333333333334,0.11467889908256883,0.06666666666666667,0.20566666666666666,0.08027522935779817,0.22000000000000003,0.16666666666666663,0.4439666666666666,0.5866999999999999,score_free_night_flight
632988,2,1,6,2,0.5,0.3333333333333333,0.5833333333333334,Middle-age,Medium Spenders,0.0,0.33,4.0,0.375,1.0,1.0,0.10570824524312895,0.11,0.13333333333333333,0.07399577167019027,0.28800000000000003,0.5833333333333334,0.3933333333333333,0.30249999999999994,score_exclusive_discount
633183,5,2,3,1,0.4,0.3333333333333333,0.5333333333333333,Middle-age,Medium Spenders,0.0,0.67,1.33,0.375,0.6666666666666666,1.0,0.14925373134328357,0.22333333333333336,0.044333333333333336,0.10447761194029849,0.3786666666666667,0.5333333333333333,0.2310333333333333,0.27579999999999993,score_exclusive_discount
633195,2,0,6,2,0.0,0.3333333333333333,0.33333333333333337,Middle-age,Low Spenders,0.0,1.0,0.5,0.25,0.5,1.0,0.13089005235602094,0.3333333333333333,0.016666666666666666,0.09162303664921466,0.4666666666666667,0.33333333333333337,0.16166666666666665,0.18,score_free_checkedbag
633235,0,0,8,1,0.0,0.125,0.5,Youth,At Risk,0.0,0.0,4.0,0.125,1.0,0.0,1.0,0.0,0.13333333333333333,0.7,0.0,0.5,0.3933333333333333,0.1275,score_free_cancellation
633314,1,1,7,1,1.0,0.14285714285714285,0.9285714285714286,Youth,Low Spenders,0.0,0.5,2.0,0.25,1.0,1.0,0.12180267965895249,0.16666666666666666,0.06666666666666667,0.08526187576126673,0.33333333333333337,0.9285714285714286,0.3466666666666667,0.19499999999999998,score_exclusive_discount
633406,5,2,3,0,0.4,0.0,0.7,Youth,At Risk,0.0,0.0,4.0,0.25,0.5,0.5,0.1297016861219196,0.0,0.13333333333333333,0.0907911802853437,0.1,0.7,0.24333333333333332,0.215,score_exclusive_discount
633725,4,4,4,4,1.0,1.0,0.5,Middle-age,Medium Spenders,0.12,0.67,1.67,1.0,1.0,1.0,0.10940919037199125,0.22333333333333336,0.05566666666666666,0.07658643326039387,0.3786666666666667,0.5,0.33896666666666664,0.7167,score_free_night_flight
633972,2,0,6,0,0.0,0.0,0.5,0,0,0.0,0.0,0.0,0.0,0.0,0.0,0.0,0.0,0.0,0.0,0.0,0.5,0.0,0.0,score_exclusive_discount
634130,1,0,7,4,0.0,0.5714285714285714,0.2142857142857143,Middle-age,Champions,0.0,1.0,3.75,0.5,1.0,0.5,0.20366598778004072,0.3333333333333333,0.125,0.1425661914460285,0.3666666666666667,0.2142857142857143,0.38749999999999996,0.38749999999999996,score_free_meal
634601,2,0,7,0,0.0,0.0,0.5,0,0,0.0,0.0,0.0,0.0,0.0,0.0,0.0,0.0,0.0,0.0,0.0,0.5,0.0,0.0,score_exclusive_discount
634739,4,0,4,0,0.0,0.0,0.5,0,0,0.0,0.0,0.0,0.0,0.0,0.0,0.0,0.0,0.0,0.0,0.0,0.5,0.0,0.0,score_exclusive_discount
634795,5,1,3,1,0.2,0.3333333333333333,0.43333333333333335,Middle-age,At Risk,0.0,0.0,3.0,0.25,1.0,0.5,0.08561643835616438,0.0,0.1,0.05993150684931506,0.1,0.43333333333333335,0.37,0.205,score_exclusive_discount
634824,4,0,4,2,0.0,0.5,0.25,Middle-age,At Risk,0.0,0.5,1.5,0.25,1.0,1.0,0.13568521031207598,0.16666666666666666,0.05,0.09497964721845317,0.33333333333333337,0.25,0.33499999999999996,0.19,score_free_meal
635249,1,0,7,3,0.0,0.42857142857142855,0.2857142857142857,Middle-age,Medium Spenders,0.0,0.83,1.33,0.375,0.6666666666666666,1.0,0.10822510822510822,0.27666666666666667,0.044333333333333336,0.07575757575757575,0.42133333333333334,0.2857142857142857,0.2310333333333333,0.27579999999999993,score_free_checkedbag
635300,6,4,2,2,0.6666666666666666,1.0,0.3333333333333333,Middle-age,Champions,0.0,1.0,2.33,0.75,0.8333333333333334,0.8333333333333334,0.14450867052023122,0.3333333333333333,0.07766666666666668,0.10115606936416185,0.43333333333333335,0.3333333333333333,0.3043666666666667,0.5482999999999999,score_free_night_flight
635303,1,0,7,4,0.0,0.5714285714285714,0.2142857142857143,Middle-age,Champions,0.0,0.54,1.75,0.5,0.75,1.0,0.11574074074074073,0.18000000000000002,0.058333333333333334,0.0810185185185185,0.34400000000000003,0.2142857142857143,0.2658333333333333,0.3675,score_free_night_flight
635375,3,0,5,1,0.0,0.2,0.4,Youth,Medium Spenders,0.0,0.0,21.0,0.125,1.0,0.0,1.0,0.0,0.7,0.7,0.0,0.4,0.7899999999999999,0.2975,score_free_meal
635442,3,2,6,2,0.6666666666666666,0.3333333333333333,0.6666666666666666,Middle-age,Medium Spenders,0.0,0.5,3.25,0.4444444444444444,1.0,1.0,0.12738853503184713,0.16666666666666666,0.10833333333333334,0.08917197452229299,0.33333333333333337,0.6666666666666666,0.37583333333333335,0.3436111111111111,score_exclusive_discount
635576,3,0,6,4,0.0,0.6666666666666666,0.16666666666666669,Middle-age,High Spenders,0.0,0.25,1.0,0.4444444444444444,0.75,1.0,0.11135857461024498,0.08333333333333333,0.03333333333333333,0.07795100222717148,0.26666666666666666,0.16666666666666669,0.2483333333333333,0.32111111111111107,score_free_night_flight
635587,2,1,6,1,0.5,0.16666666666666666,0.6666666666666667,Middle-age,Low Spenders,0.0,0.0,3.0,0.25,1.0,1.0,0.13850415512465375,0.0,0.1,0.09695290858725762,0.2,0.6666666666666667,0.37,0.205,score_exclusive_discount
635666,4,2,4,0,0.5,0.0,0.75,0,0,0.0,0.0,0.0,0.0,0.0,0.0,0.0,0.0,0.0,0.0,0.0,0.75,0.0,0.0,score_exclusive_discount
635790,2,1,6,3,0.5,0.5,0.5,Middle-age,Medium Spenders,0.0,0.75,0.75,0.5,0.5,1.0,0.1145475372279496,0.25,0.025,0.08018327605956471,0.4,0.5,0.16749999999999998,0.3575,score_exclusive_discount
635861,1,0,7,1,0.0,0.14285714285714285,0.4285714285714286,Youth,Low Spenders,0.0,0.0,2.0,0.125,1.0,1.0,0.17421602787456444,0.0,0.06666666666666667,0.1219512195121951,0.2,0.4285714285714286,0.3466666666666667,0.1075,score_exclusive_discount
635949,2,0,6,4,0.0,0.6666666666666666,0.16666666666666669,Middle-age,High Spenders,0.0,1.0,2.5,0.5,1.0,0.75,0.12738853503184713,0.3333333333333333,0.08333333333333333,0.08917197452229299,0.4166666666666667,0.16666666666666669,0.35833333333333334,0.375,score_free_checkedbag
636078,3,2,5,1,0.6666666666666666,0.2,0.7333333333333333,Middle-age,High Spenders,0.0,0.5,1.0,0.375,1.0,1.0,0.11682242990654207,0.16666666666666666,0.03333333333333333,0.08177570093457945,0.33333333333333337,0.7333333333333333,0.3233333333333333,0.27249999999999996,score_exclusive_discount
636102,2,1,6,4,0.5,0.6666666666666666,0.4166666666666667,Middle-age,Champions,0.0,0.3,1.4,0.625,0.8,1.0,0.11695906432748537,0.09999999999999999,0.04666666666666666,0.08187134502923976,0.28,0.4166666666666667,0.27266666666666667,0.4515,score_free_night_flight
636251,2,0,6,1,0.0,0.16666666666666666,0.4166666666666667,Elderly,Medium Spenders,0.0,0.0,5.0,0.125,1.0,0.0,1.0,0.0,0.16666666666666666,0.7,0.0,0.4166666666666667,0.41666666666666663,0.13749999999999998,score_free_cancellation
636520,1,1,7,0,1.0,0.0,1.0,Middle-age,Champions,0.0,0.5,6.0,0.125,1.0,1.0,0.11848341232227487,0.16666666666666666,0.2,0.0829383886255924,0.33333333333333337,1.0,0.43999999999999995,0.1475,score_exclusive_discount
636524,2,1,7,3,0.5,0.42857142857142855,0.5357142857142857,Middle-age,Medium Spenders,0.0,1.0,2.75,0.4444444444444444,0.75,0.75,0.1183431952662722,0.3333333333333333,0.09166666666666666,0.08284023668639054,0.4166666666666667,0.5357142857142857,0.2891666666666666,0.3386111111111111,score_exclusive_discount
636526,3,1,5,0,0.3333333333333333,0.0,0.6666666666666666,Middle-age,Low Spenders,0.0,1.0,1.0,0.125,1.0,1.0,0.1440922190201729,0.3333333333333333,0.03333333333333333,0.10086455331412103,0.4666666666666667,0.6666666666666666,0.3233333333333333,0.09749999999999999,score_exclusive_discount
636739,2,0,6,1,0.0,0.16666666666666666,0.4166666666666667,Middle-age,At Risk,0.0,1.0,1.0,0.125,1.0,1.0,0.19685039370078738,0.3333333333333333,0.03333333333333333,0.13779527559055116,0.4666666666666667,0.4166666666666667,0.3233333333333333,0.09749999999999999,score_free_checkedbag
636873,3,1,5,4,0.3333333333333333,0.8,0.2666666666666666,Middle-age,Champions,0.0,0.7,4.0,0.625,1.0,1.0,0.10810810810810811,0.2333333333333333,0.13333333333333333,0.07567567567567568,0.38666666666666666,0.2666666666666666,0.3933333333333333,0.4775,score_free_night_flight
636874,1,1,7,2,1.0,0.2857142857142857,0.8571428571428572,Middle-age,Medium Spenders,0.0,0.33,3.33,0.375,1.0,1.0,0.11061946902654868,0.11,0.111,0.07743362831858407,0.28800000000000003,0.8571428571428572,0.3777,0.29579999999999995,score_exclusive_discount
636966,1,0,7,3,0.0,0.42857142857142855,0.2857142857142857,Middle-age,Champions,0.0,1.5,3.67,0.375,1.0,0.6666666666666666,0.11235955056179775,0.5,0.12233333333333334,0.07865168539325842,0.5333333333333333,0.2857142857142857,0.38563333333333333,0.29919999999999997,score_free_checkedbag
637075,1,0,7,1,0.0,0.14285714285714285,0.4285714285714286,Elderly,Low Spenders,0.0,1.0,3.0,0.125,1.0,1.0,0.1092896174863388,0.3333333333333333,0.1,0.07650273224043715,0.4666666666666667,0.4285714285714286,0.37,0.1175,score_free_checkedbag
637086,2,1,7,3,0.5,0.42857142857142855,0.5357142857142857,Middle-age,High Spenders,0.0,0.33,3.0,0.4444444444444444,1.0,0.75,0.10893246187363835,0.11,0.1,0.07625272331154684,0.23800000000000004,0.5357142857142857,0.37,0.34111111111111103,score_exclusive_discount
637421,2,0,6,3,0.0,0.5,0.25,Middle-age,Medium Spenders,0.0,0.25,2.0,0.375,1.0,0.6666666666666666,0.1984126984126984,0.08333333333333333,0.06666666666666667,0.13888888888888887,0.2,0.25,0.3466666666666667,0.2825,score_free_meal
637457,1,0,7,2,0.0,0.2857142857142857,0.35714285714285715,Middle-age,Low Spenders,0.0,0.0,2.0,0.25,1.0,1.0,0.14224751066856328,0.0,0.06666666666666667,0.0995732574679943,0.2,0.35714285714285715,0.3466666666666667,0.19499999999999998,score_exclusive_discount
637555,2,0,6,0,0.0,0.0,0.5,0,0,0.0,0.0,0.0,0.0,0.0,0.0,0.0,0.0,0.0,0.0,0.0,0.5,0.0,0.0,score_exclusive_discount
637633,2,1,6,2,0.5,0.3333333333333333,0.5833333333333334,Middle-age,Low Spenders,0.0,0.5,1.67,0.375,0.6666666666666666,0.6666666666666666,0.14814814814814814,0.16666666666666666,0.05566666666666666,0.10370370370370369,0.26666666666666666,0.5833333333333334,0.23896666666666666,0.27919999999999995,score_exclusive_discount
637687,2,1,6,3,0.5,0.5,0.5,Middle-age,High Spenders,0.0,0.5,1.75,0.5,1.0,1.0,0.12453300124533,0.16666666666666666,0.058333333333333334,0.087173100871731,0.33333333333333337,0.5,0.3408333333333333,0.3675,score_exclusive_discount
638140,3,0,5,2,0.0,0.4,0.3,Middle-age,Medium Spenders,0.0,0.75,3.0,0.25,1.0,1.0,0.12376237623762376,0.25,0.1,0.08663366336633663,0.4,0.3,0.37,0.205,score_free_checkedbag
638162,3,1,5,5,0.3333333333333333,1.0,0.16666666666666663,Middle-age,High Spenders,0.0,0.67,3.17,0.75,0.8333333333333334,0.5,0.13262599469496023,0.22333333333333336,0.10566666666666666,0.09283819628647215,0.27866666666666673,0.16666666666666663,0.3239666666666666,0.5566999999999999,score_free_night_flight
638237,0,0,9,0,0.0,0.0,0.5,0,0,0.0,0.0,0.0,0.0,0.0,0.0,0.0,0.0,0.0,0.0,0.0,0.5,0.0,0.0,score_exclusive_discount
638565,5,0,3,3,0.0,1.0,0.0,Middle-age,Low Spenders,0.0,0.33,2.67,0.375,0.6666666666666666,1.0,0.1303780964797914,0.11,0.089,0.09126466753585398,0.28800000000000003,0.0,0.2623,0.28919999999999996,score_free_night_flight
638576,5,2,3,1,0.4,0.3333333333333333,0.5333333333333333,Middle-age,High Spenders,0.0,0.67,3.0,0.375,0.6666666666666666,1.0,0.1079913606911447,0.22333333333333336,0.1,0.07559395248380128,0.3786666666666667,0.5333333333333333,0.26999999999999996,0.2925,score_exclusive_discount
638580,1,0,7,2,0.0,0.2857142857142857,0.35714285714285715,Middle-age,Medium Spenders,0.0,0.0,5.5,0.25,1.0,0.0,1.0,0.0,0.18333333333333332,0.7,0.0,0.35714285714285715,0.42833333333333334,0.22999999999999998,score_free_cancellation
638598,0,0,8,1,0.0,0.125,0.5,Youth,At Risk,0.0,1.0,3.0,0.125,1.0,1.0,0.06281407035175879,0.3333333333333333,0.1,0.04396984924623115,0.4666666666666667,0.5,0.37,0.1175,score_exclusive_discount
638600,2,0,6,0,0.0,0.0,0.5,0,0,0.0,0.0,0.0,0.0,0.0,0.0,0.0,0.0,0.0,0.0,0.0,0.5,0.0,0.0,score_exclusive_discount
638874,0,0,8,2,0.0,0.25,0.5,Middle-age,At Risk,0.0,0.5,1.0,0.25,1.0,1.0,0.1023541453428864,0.16666666666666666,0.03333333333333333,0.07164790174002048,0.33333333333333337,0.5,0.3233333333333333,0.185,score_exclusive_discount
639009,3,1,5,2,0.3333333333333333,0.4,0.4666666666666667,Middle-age,High Spenders,0.0,1.0,1.33,0.375,1.0,1.0,0.1091703056768559,0.3333333333333333,0.044333333333333336,0.07641921397379912,0.4666666666666667,0.4666666666666667,0.33103333333333335,0.27579999999999993,score_free_checkedbag
639168,4,1,4,1,0.25,0.25,0.5,Middle-age,High Spenders,0.0,0.5,6.5,0.25,1.0,1.0,0.14836795252225518,0.16666666666666666,0.21666666666666667,0.10385756676557863,0.33333333333333337,0.5,0.45166666666666666,0.24,score_exclusive_discount
639458,2,1,6,2,0.5,0.3333333333333333,0.5833333333333334,Middle-age,Medium Spenders,0.0,0.33,1.67,0.375,1.0,1.0,0.11428571428571428,0.11,0.05566666666666666,0.07999999999999999,0.28800000000000003,0.5833333333333334,0.33896666666666664,0.27919999999999995,score_exclusive_discount
639510,3,2,6,0,0.6666666666666666,0.0,0.8333333333333333,Middle-age,Low Spenders,0.0,0.0,2.5,0.2222222222222222,1.0,1.0,0.10976948408342481,0.0,0.08333333333333333,0.07683863885839737,0.2,0.8333333333333333,0.35833333333333334,0.18055555555555552,score_exclusive_discount
639554,1,0,7,2,0.0,0.2857142857142857,0.35714285714285715,Youth,Medium Spenders,0.0,0.5,2.5,0.25,1.0,1.0,0.1360544217687075,0.16666666666666666,0.08333333333333333,0.09523809523809525,0.33333333333333337,0.35714285714285715,0.35833333333333334,0.19999999999999998,score_free_meal
639571,3,1,5,2,0.3333333333333333,0.4,0.4666666666666667,Middle-age,High Spenders,0.0,0.25,3.0,0.375,1.0,0.6666666666666666,0.11248593925759279,0.08333333333333333,0.1,0.07874015748031495,0.2,0.4666666666666667,0.37,0.2925,score_exclusive_discount
639894,1,0,7,2,0.0,0.2857142857142857,0.35714285714285715,Middle-age,Champions,0.0,0.0,9.5,0.25,1.0,0.5,0.1044932079414838,0.0,0.31666666666666665,0.07314524555903866,0.1,0.35714285714285715,0.5216666666666666,0.26999999999999996,score_free_meal
640451,0,0,8,0,0.0,0.0,0.5,0,0,0.0,0.0,0.0,0.0,0.0,0.0,0.0,0.0,0.0,0.0,0.0,0.5,0.0,0.0,score_exclusive_discount
640580,1,1,7,2,1.0,0.2857142857142857,0.8571428571428572,Middle-age,High Spenders,0.0,0.33,3.67,0.375,1.0,1.0,0.12804097311139565,0.11,0.12233333333333334,0.08962868117797694,0.28800000000000003,0.8571428571428572,0.38563333333333333,0.29919999999999997,score_exclusive_discount
640649,1,0,7,2,0.0,0.2857142857142857,0.35714285714285715,Elderly,High Spenders,0.0,1.0,8.0,0.25,1.0,1.0,0.10638297872340426,0.3333333333333333,0.26666666666666666,0.07446808510638298,0.4666666666666667,0.35714285714285715,0.48666666666666664,0.255,score_free_meal
640689,5,3,5,2,0.6,0.4,0.6,Middle-age,Medium Spenders,0.2,0.67,2.0,0.5,1.0,1.0,0.14245014245014245,0.22333333333333336,0.06666666666666667,0.09971509971509972,0.3786666666666667,0.6,0.3466666666666667,0.37,score_exclusive_discount
640715,4,3,4,1,0.75,0.25,0.75,Middle-age,Champions,0.0,0.5,3.75,0.5,0.75,1.0,0.12610340479192939,0.16666666666666666,0.125,0.08827238335435056,0.33333333333333337,0.75,0.3125,0.38749999999999996,score_exclusive_discount
640849,4,2,4,2,0.5,0.5,0.5,Middle-age,Medium Spenders,0.0,0.5,2.0,0.5,0.5,1.0,0.0999000999000999,0.16666666666666666,0.06666666666666667,0.06993006993006992,0.33333333333333337,0.5,0.19666666666666666,0.37,score_exclusive_discount
640867,1,1,8,3,1.0,0.375,0.8125,Middle-age,Medium Spenders,0.25,0.5,2.0,0.4444444444444444,1.0,1.0,0.10405827263267431,0.16666666666666666,0.06666666666666667,0.07284079084287201,0.33333333333333337,0.8125,0.3466666666666667,0.3311111111111111,score_exclusive_discount
640968,3,1,5,1,0.3333333333333333,0.2,0.5666666666666667,Middle-age,Low Spenders,0.0,1.0,1.5,0.25,0.5,1.0,0.15552099533437014,0.3333333333333333,0.05,0.10886469673405909,0.4666666666666667,0.5666666666666667,0.185,0.19,score_exclusive_discount
641012,1,0,7,3,0.0,0.42857142857142855,0.2857142857142857,Youth,Medium Spenders,0.0,0.5,2.67,0.375,1.0,0.6666666666666666,0.14184397163120568,0.16666666666666666,0.089,0.09929078014184398,0.26666666666666666,0.2857142857142857,0.36229999999999996,0.28919999999999996,score_free_meal
641102,1,0,7,3,0.0,0.42857142857142855,0.2857142857142857,Middle-age,Champions,0.0,0.5,4.0,0.375,0.6666666666666666,0.6666666666666666,0.09832841691248771,0.16666666666666666,0.13333333333333333,0.0688298918387414,0.26666666666666666,0.2857142857142857,0.29333333333333333,0.30249999999999994,score_free_night_flight
641106,3,1,5,2,0.3333333333333333,0.4,0.4666666666666667,Middle-age,High Spenders,0.0,1.17,1.0,0.375,0.6666666666666666,1.0,0.1019367991845056,0.38999999999999996,0.03333333333333333,0.07135575942915391,0.512,0.4666666666666667,0.22333333333333333,0.27249999999999996,score_free_checkedbag
641310,2,0,6,1,0.0,0.16666666666666666,0.4166666666666667,Middle-age,Low Spenders,0.0,1.0,6.0,0.125,1.0,1.0,0.2092050209205021,0.3333333333333333,0.2,0.14644351464435146,0.4666666666666667,0.4166666666666667,0.43999999999999995,0.1475,score_free_checkedbag
641364,3,2,5,3,0.6666666666666666,0.6,0.5333333333333333,Middle-age,Medium Spenders,0.0,0.8,1.4,0.625,0.8,1.0,0.1231527093596059,0.26666666666666666,0.04666666666666666,0.08620689655172413,0.41333333333333333,0.5333333333333333,0.27266666666666667,0.4515,score_exclusive_discount
641529,1,0,7,2,0.0,0.2857142857142857,0.35714285714285715,Elderly,Medium Spenders,0.0,0.0,7.0,0.25,1.0,0.0,1.0,0.0,0.23333333333333334,0.7,0.0,0.35714285714285715,0.4633333333333333,0.245,score_free_cancellation
641537,2,1,6,1,0.5,0.16666666666666666,0.6666666666666667,Middle-age,Low Spenders,0.0,0.0,2.5,0.25,1.0,0.5,0.10683760683760685,0.0,0.08333333333333333,0.07478632478632478,0.1,0.6666666666666667,0.35833333333333334,0.19999999999999998,score_exclusive_discount
642215,5,0,3,0,0.0,0.0,0.5,0,0,0.0,0.0,0.0,0.0,0.0,0.0,0.0,0.0,0.0,0.0,0.0,0.5,0.0,0.0,score_exclusive_discount
642344,3,2,5,2,0.6666666666666666,0.4,0.6333333333333333,Middle-age,High Spenders,0.0,0.0,3.75,0.5,1.0,1.0,0.09182736455463728,0.0,0.125,0.06427915518824609,0.2,0.6333333333333333,0.38749999999999996,0.38749999999999996,score_exclusive_discount
642364,0,0,8,1,0.0,0.125,0.5,Middle-age,At Risk,0.0,0.0,0.0,0.125,0.0,1.0,0.08576329331046312,0.0,0.0,0.06003430531732418,0.2,0.5,0.0,0.0875,score_exclusive_discount
642553,3,1,5,2,0.3333333333333333,0.4,0.4666666666666667,Youth,Low Spenders,0.33,1.0,1.0,0.375,1.0,1.0,0.10395010395010396,0.3333333333333333,0.03333333333333333,0.07276507276507277,0.4666666666666667,0.4666666666666667,0.3233333333333333,0.27249999999999996,score_free_checkedbag
642578,4,1,4,2,0.25,0.5,0.375,Elderly,Low Spenders,0.0,1.0,2.0,0.375,0.6666666666666666,0.6666666666666666,0.0929368029739777,0.3333333333333333,0.06666666666666667,0.06505576208178439,0.4,0.375,0.24666666666666665,0.2825,score_free_checkedbag
642679,1,0,7,5,0.0,0.7142857142857143,0.14285714285714285,Middle-age,Champions,0.0,0.0,2.8,0.625,1.0,1.0,0.11325028312570781,0.0,0.09333333333333332,0.07927519818799546,0.2,0.14285714285714285,0.3653333333333333,0.4655,score_free_night_flight
642786,2,1,6,2,0.5,0.3333333333333333,0.5833333333333334,Middle-age,High Spenders,0.0,1.0,7.33,0.375,1.0,0.6666666666666666,0.1122334455667789,0.3333333333333333,0.24433333333333335,0.07856341189674523,0.4,0.5833333333333334,0.4710333333333333,0.3358,score_exclusive_discount
642820,2,0,6,2,0.0,0.3333333333333333,0.33333333333333337,Middle-age,Medium Spenders,0.0,0.0,3.0,0.25,1.0,1.0,0.13908205841446453,0.0,0.1,0.09735744089012516,0.2,0.33333333333333337,0.37,0.205,score_free_meal
643324,1,0,7,0,0.0,0.0,0.5,0,0,0.0,0.0,0.0,0.0,0.0,0.0,0.0,0.0,0.0,0.0,0.0,0.5,0.0,0.0,score_exclusive_discount
643344,1,1,8,1,1.0,0.125,0.9375,Middle-age,Low Spenders,0.0,0.0,1.0,0.2222222222222222,0.5,0.5,0.1020408163265306,0.0,0.03333333333333333,0.07142857142857141,0.1,0.9375,0.17333333333333334,0.16555555555555554,score_exclusive_discount
643359,4,1,4,0,0.25,0.0,0.625,Youth,At Risk,0.0,0.0,2.0,0.125,1.0,1.0,0.11876484560570072,0.0,0.06666666666666667,0.0831353919239905,0.2,0.625,0.3466666666666667,0.1075,score_exclusive_discount
643469,2,1,6,2,0.5,0.3333333333333333,0.5833333333333334,Middle-age,High Spenders,0.0,0.0,11.0,0.375,1.0,0.3333333333333333,0.07905138339920949,0.0,0.36666666666666664,0.05533596837944664,0.06666666666666667,0.5833333333333334,0.5566666666666666,0.37249999999999994,score_exclusive_discount
643645,5,2,3,2,0.4,0.6666666666666666,0.3666666666666667,Middle-age,High Spenders,0.0,0.67,1.5,0.5,0.75,0.75,0.12224938875305624,0.22333333333333336,0.05,0.08557457212713937,0.3286666666666667,0.3666666666666667,0.25999999999999995,0.365,score_exclusive_discount
643714,3,1,5,2,0.3333333333333333,0.4,0.4666666666666667,Middle-age,At Risk,0.33,1.0,1.0,0.375,0.6666666666666666,1.0,0.12578616352201258,0.3333333333333333,0.03333333333333333,0.0880503144654088,0.4666666666666667,0.4666666666666667,0.22333333333333333,0.27249999999999996,score_free_checkedbag
643929,2,0,6,2,0.0,0.3333333333333333,0.33333333333333337,Middle-age,Champions,0.0,0.5,3.5,0.25,1.0,0.5,0.13175230566534915,0.16666666666666666,0.11666666666666667,0.0922266139657444,0.23333333333333334,0.33333333333333337,0.38166666666666665,0.21,score_free_meal
644438,1,0,7,0,0.0,0.0,0.5,0,0,0.0,0.0,0.0,0.0,0.0,0.0,0.0,0.0,0.0,0.0,0.0,0.5,0.0,0.0,score_exclusive_discount
644467,3,1,5,2,0.3333333333333333,0.4,0.4666666666666667,Middle-age,Champions,0.0,0.58,2.0,0.375,1.0,1.0,0.09191176470588235,0.19333333333333333,0.06666666666666667,0.06433823529411764,0.3546666666666667,0.4666666666666667,0.3466666666666667,0.2825,score_exclusive_discount
644639,2,0,6,0,0.0,0.0,0.5,0,0,0.0,0.0,0.0,0.0,0.0,0.0,0.0,0.0,0.0,0.0,0.0,0.5,0.0,0.0,score_exclusive_discount
644784,1,0,7,1,0.0,0.14285714285714285,0.4285714285714286,Middle-age,At Risk,0.0,1.0,8.0,0.125,1.0,1.0,0.12738853503184713,0.3333333333333333,0.26666666666666666,0.08917197452229299,0.4666666666666667,0.4285714285714286,0.48666666666666664,0.16749999999999998,score_free_meal
644870,2,2,7,3,1.0,0.42857142857142855,0.7857142857142857,Middle-age,High Spenders,0.0,1.33,3.4,0.5555555555555556,0.8,0.6,0.1079913606911447,0.44333333333333336,0.11333333333333333,0.07559395248380128,0.4746666666666667,0.7857142857142857,0.3193333333333333,0.42288888888888887,score_exclusive_discount
645022,1,0,7,1,0.0,0.14285714285714285,0.4285714285714286,Youth,At Risk,0.0,0.0,5.0,0.125,1.0,0.0,1.0,0.0,0.16666666666666666,0.7,0.0,0.4285714285714286,0.41666666666666663,0.13749999999999998,score_free_cancellation
645047,2,2,6,3,1.0,0.5,0.75,Middle-age,Medium Spenders,0.2,0.0,3.0,0.625,1.0,1.0,0.18050541516245489,0.0,0.1,0.1263537906137184,0.2,0.75,0.37,0.4675,score_exclusive_discount
645168,2,2,6,1,1.0,0.16666666666666666,0.9166666666666667,Middle-age,Champions,0.0,0.17,1.33,0.375,0.6666666666666666,1.0,0.009114939385653087,0.05666666666666667,0.044333333333333336,0.00638045756995716,0.24533333333333335,0.9166666666666667,0.2310333333333333,0.27579999999999993,score_exclusive_discount
645415,2,0,6,2,0.0,0.3333333333333333,0.33333333333333337,Middle-age,High Spenders,0.0,1.0,6.0,0.25,1.0,0.5,0.16722408026755853,0.3333333333333333,0.2,0.11705685618729096,0.3666666666666667,0.33333333333333337,0.43999999999999995,0.235,score_free_meal
645488,2,0,6,0,0.0,0.0,0.5,0,0,0.0,0.0,0.0,0.0,0.0,0.0,0.0,0.0,0.0,0.0,0.0,0.5,0.0,0.0,score_exclusive_discount
645664,1,0,7,1,0.0,0.14285714285714285,0.4285714285714286,Youth,Champions,0.0,0.0,11.0,0.125,1.0,0.0,1.0,0.0,0.36666666666666664,0.7,0.0,0.4285714285714286,0.5566666666666666,0.19749999999999998,score_free_cancellation
645685,2,1,6,3,0.5,0.5,0.5,Middle-age,Medium Spenders,0.0,0.75,1.75,0.5,1.0,1.0,0.1303780964797914,0.25,0.058333333333333334,0.09126466753585398,0.4,0.5,0.3408333333333333,0.3675,score_exclusive_discount
645933,1,0,8,2,0.0,0.25,0.375,Middle-age,Medium Spenders,0.0,0.0,4.0,0.2222222222222222,1.0,1.0,0.0927643784786642,0.0,0.13333333333333333,0.06493506493506494,0.2,0.375,0.3933333333333333,0.19555555555555554,score_free_meal
645939,2,1,6,1,0.5,0.16666666666666666,0.6666666666666667,0,0,0.0,0.0,0.0,0.0,0.0,0.0,0.0,0.0,0.0,0.0,0.0,0.6666666666666667,0.0,0.0,score_exclusive_discount
646127,1,0,7,0,0.0,0.0,0.5,0,0,0.0,0.0,0.0,0.0,0.0,0.0,0.0,0.0,0.0,0.0,0.0,0.5,0.0,0.0,score_exclusive_discount
646197,1,0,7,0,0.0,0.0,0.5,0,0,0.0,0.0,0.0,0.0,0.0,0.0,0.0,0.0,0.0,0.0,0.0,0.5,0.0,0.0,score_exclusive_discount
646257,2,0,6,1,0.0,0.16666666666666666,0.4166666666666667,Middle-age,At Risk,0.0,1.0,3.0,0.125,1.0,1.0,0.09425070688030161,0.3333333333333333,0.1,0.06597549481621112,0.4666666666666667,0.4166666666666667,0.37,0.1175,score_free_checkedbag
646259,1,0,7,2,0.0,0.2857142857142857,0.35714285714285715,Youth,Medium Spenders,0.0,0.0,4.5,0.25,1.0,0.0,1.0,0.0,0.15,0.7,0.0,0.35714285714285715,0.40499999999999997,0.21999999999999997,score_free_cancellation
646405,1,1,7,1,1.0,0.14285714285714285,0.9285714285714286,Middle-age,Low Spenders,0.0,0.0,5.0,0.25,1.0,0.5,0.09633911368015413,0.0,0.16666666666666666,0.06743737957610789,0.1,0.9285714285714286,0.41666666666666663,0.22499999999999998,score_exclusive_discount
646424,2,2,6,2,1.0,0.3333333333333333,0.8333333333333334,Middle-age,Champions,0.25,0.0,7.0,0.5,1.0,0.75,0.1107419712070875,0.0,0.23333333333333334,0.07751937984496124,0.15000000000000002,0.8333333333333334,0.4633333333333333,0.42,score_exclusive_discount
646455,2,1,6,3,0.5,0.5,0.5,Middle-age,Champions,0.0,0.88,3.25,0.5,0.75,1.0,0.09871668311944717,0.29333333333333333,0.10833333333333334,0.06910167818361301,0.4346666666666667,0.5,0.3008333333333333,0.38249999999999995,score_exclusive_discount
646933,1,0,7,2,0.0,0.2857142857142857,0.35714285714285715,Middle-age,Champions,0.0,0.62,3.5,0.25,1.0,1.0,0.12135922330097088,0.20666666666666667,0.11666666666666667,0.0849514563106796,0.36533333333333334,0.35714285714285715,0.38166666666666665,0.21,score_free_meal
646937,2,0,7,3,0.0,0.42857142857142855,0.2857142857142857,Middle-age,Champions,0.0,0.5,2.0,0.3333333333333333,1.0,1.0,0.14450867052023122,0.16666666666666666,0.06666666666666667,0.10115606936416185,0.33333333333333337,0.2857142857142857,0.3466666666666667,0.2533333333333333,score_free_meal
647016,2,1,6,0,0.5,0.0,0.75,Middle-age,Medium Spenders,0.0,0.0,9.0,0.125,1.0,0.0,1.0,0.0,0.3,0.7,0.0,0.75,0.51,0.1775,score_exclusive_discount
647555,0,0,8,1,0.0,0.125,0.5,Middle-age,At Risk,0.0,1.0,2.0,0.125,1.0,1.0,0.09578544061302682,0.3333333333333333,0.06666666666666667,0.06704980842911877,0.4666666666666667,0.5,0.3466666666666667,0.1075,score_exclusive_discount
647597,2,1,6,0,0.5,0.0,0.75,Middle-age,Medium Spenders,0.0,0.5,0.0,0.125,0.0,1.0,0.1336898395721925,0.16666666666666666,0.0,0.09358288770053474,0.33333333333333337,0.75,0.0,0.0875,score_exclusive_discount
647638,1,0,7,1,0.0,0.14285714285714285,0.4285714285714286,Youth,At Risk,0.0,0.0,3.0,0.125,1.0,0.0,1.0,0.0,0.1,0.7,0.0,0.4285714285714286,0.37,0.1175,score_free_cancellation
647662,3,1,5,3,0.3333333333333333,0.6,0.3666666666666667,Middle-age,Low Spenders,0.25,1.0,2.0,0.5,0.75,1.0,0.10593220338983052,0.3333333333333333,0.06666666666666667,0.07415254237288135,0.4666666666666667,0.3666666666666667,0.2716666666666666,0.37,score_free_checkedbag
647674,3,1,5,3,0.3333333333333333,0.6,0.3666666666666667,Middle-age,Medium Spenders,0.0,0.67,1.75,0.5,1.0,0.75,0.10989010989010989,0.22333333333333336,0.058333333333333334,0.07692307692307691,0.3286666666666667,0.3666666666666667,0.3408333333333333,0.3675,score_free_night_flight
647804,3,1,5,1,0.3333333333333333,0.2,0.5666666666666667,Middle-age,Champions,0.0,0.67,2.5,0.25,1.0,1.0,0.13089005235602094,0.22333333333333336,0.08333333333333333,0.09162303664921466,0.3786666666666667,0.5666666666666667,0.35833333333333334,0.19999999999999998,score_exclusive_discount
647862,4,0,5,1,0.0,0.2,0.4,Youth,Low Spenders,0.0,0.0,4.0,0.1111111111111111,1.0,0.0,1.0,0.0,0.13333333333333333,0.7,0.0,0.4,0.3933333333333333,0.11777777777777776,score_free_cancellation
648201,2,0,6,0,0.0,0.0,0.5,0,0,0.0,0.0,0.0,0.0,0.0,0.0,0.0,0.0,0.0,0.0,0.0,0.5,0.0,0.0,score_exclusive_discount
648379,3,0,5,1,0.0,0.2,0.4,Middle-age,Low Spenders,0.0,0.0,4.0,0.125,1.0,1.0,0.1278772378516624,0.0,0.13333333333333333,0.08951406649616368,0.2,0.4,0.3933333333333333,0.1275,score_exclusive_discount
648852,3,1,5,1,0.3333333333333333,0.2,0.5666666666666667,Middle-age,Low Spenders,0.0,1.0,2.0,0.25,1.0,1.0,0.16129032258064516,0.3333333333333333,0.06666666666666667,0.1129032258064516,0.4666666666666667,0.5666666666666667,0.3466666666666667,0.19499999999999998,score_exclusive_discount
648983,2,1,7,3,0.5,0.42857142857142855,0.5357142857142857,Middle-age,Medium Spenders,0.0,0.25,2.5,0.4444444444444444,1.0,1.0,0.1360544217687075,0.08333333333333333,0.08333333333333333,0.09523809523809525,0.26666666666666666,0.5357142857142857,0.35833333333333334,0.3361111111111111,score_exclusive_discount
648990,3,1,6,2,0.3333333333333333,0.3333333333333333,0.5,Middle-age,High Spenders,0.0,0.67,5.33,0.3333333333333333,1.0,1.0,0.10834236186348863,0.22333333333333336,0.17766666666666667,0.07583965330444203,0.3786666666666667,0.5,0.42436666666666667,0.2866333333333333,score_exclusive_discount
649080,3,1,5,1,0.3333333333333333,0.2,0.5666666666666667,Middle-age,Low Spenders,0.0,1.0,3.0,0.25,1.0,0.5,0.12658227848101264,0.3333333333333333,0.1,0.08860759493670885,0.3666666666666667,0.5666666666666667,0.37,0.205,score_exclusive_discount
649081,2,1,6,3,0.5,0.5,0.5,Middle-age,Low Spenders,0.0,0.5,1.75,0.5,0.75,1.0,0.151285930408472,0.16666666666666666,0.058333333333333334,0.10590015128593039,0.33333333333333337,0.5,0.2658333333333333,0.3675,score_exclusive_discount
649208,0,0,8,1,0.0,0.125,0.5,Middle-age,Low Spenders,0.0,0.0,6.0,0.125,1.0,1.0,0.08051529790660225,0.0,0.2,0.05636070853462157,0.2,0.5,0.43999999999999995,0.1475,score_exclusive_discount
649378,1,1,7,4,1.0,0.5714285714285714,0.7142857142857143,Middle-age,Champions,0.0,0.7,1.8,0.625,1.0,1.0,0.10718113612004287,0.2333333333333333,0.060000000000000005,0.07502679528403,0.38666666666666666,0.7142857142857143,0.34199999999999997,0.4555,score_exclusive_discount
649935,4,0,4,0,0.0,0.0,0.5,0,0,0.0,0.0,0.0,0.0,0.0,0.0,0.0,0.0,0.0,0.0,0.0,0.5,0.0,0.0,score_exclusive_discount
650049,0,0,8,1,0.0,0.125,0.5,Youth,High Spenders,0.0,0.67,8.0,0.125,1.0,1.0,0.0035467281432878172,0.22333333333333336,0.26666666666666666,0.002482709700301472,0.3786666666666667,0.5,0.48666666666666664,0.16749999999999998,score_exclusive_discount
650055,3,0,5,2,0.0,0.4,0.3,Middle-age,Low Spenders,0.0,0.5,1.0,0.25,1.0,1.0,0.12804097311139565,0.16666666666666666,0.03333333333333333,0.08962868117797694,0.33333333333333337,0.3,0.3233333333333333,0.185,score_free_checkedbag
650079,1,0,7,2,0.0,0.2857142857142857,0.35714285714285715,Middle-age,Medium Spenders,0.0,1.0,3.5,0.25,0.5,1.0,0.1277139208173691,0.3333333333333333,0.11666666666666667,0.08939974457215837,0.4666666666666667,0.35714285714285715,0.23166666666666666,0.21,score_free_checkedbag
650606,3,0,5,0,0.0,0.0,0.5,0,0,0.0,0.0,0.0,0.0,0.0,0.0,0.0,0.0,0.0,0.0,0.0,0.5,0.0,0.0,score_exclusive_discount
650901,2,2,6,2,1.0,0.3333333333333333,0.8333333333333334,Middle-age,High Spenders,0.0,0.5,4.25,0.5,1.0,0.5,0.12690355329949238,0.16666666666666666,0.14166666666666666,0.08883248730964466,0.23333333333333334,0.8333333333333334,0.39916666666666667,0.39249999999999996,score_exclusive_discount
651018,2,1,6,0,0.5,0.0,0.75,Middle-age,At Risk,0.0,1.0,0.0,0.125,0.0,1.0,0.14104372355430184,0.3333333333333333,0.0,0.09873060648801128,0.4666666666666667,0.75,0.0,0.0875,score_exclusive_discount
651030,3,1,5,2,0.3333333333333333,0.4,0.4666666666666667,Middle-age,Low Spenders,0.0,0.0,2.67,0.375,1.0,0.6666666666666666,0.09090909090909091,0.0,0.089,0.06363636363636363,0.13333333333333333,0.4666666666666667,0.36229999999999996,0.28919999999999996,score_exclusive_discount
651193,1,1,7,2,1.0,0.2857142857142857,0.8571428571428572,Middle-age,Champions,0.0,0.28,2.33,0.375,0.6666666666666666,1.0,0.010854227721697602,0.09333333333333334,0.07766666666666668,0.007597959405188321,0.27466666666666667,0.8571428571428572,0.25436666666666663,0.28579999999999994,score_exclusive_discount
651201,3,1,5,3,0.3333333333333333,0.6,0.3666666666666667,Middle-age,Medium Spenders,0.0,0.0,1.75,0.5,1.0,1.0,0.10787486515641856,0.0,0.058333333333333334,0.07551240560949299,0.2,0.3666666666666667,0.3408333333333333,0.3675,score_free_night_flight
651269,1,1,8,3,1.0,0.375,0.8125,Middle-age,Champions,0.0,0.5,2.25,0.4444444444444444,1.0,1.0,0.10460251046025104,0.16666666666666666,0.075,0.07322175732217573,0.33333333333333337,0.8125,0.3525,0.3336111111111111,score_exclusive_discount
651274,1,0,7,0,0.0,0.0,0.5,0,0,0.0,0.0,0.0,0.0,0.0,0.0,0.0,0.0,0.0,0.0,0.0,0.5,0.0,0.0,score_exclusive_discount
651390,1,0,7,1,0.0,0.14285714285714285,0.4285714285714286,Middle-age,Low Spenders,0.0,1.0,1.0,0.125,1.0,1.0,0.13020833333333334,0.3333333333333333,0.03333333333333333,0.09114583333333333,0.4666666666666667,0.4285714285714286,0.3233333333333333,0.09749999999999999,score_free_checkedbag
651491,3,3,5,3,1.0,0.6,0.7,Middle-age,Medium Spenders,0.17,0.5,5.75,0.75,1.0,0.6666666666666666,0.10395010395010396,0.16666666666666666,0.19166666666666668,0.07276507276507277,0.26666666666666666,0.7,0.43416666666666665,0.5824999999999999,score_exclusive_discount
651613,1,1,9,3,1.0,0.3333333333333333,0.8333333333333334,Middle-age,Champions,0.0,0.62,2.5,0.4,1.0,1.0,0.12269938650306748,0.20666666666666667,0.08333333333333333,0.08588957055214723,0.36533333333333334,0.8333333333333334,0.35833333333333334,0.305,score_exclusive_discount
651675,2,2,6,1,1.0,0.16666666666666666,0.9166666666666667,Middle-age,Medium Spenders,0.0,1.33,2.0,0.375,1.0,1.0,0.14771048744460857,0.44333333333333336,0.06666666666666667,0.103397341211226,0.5546666666666666,0.9166666666666667,0.3466666666666667,0.2825,score_exclusive_discount
651744,4,3,4,1,0.75,0.25,0.75,Middle-age,Low Spenders,0.25,0.0,2.5,0.5,1.0,1.0,0.10493179433368312,0.0,0.08333333333333333,0.07345225603357818,0.2,0.75,0.35833333333333334,0.375,score_exclusive_discount
651805,1,0,7,2,0.0,0.2857142857142857,0.35714285714285715,Middle-age,Medium Spenders,0.0,0.5,2.0,0.25,1.0,1.0,0.12391573729863692,0.16666666666666666,0.06666666666666667,0.08674101610904583,0.33333333333333337,0.35714285714285715,0.3466666666666667,0.19499999999999998,score_exclusive_discount
651818,1,0,7,2,0.0,0.2857142857142857,0.35714285714285715,Middle-age,Low Spenders,0.0,1.0,1.5,0.25,0.5,1.0,0.07639419404125286,0.3333333333333333,0.05,0.053475935828877,0.4666666666666667,0.35714285714285715,0.185,0.19,score_free_checkedbag
651828,2,0,7,2,0.0,0.2857142857142857,0.35714285714285715,Middle-age,Champions,0.0,0.0,4.5,0.2222222222222222,1.0,0.5,0.11402508551881414,0.0,0.15,0.07981755986316989,0.1,0.35714285714285715,0.40499999999999997,0.20055555555555554,score_free_meal
651941,3,0,5,1,0.0,0.2,0.4,Middle-age,At Risk,0.0,0.0,1.0,0.125,1.0,0.0,1.0,0.0,0.03333333333333333,0.7,0.0,0.4,0.3233333333333333,0.09749999999999999,score_free_cancellation
651960,3,0,5,0,0.0,0.0,0.5,0,0,0.0,0.0,0.0,0.0,0.0,0.0,0.0,0.0,0.0,0.0,0.0,0.5,0.0,0.0,score_exclusive_discount
652003,2,0,6,0,0.0,0.0,0.5,0,0,0.0,0.0,0.0,0.0,0.0,0.0,0.0,0.0,0.0,0.0,0.0,0.5,0.0,0.0,score_exclusive_discount
652040,6,3,2,0,0.5,0.0,0.75,Middle-age,High Spenders,0.0,0.83,2.33,0.375,1.0,1.0,0.14513788098693758,0.27666666666666667,0.07766666666666668,0.1015965166908563,0.42133333333333334,0.75,0.35436666666666666,0.28579999999999994,score_exclusive_discount
652190,0,0,8,0,0.0,0.0,0.5,0,0,0.0,0.0,0.0,0.0,0.0,0.0,0.0,0.0,0.0,0.0,0.0,0.5,0.0,0.0,score_exclusive_discount
652359,2,0,7,3,0.0,0.42857142857142855,0.2857142857142857,Middle-age,Champions,0.0,0.0,4.0,0.3333333333333333,1.0,1.0,0.07733952049497293,0.0,0.13333333333333333,0.05413766434648105,0.2,0.2857142857142857,0.3933333333333333,0.2733333333333333,score_free_meal
652416,2,0,6,2,0.0,0.3333333333333333,0.33333333333333337,Middle-age,High Spenders,0.0,0.5,1.5,0.25,1.0,1.0,0.09832841691248771,0.16666666666666666,0.05,0.0688298918387414,0.33333333333333337,0.33333333333333337,0.33499999999999996,0.19,score_free_meal
652527,2,0,6,1,0.0,0.16666666666666666,0.4166666666666667,Middle-age,At Risk,0.0,1.0,1.0,0.125,1.0,1.0,0.17953321364452424,0.3333333333333333,0.03333333333333333,0.12567324955116696,0.4666666666666667,0.4166666666666667,0.3233333333333333,0.09749999999999999,score_free_checkedbag
652737,2,0,6,1,0.0,0.16666666666666666,0.4166666666666667,Middle-age,High Spenders,0.0,0.5,5.0,0.125,1.0,1.0,0.11389521640091115,0.16666666666666666,0.16666666666666666,0.0797266514806378,0.33333333333333337,0.4166666666666667,0.41666666666666663,0.13749999999999998,score_exclusive_discount
653197,2,0,6,0,0.0,0.0,0.5,0,0,0.0,0.0,0.0,0.0,0.0,0.0,0.0,0.0,0.0,0.0,0.0,0.5,0.0,0.0,score_exclusive_discount
653228,5,0,3,0,0.0,0.0,0.5,0,0,0.0,0.0,0.0,0.0,0.0,0.0,0.0,0.0,0.0,0.0,0.0,0.5,0.0,0.0,score_exclusive_discount
653281,2,2,6,2,1.0,0.3333333333333333,0.8333333333333334,Middle-age,Champions,0.0,0.12,7.75,0.5,1.0,1.0,0.16339869281045752,0.04,0.25833333333333336,0.11437908496732026,0.232,0.8333333333333334,0.48083333333333333,0.4275,score_exclusive_discount
653332,4,0,5,1,0.0,0.2,0.4,Middle-age,Low Spenders,0.0,0.0,3.0,0.1111111111111111,1.0,1.0,0.12755102040816327,0.0,0.1,0.08928571428571429,0.2,0.4,0.37,0.10777777777777776,score_exclusive_discount
653640,4,2,4,0,0.5,0.0,0.75,Middle-age,Champions,0.0,0.75,6.0,0.25,1.0,1.0,0.008394191219675984,0.25,0.2,0.005875933853773189,0.4,0.75,0.43999999999999995,0.235,score_exclusive_discount
653724,2,1,6,3,0.5,0.5,0.5,Middle-age,High Spenders,0.0,0.62,1.75,0.5,1.0,1.0,0.1149425287356322,0.20666666666666667,0.058333333333333334,0.08045977011494253,0.36533333333333334,0.5,0.3408333333333333,0.3675,score_exclusive_discount
653838,3,1,5,3,0.3333333333333333,0.6,0.3666666666666667,Elderly,At Risk,0.25,0.0,1.5,0.5,0.5,1.0,0.12820512820512822,0.0,0.05,0.08974358974358974,0.2,0.3666666666666667,0.185,0.365,score_exclusive_discount
653852,2,0,6,1,0.0,0.16666666666666666,0.4166666666666667,Middle-age,At Risk,0.0,1.0,1.0,0.125,1.0,1.0,0.13003901170351104,0.3333333333333333,0.03333333333333333,0.09102730819245772,0.4666666666666667,0.4166666666666667,0.3233333333333333,0.09749999999999999,score_free_checkedbag
654233,2,1,6,3,0.5,0.5,0.5,Middle-age,Medium Spenders,0.0,0.5,3.0,0.5,1.0,1.0,0.1314060446780552,0.16666666666666666,0.1,0.09198423127463863,0.33333333333333337,0.5,0.37,0.38,score_exclusive_discount
654259,2,0,6,5,0.0,0.8333333333333334,0.08333333333333331,Middle-age,Champions,0.0,0.8,3.4,0.625,1.0,1.0,0.12626262626262627,0.26666666666666666,0.11333333333333333,0.08838383838383838,0.41333333333333333,0.08333333333333331,0.3793333333333333,0.4715,score_free_night_flight
654395,2,0,7,2,0.0,0.2857142857142857,0.35714285714285715,Middle-age,Low Spenders,0.0,0.5,1.0,0.2222222222222222,1.0,1.0,0.1364256480218281,0.16666666666666666,0.03333333333333333,0.09549795361527967,0.33333333333333337,0.35714285714285715,0.3233333333333333,0.16555555555555554,score_exclusive_discount
654687,2,1,7,2,0.5,0.2857142857142857,0.6071428571428572,Middle-age,Low Spenders,0.0,1.0,3.33,0.3333333333333333,0.6666666666666666,0.3333333333333333,0.1529051987767584,0.3333333333333333,0.111,0.10703363914373087,0.3333333333333333,0.6071428571428572,0.27769999999999995,0.2666333333333333,score_exclusive_discount
654913,3,0,5,2,0.0,0.4,0.3,Middle-age,Champions,0.0,1.0,10.0,0.25,1.0,0.5,0.09250693802035152,0.3333333333333333,0.3333333333333333,0.06475485661424606,0.3666666666666667,0.3,0.5333333333333333,0.27499999999999997,score_free_meal
655022,3,0,5,0,0.0,0.0,0.5,0,0,0.0,0.0,0.0,0.0,0.0,0.0,0.0,0.0,0.0,0.0,0.0,0.5,0.0,0.0,score_exclusive_discount
655051,5,1,3,0,0.2,0.0,0.6,Middle-age,Low Spenders,0.0,0.0,1.0,0.125,1.0,1.0,0.07479431563201197,0.0,0.03333333333333333,0.05235602094240838,0.2,0.6,0.3233333333333333,0.09749999999999999,score_exclusive_discount
655166,3,1,5,1,0.3333333333333333,0.2,0.5666666666666667,0,0,0.0,0.0,0.0,0.0,0.0,0.0,0.0,0.0,0.0,0.0,0.0,0.5666666666666667,0.0,0.0,score_exclusive_discount
655300,3,2,5,0,0.6666666666666666,0.0,0.8333333333333333,Middle-age,Low Spenders,0.0,1.0,2.5,0.25,1.0,1.0,0.10526315789473684,0.3333333333333333,0.08333333333333333,0.07368421052631578,0.4666666666666667,0.8333333333333333,0.35833333333333334,0.19999999999999998,score_exclusive_discount
655499,4,2,4,0,0.5,0.0,0.75,Elderly,High Spenders,0.0,0.0,4.0,0.25,1.0,0.5,0.07209805335255949,0.0,0.13333333333333333,0.05046863734679164,0.1,0.75,0.3933333333333333,0.215,score_exclusive_discount
656150,0,0,8,1,0.0,0.125,0.5,Middle-age,Low Spenders,0.0,0.0,3.0,0.125,1.0,1.0,0.2040816326530612,0.0,0.1,0.14285714285714282,0.2,0.5,0.37,0.1175,score_exclusive_discount
656346,1,0,7,2,0.0,0.2857142857142857,0.35714285714285715,Middle-age,Medium Spenders,0.0,1.0,8.5,0.25,1.0,1.0,0.11862396204033215,0.3333333333333333,0.2833333333333333,0.0830367734282325,0.4666666666666667,0.35714285714285715,0.4983333333333333,0.26,score_free_meal
656422,0,0,8,4,0.0,0.5,0.5,Middle-age,Champions,0.0,0.71,1.0,0.5,0.75,1.0,0.12004801920768307,0.23666666666666666,0.03333333333333333,0.08403361344537814,0.38933333333333336,0.5,0.2483333333333333,0.36,score_exclusive_discount
656471,4,2,4,1,0.5,0.25,0.625,Middle-age,At Risk,0.33,0.5,2.0,0.375,1.0,1.0,0.136986301369863,0.16666666666666666,0.06666666666666667,0.0958904109589041,0.33333333333333337,0.625,0.3466666666666667,0.2825,score_exclusive_discount
656560,2,0,6,1,0.0,0.16666666666666666,0.4166666666666667,Middle-age,At Risk,0.0,2.0,8.0,0.125,1.0,1.0,0.1858736059479554,0.6666666666666666,0.26666666666666666,0.13011152416356878,0.7333333333333334,0.4166666666666667,0.48666666666666664,0.16749999999999998,score_free_checkedbag
656626,3,0,5,0,0.0,0.0,0.5,0,0,0.0,0.0,0.0,0.0,0.0,0.0,0.0,0.0,0.0,0.0,0.0,0.5,0.0,0.0,score_exclusive_discount
656708,1,0,7,2,0.0,0.2857142857142857,0.35714285714285715,Middle-age,Low Spenders,0.0,1.0,2.0,0.25,1.0,1.0,0.08517887563884156,0.3333333333333333,0.06666666666666667,0.05962521294718909,0.4666666666666667,0.35714285714285715,0.3466666666666667,0.19499999999999998,score_free_checkedbag
656850,3,0,5,0,0.0,0.0,0.5,0,0,0.0,0.0,0.0,0.0,0.0,0.0,0.0,0.0,0.0,0.0,0.0,0.5,0.0,0.0,score_exclusive_discount
656873,1,1,7,2,1.0,0.2857142857142857,0.8571428571428572,Middle-age,Low Spenders,0.0,0.0,1.67,0.375,0.6666666666666666,1.0,0.10764262648008613,0.0,0.05566666666666666,0.07534983853606028,0.2,0.8571428571428572,0.23896666666666666,0.27919999999999995,score_exclusive_discount
656920,4,1,4,2,0.25,0.5,0.375,Middle-age,Champions,0.0,0.12,0.67,0.375,0.3333333333333333,0.6666666666666666,0.12224938875305624,0.04,0.022333333333333334,0.08557457212713937,0.16533333333333333,0.375,0.11563333333333332,0.26919999999999994,score_exclusive_discount
657122,2,0,7,2,0.0,0.2857142857142857,0.35714285714285715,Middle-age,Low Spenders,0.0,0.0,5.0,0.2222222222222222,1.0,0.5,0.13192612137203166,0.0,0.16666666666666666,0.09234828496042216,0.1,0.35714285714285715,0.41666666666666663,0.20555555555555552,score_free_meal
657343,3,1,5,1,0.3333333333333333,0.2,0.5666666666666667,0,0,0.0,0.0,0.0,0.0,0.0,0.0,0.0,0.0,0.0,0.0,0.0,0.5666666666666667,0.0,0.0,score_exclusive_discount
657514,1,0,7,0,0.0,0.0,0.5,0,0,0.0,0.0,0.0,0.0,0.0,0.0,0.0,0.0,0.0,0.0,0.0,0.5,0.0,0.0,score_exclusive_discount
657591,3,1,5,3,0.3333333333333333,0.6,0.3666666666666667,Middle-age,Champions,0.0,0.33,2.5,0.5,1.0,0.75,0.12738853503184713,0.11,0.08333333333333333,0.08917197452229299,0.23800000000000004,0.3666666666666667,0.35833333333333334,0.375,score_free_night_flight
657629,3,1,5,3,0.3333333333333333,0.6,0.3666666666666667,Middle-age,Champions,0.0,0.33,3.75,0.5,0.75,0.75,0.09082652134423251,0.11,0.125,0.06357856494096276,0.23800000000000004,0.3666666666666667,0.3125,0.38749999999999996,score_free_night_flight
657796,2,0,6,1,0.0,0.16666666666666666,0.4166666666666667,Middle-age,At Risk,0.0,1.0,4.0,0.125,1.0,1.0,0.1342281879194631,0.3333333333333333,0.13333333333333333,0.09395973154362415,0.4666666666666667,0.4166666666666667,0.3933333333333333,0.1275,score_free_checkedbag
658234,2,0,6,1,0.0,0.16666666666666666,0.4166666666666667,Middle-age,At Risk,0.0,1.0,0.0,0.125,0.0,1.0,0.13513513513513511,0.3333333333333333,0.0,0.09459459459459457,0.4666666666666667,0.4166666666666667,0.0,0.0875,score_free_checkedbag
658528,1,0,7,1,0.0,0.14285714285714285,0.4285714285714286,Middle-age,At Risk,0.0,1.0,1.0,0.125,1.0,1.0,0.10395010395010396,0.3333333333333333,0.03333333333333333,0.07276507276507277,0.4666666666666667,0.4285714285714286,0.3233333333333333,0.09749999999999999,score_free_checkedbag
658774,1,0,7,2,0.0,0.2857142857142857,0.35714285714285715,Middle-age,Champions,0.0,2.0,6.0,0.25,0.5,0.5,0.07942811755361398,0.6666666666666666,0.2,0.05559968228752978,0.6333333333333333,0.35714285714285715,0.29,0.235,score_free_checkedbag
659128,4,3,4,2,0.75,0.5,0.625,Middle-age,High Spenders,0.0,1.2,2.4,0.625,1.0,1.0,0.11001100110011001,0.39999999999999997,0.08,0.077007700770077,0.52,0.625,0.356,0.4615,score_exclusive_discount
659161,1,0,7,5,0.0,0.7142857142857143,0.14285714285714285,Middle-age,Champions,0.0,0.4,1.8,0.625,0.8,1.0,0.1107419712070875,0.13333333333333333,0.060000000000000005,0.07751937984496124,0.3066666666666667,0.14285714285714285,0.282,0.4555,score_free_night_flight
659162,1,0,7,4,0.0,0.5714285714285714,0.2142857142857143,Middle-age,Champions,0.0,0.5,3.5,0.5,1.0,1.0,0.12195121951219513,0.16666666666666666,0.11666666666666667,0.08536585365853659,0.33333333333333337,0.2142857142857143,0.38166666666666665,0.38499999999999995,score_free_night_flight
659360,3,2,5,0,0.6666666666666666,0.0,0.8333333333333333,0,0,0.0,0.0,0.0,0.0,0.0,0.0,0.0,0.0,0.0,0.0,0.0,0.8333333333333333,0.0,0.0,score_exclusive_discount
659664,3,1,5,4,0.3333333333333333,0.8,0.2666666666666666,Middle-age,Medium Spenders,0.0,0.2,1.2,0.625,0.8,1.0,0.12987012987012986,0.06666666666666667,0.04,0.0909090909090909,0.25333333333333335,0.2666666666666666,0.268,0.4495,score_free_night_flight
659744,2,1,6,3,0.5,0.5,0.5,Middle-age,High Spenders,0.0,0.0,5.5,0.5,1.0,0.5,0.15772870662460567,0.0,0.18333333333333332,0.11041009463722395,0.1,0.5,0.42833333333333334,0.40499999999999997,score_exclusive_discount
659832,2,1,6,3,0.5,0.5,0.5,Middle-age,High Spenders,0.0,0.25,1.25,0.5,0.75,1.0,0.12853470437017994,0.08333333333333333,0.041666666666666664,0.08997429305912595,0.26666666666666666,0.5,0.25416666666666665,0.3625,score_exclusive_discount
660110,2,0,6,2,0.0,0.3333333333333333,0.33333333333333337,Youth,Medium Spenders,0.0,0.5,2.0,0.25,1.0,1.0,0.14450867052023122,0.16666666666666666,0.06666666666666667,0.10115606936416185,0.33333333333333337,0.33333333333333337,0.3466666666666667,0.19499999999999998,score_free_meal
660821,2,0,6,0,0.0,0.0,0.5,0,0,0.0,0.0,0.0,0.0,0.0,0.0,0.0,0.0,0.0,0.0,0.0,0.5,0.0,0.0,score_exclusive_discount
660894,1,0,7,0,0.0,0.0,0.5,0,0,0.0,0.0,0.0,0.0,0.0,0.0,0.0,0.0,0.0,0.0,0.0,0.5,0.0,0.0,score_exclusive_discount
660903,1,0,7,0,0.0,0.0,0.5,0,0,0.0,0.0,0.0,0.0,0.0,0.0,0.0,0.0,0.0,0.0,0.0,0.5,0.0,0.0,score_exclusive_discount
660959,2,0,6,0,0.0,0.0,0.5,0,0,0.0,0.0,0.0,0.0,0.0,0.0,0.0,0.0,0.0,0.0,0.0,0.5,0.0,0.0,score_exclusive_discount
661614,3,0,5,1,0.0,0.2,0.4,Elderly,Medium Spenders,0.0,0.0,8.0,0.125,1.0,0.0,1.0,0.0,0.26666666666666666,0.7,0.0,0.4,0.48666666666666664,0.16749999999999998,score_free_cancellation
661639,2,0,6,1,0.0,0.16666666666666666,0.4166666666666667,Middle-age,Low Spenders,0.0,0.0,4.0,0.125,1.0,1.0,0.10604453870625663,0.0,0.13333333333333333,0.07423117709437964,0.2,0.4166666666666667,0.3933333333333333,0.1275,score_exclusive_discount
661697,0,0,8,2,0.0,0.25,0.5,Middle-age,High Spenders,0.0,0.25,1.5,0.25,1.0,1.0,0.15503875968992248,0.08333333333333333,0.05,0.10852713178294573,0.26666666666666666,0.5,0.33499999999999996,0.19,score_exclusive_discount
661930,1,1,7,0,1.0,0.0,1.0,Middle-age,Medium Spenders,0.0,0.0,5.0,0.125,1.0,0.0,1.0,0.0,0.16666666666666666,0.7,0.0,1.0,0.41666666666666663,0.13749999999999998,score_exclusive_discount
662010,2,1,6,3,0.5,0.5,0.5,Middle-age,Champions,0.0,0.25,2.5,0.5,1.0,1.0,0.1349527665317139,0.08333333333333333,0.08333333333333333,0.09446693657219972,0.26666666666666666,0.5,0.35833333333333334,0.375,score_exclusive_discount
662535,0,0,8,1,0.0,0.125,0.5,Middle-age,At Risk,0.0,1.0,1.0,0.125,1.0,1.0,0.1053740779768177,0.3333333333333333,0.03333333333333333,0.0737618545837724,0.4666666666666667,0.5,0.3233333333333333,0.09749999999999999,score_exclusive_discount
662596,3,1,5,2,0.3333333333333333,0.4,0.4666666666666667,Youth,At Risk,0.33,1.0,0.0,0.375,0.6666666666666666,0.6666666666666666,0.17452006980802792,0.3333333333333333,0.0,0.12216404886561953,0.4,0.4666666666666667,0.19999999999999998,0.26249999999999996,score_exclusive_discount
662750,4,0,5,0,0.0,0.0,0.5,0,0,0.0,0.0,0.0,0.0,0.0,0.0,0.0,0.0,0.0,0.0,0.0,0.5,0.0,0.0,score_exclusive_discount
663017,3,2,6,2,0.6666666666666666,0.3333333333333333,0.6666666666666666,Middle-age,Champions,0.0,0.83,3.75,0.4444444444444444,1.0,1.0,0.12195121951219513,0.27666666666666667,0.125,0.08536585365853659,0.42133333333333334,0.6666666666666666,0.38749999999999996,0.34861111111111104,score_exclusive_discount
663376,4,0,4,1,0.0,0.25,0.375,Middle-age,At Risk,0.0,0.0,1.0,0.125,1.0,1.0,0.17006802721088435,0.0,0.03333333333333333,0.11904761904761904,0.2,0.375,0.3233333333333333,0.09749999999999999,score_exclusive_discount
663565,3,1,5,3,0.3333333333333333,0.6,0.3666666666666667,Middle-age,Champions,0.0,0.5,6.25,0.5,1.0,0.75,0.13774104683195593,0.16666666666666666,0.20833333333333334,0.09641873278236915,0.2833333333333333,0.3666666666666667,0.4458333333333333,0.4125,score_free_meal
664084,2,0,6,1,0.0,0.16666666666666666,0.4166666666666667,Middle-age,At Risk,0.0,1.0,2.0,0.125,1.0,1.0,0.08517887563884156,0.3333333333333333,0.06666666666666667,0.05962521294718909,0.4666666666666667,0.4166666666666667,0.3466666666666667,0.1075,score_free_checkedbag
664119,2,1,6,0,0.5,0.0,0.75,Middle-age,Medium Spenders,0.0,0.0,8.0,0.125,1.0,0.0,1.0,0.0,0.26666666666666666,0.7,0.0,0.75,0.48666666666666664,0.16749999999999998,score_exclusive_discount
664401,5,3,3,1,0.6,0.3333333333333333,0.6333333333333333,Middle-age,Low Spenders,0.25,0.0,1.5,0.5,1.0,1.0,0.1272264631043257,0.0,0.05,0.08905852417302798,0.2,0.6333333333333333,0.33499999999999996,0.365,score_exclusive_discount
664405,5,2,3,1,0.4,0.3333333333333333,0.5333333333333333,Middle-age,At Risk,0.33,0.0,1.0,0.375,1.0,1.0,0.13020833333333334,0.0,0.03333333333333333,0.09114583333333333,0.2,0.5333333333333333,0.3233333333333333,0.27249999999999996,score_exclusive_discount
664617,2,1,6,3,0.5,0.5,0.5,Middle-age,Champions,0.0,0.0,5.5,0.5,1.0,0.25,0.16420361247947454,0.0,0.18333333333333332,0.11494252873563217,0.05,0.5,0.42833333333333334,0.40499999999999997,score_exclusive_discount
664663,4,3,5,2,0.75,0.4,0.675,Middle-age,High Spenders,0.0,1.0,2.6,0.5555555555555556,1.0,0.8,0.0968054211035818,0.3333333333333333,0.08666666666666667,0.06776379477250725,0.4266666666666667,0.675,0.36066666666666664,0.4148888888888889,score_exclusive_discount
664998,2,1,6,1,0.5,0.16666666666666666,0.6666666666666667,Middle-age,Low Spenders,0.0,0.33,0.5,0.25,0.5,1.0,0.08849557522123894,0.11,0.016666666666666666,0.06194690265486725,0.28800000000000003,0.6666666666666667,0.16166666666666665,0.18,score_exclusive_discount
665329,4,1,5,2,0.25,0.4,0.425,Middle-age,High Spenders,0.0,0.0,1.33,0.3333333333333333,1.0,1.0,0.13661202185792348,0.0,0.044333333333333336,0.09562841530054643,0.2,0.425,0.33103333333333335,0.24663333333333332,score_exclusive_discount
665397,2,0,6,2,0.0,0.3333333333333333,0.33333333333333337,Middle-age,Low Spenders,0.0,0.0,1.5,0.25,1.0,1.0,0.11001100110011001,0.0,0.05,0.077007700770077,0.2,0.33333333333333337,0.33499999999999996,0.19,score_free_meal
665505,3,1,5,4,0.3333333333333333,0.8,0.2666666666666666,Middle-age,High Spenders,0.0,0.25,3.2,0.625,1.0,0.8,0.12062726176115804,0.08333333333333333,0.10666666666666667,0.08443908323281062,0.22666666666666668,0.2666666666666666,0.37466666666666665,0.46950000000000003,score_free_night_flight
665593,5,2,3,3,0.4,1.0,0.2,Middle-age,High Spenders,0.2,1.33,4.67,0.625,1.0,1.0,0.12135922330097088,0.44333333333333336,0.15566666666666668,0.0849514563106796,0.5546666666666666,0.2,0.40896666666666665,0.4842,score_free_checkedbag
665676,4,0,4,1,0.0,0.25,0.375,Middle-age,At Risk,0.0,1.0,2.0,0.125,1.0,1.0,0.1020408163265306,0.3333333333333333,0.06666666666666667,0.07142857142857141,0.4666666666666667,0.375,0.3466666666666667,0.1075,score_free_checkedbag
665746,6,3,2,0,0.5,0.0,0.75,Middle-age,Medium Spenders,0.33,0.5,0.0,0.375,0.6666666666666666,1.0,0.003937783028155149,0.16666666666666666,0.0,0.002756448119708604,0.33333333333333337,0.75,0.19999999999999998,0.26249999999999996,score_exclusive_discount
665887,0,0,8,5,0.0,0.625,0.5,Middle-age,Champions,0.0,0.33,3.2,0.625,0.6,0.6,0.1597444089456869,0.11,0.10666666666666667,0.11182108626198081,0.20800000000000002,0.5,0.25466666666666665,0.46950000000000003,score_exclusive_discount
665892,3,2,5,3,0.6666666666666666,0.6,0.5333333333333333,Middle-age,High Spenders,0.0,0.5,3.4,0.625,1.0,0.8,0.10526315789473684,0.16666666666666666,0.11333333333333333,0.07368421052631578,0.29333333333333333,0.5333333333333333,0.3793333333333333,0.4715,score_exclusive_discount
665980,2,0,6,0,0.0,0.0,0.5,0,0,0.0,0.0,0.0,0.0,0.0,0.0,0.0,0.0,0.0,0.0,0.0,0.5,0.0,0.0,score_exclusive_discount
666049,0,0,8,2,0.0,0.25,0.5,Middle-age,Champions,0.0,0.0,2.0,0.25,1.0,1.0,0.11600928074245938,0.0,0.06666666666666667,0.08120649651972156,0.2,0.5,0.3466666666666667,0.19499999999999998,score_exclusive_discount
666174,1,1,7,2,1.0,0.2857142857142857,0.8571428571428572,Middle-age,Low Spenders,0.33,1.0,2.0,0.375,0.6666666666666666,1.0,0.11668611435239207,0.3333333333333333,0.06666666666666667,0.08168028004667444,0.4666666666666667,0.8571428571428572,0.24666666666666665,0.2825,score_exclusive_discount
666292,2,1,6,1,0.5,0.16666666666666666,0.6666666666666667,0,0,0.0,0.0,0.0,0.0,0.0,0.0,0.0,0.0,0.0,0.0,0.0,0.6666666666666667,0.0,0.0,score_exclusive_discount
666718,4,1,4,1,0.25,0.25,0.5,Middle-age,At Risk,0.0,0.5,1.0,0.25,0.5,1.0,0.14534883720930233,0.16666666666666666,0.03333333333333333,0.10174418604651163,0.33333333333333337,0.5,0.17333333333333334,0.185,score_exclusive_discount
666942,3,0,5,0,0.0,0.0,0.5,0,0,0.0,0.0,0.0,0.0,0.0,0.0,0.0,0.0,0.0,0.0,0.0,0.5,0.0,0.0,score_exclusive_discount
667299,1,0,8,0,0.0,0.0,0.5,0,0,0.0,0.0,0.0,0.0,0.0,0.0,0.0,0.0,0.0,0.0,0.0,0.5,0.0,0.0,score_exclusive_discount
667536,3,0,5,2,0.0,0.4,0.3,Youth,Low Spenders,0.0,1.5,1.0,0.25,1.0,1.0,0.10256410256410256,0.5,0.03333333333333333,0.07179487179487179,0.6000000000000001,0.3,0.3233333333333333,0.185,score_free_checkedbag
667643,2,0,6,0,0.0,0.0,0.5,0,0,0.0,0.0,0.0,0.0,0.0,0.0,0.0,0.0,0.0,0.0,0.0,0.5,0.0,0.0,score_exclusive_discount
667718,2,2,6,2,1.0,0.3333333333333333,0.8333333333333334,Middle-age,Medium Spenders,0.25,0.5,2.5,0.5,0.75,1.0,0.1295336787564767,0.16666666666666666,0.08333333333333333,0.09067357512953368,0.33333333333333337,0.8333333333333334,0.2833333333333333,0.375,score_exclusive_discount
667916,2,0,7,3,0.0,0.42857142857142855,0.2857142857142857,Middle-age,Medium Spenders,0.0,0.33,2.0,0.3333333333333333,0.6666666666666666,1.0,0.010851871947911014,0.11,0.06666666666666667,0.00759631036353771,0.28800000000000003,0.2857142857142857,0.24666666666666665,0.2533333333333333,score_free_checkedbag
667929,2,1,6,0,0.5,0.0,0.75,Middle-age,At Risk,0.0,1.0,0.0,0.125,0.0,1.0,0.09033423667570009,0.3333333333333333,0.0,0.06323396567299006,0.4666666666666667,0.75,0.0,0.0875,score_exclusive_discount
667981,1,0,7,3,0.0,0.42857142857142855,0.2857142857142857,Middle-age,High Spenders,0.0,0.0,6.33,0.375,1.0,1.0,0.11560693641618497,0.0,0.211,0.08092485549132947,0.2,0.2857142857142857,0.4477,0.3258,score_free_meal
668083,1,0,7,2,0.0,0.2857142857142857,0.35714285714285715,Youth,At Risk,0.0,0.0,2.5,0.25,0.5,0.5,0.003941818755173637,0.0,0.08333333333333333,0.0027592731286215457,0.1,0.35714285714285715,0.20833333333333331,0.19999999999999998,score_exclusive_discount
668172,3,1,5,2,0.3333333333333333,0.4,0.4666666666666667,Middle-age,Champions,0.0,0.67,1.0,0.375,0.6666666666666666,1.0,0.12578616352201258,0.22333333333333336,0.03333333333333333,0.0880503144654088,0.3786666666666667,0.4666666666666667,0.22333333333333333,0.27249999999999996,score_exclusive_discount
668677,3,0,5,2,0.0,0.4,0.3,Middle-age,Low Spenders,0.0,0.0,1.5,0.25,1.0,1.0,0.09765625,0.0,0.05,0.068359375,0.2,0.3,0.33499999999999996,0.19,score_free_meal
668776,4,2,4,1,0.5,0.25,0.625,Middle-age,Champions,0.0,0.5,5.67,0.375,1.0,0.6666666666666666,0.16611295681063123,0.16666666666666666,0.189,0.11627906976744186,0.26666666666666666,0.625,0.4323,0.31919999999999993,score_exclusive_discount
669140,4,1,5,1,0.25,0.2,0.525,Elderly,At Risk,0.0,2.0,2.5,0.2222222222222222,1.0,0.5,0.16233766233766234,0.6666666666666666,0.08333333333333333,0.11363636363636363,0.6333333333333333,0.525,0.35833333333333334,0.18055555555555552,score_free_checkedbag
669155,3,1,5,0,0.3333333333333333,0.0,0.6666666666666666,Youth,Low Spenders,0.0,0.0,17.0,0.125,1.0,0.0,1.0,0.0,0.5666666666666667,0.7,0.0,0.6666666666666666,0.6966666666666665,0.25749999999999995,score_free_cancellation
669329,3,0,5,2,0.0,0.4,0.3,Middle-age,Champions,0.0,0.0,9.0,0.25,1.0,0.5,0.11547344110854503,0.0,0.3,0.08083140877598152,0.1,0.3,0.51,0.265,score_free_meal
669348,1,0,7,2,0.0,0.2857142857142857,0.35714285714285715,Middle-age,Low Spenders,0.0,0.5,3.5,0.25,1.0,1.0,0.14684287812041116,0.16666666666666666,0.11666666666666667,0.1027900146842878,0.33333333333333337,0.35714285714285715,0.38166666666666665,0.21,score_free_meal
669356,2,0,6,1,0.0,0.16666666666666666,0.4166666666666667,Middle-age,Low Spenders,0.0,1.0,5.0,0.125,1.0,1.0,0.07087172218284904,0.3333333333333333,0.16666666666666666,0.049610205527994326,0.4666666666666667,0.4166666666666667,0.41666666666666663,0.13749999999999998,score_free_checkedbag
669449,6,4,2,1,0.6666666666666666,0.5,0.5833333333333333,Middle-age,Low Spenders,0.4,1.0,5.0,0.625,1.0,1.0,0.18348623853211007,0.3333333333333333,0.16666666666666666,0.12844036697247704,0.4666666666666667,0.5833333333333333,0.41666666666666663,0.4875,score_exclusive_discount
670471,0,0,8,2,0.0,0.25,0.5,Middle-age,Low Spenders,0.0,0.5,2.0,0.25,1.0,1.0,0.11312217194570136,0.16666666666666666,0.06666666666666667,0.07918552036199095,0.33333333333333337,0.5,0.3466666666666667,0.19499999999999998,score_exclusive_discount
670626,3,0,5,4,0.0,0.8,0.09999999999999998,Middle-age,High Spenders,0.0,0.67,2.0,0.5,0.75,0.75,0.1016260162601626,0.22333333333333336,0.06666666666666667,0.07113821138211382,0.3286666666666667,0.09999999999999998,0.2716666666666666,0.37,score_free_night_flight
670971,4,0,4,1,0.0,0.25,0.375,Middle-age,At Risk,0.0,0.0,1.0,0.125,1.0,1.0,0.09606147934678194,0.0,0.03333333333333333,0.06724303554274735,0.2,0.375,0.3233333333333333,0.09749999999999999,score_exclusive_discount
671066,3,0,5,1,0.0,0.2,0.4,Middle-age,At Risk,0.0,0.0,6.0,0.125,1.0,1.0,0.17035775127768313,0.0,0.2,0.11925042589437818,0.2,0.4,0.43999999999999995,0.1475,score_free_meal
671151,5,3,3,2,0.6,0.6666666666666666,0.4666666666666667,Middle-age,Medium Spenders,0.2,0.33,3.33,0.625,0.8,1.0,0.1773049645390071,0.11,0.111,0.12411347517730496,0.28800000000000003,0.4666666666666667,0.3177,0.4708,score_free_night_flight
671367,2,2,6,5,1.0,0.8333333333333334,0.5833333333333333,Middle-age,Champions,0.0,0.8,4.29,0.875,1.0,0.7142857142857143,0.11627906976744186,0.26666666666666666,0.143,0.0813953488372093,0.3561904761904762,0.5833333333333333,0.40009999999999996,0.6554,score_free_night_flight
671368,2,1,6,0,0.5,0.0,0.75,Middle-age,Low Spenders,0.0,1.0,6.0,0.125,1.0,1.0,0.09049773755656108,0.3333333333333333,0.2,0.06334841628959276,0.4666666666666667,0.75,0.43999999999999995,0.1475,score_exclusive_discount
671975,2,1,6,2,0.5,0.3333333333333333,0.5833333333333334,Middle-age,Medium Spenders,0.0,0.0,3.33,0.375,1.0,1.0,0.11560693641618497,0.0,0.111,0.08092485549132947,0.2,0.5833333333333334,0.3777,0.29579999999999995,score_exclusive_discount
671999,3,1,5,1,0.3333333333333333,0.2,0.5666666666666667,0,0,0.0,0.0,0.0,0.0,0.0,0.0,0.0,0.0,0.0,0.0,0.0,0.5666666666666667,0.0,0.0,score_exclusive_discount
672009,1,1,7,1,1.0,0.14285714285714285,0.9285714285714286,Middle-age,Champions,0.0,0.0,1.0,0.25,1.0,1.0,0.11160714285714285,0.0,0.03333333333333333,0.07812499999999999,0.2,0.9285714285714286,0.3233333333333333,0.185,score_exclusive_discount
672112,3,2,5,2,0.6666666666666666,0.4,0.6333333333333333,Middle-age,Medium Spenders,0.0,0.5,3.75,0.5,0.75,0.5,0.0684931506849315,0.16666666666666666,0.125,0.04794520547945205,0.23333333333333334,0.6333333333333333,0.3125,0.38749999999999996,score_exclusive_discount
672468,3,2,5,3,0.6666666666666666,0.6,0.5333333333333333,Middle-age,Champions,0.0,0.12,2.6,0.625,1.0,0.8,0.09960159362549802,0.04,0.08666666666666667,0.06972111553784861,0.19200000000000003,0.5333333333333333,0.36066666666666664,0.4635,score_exclusive_discount
673076,5,1,4,0,0.2,0.0,0.6,Youth,At Risk,0.0,2.0,2.0,0.1111111111111111,1.0,1.0,0.14556040756914118,0.6666666666666666,0.06666666666666667,0.10189228529839882,0.7333333333333334,0.6,0.3466666666666667,0.09777777777777777,score_free_checkedbag
673286,4,1,5,1,0.25,0.2,0.525,Elderly,Medium Spenders,0.0,0.0,7.5,0.2222222222222222,1.0,0.0,1.0,0.0,0.25,0.7,0.0,0.525,0.475,0.2305555555555555,score_free_cancellation
673874,2,0,6,1,0.0,0.16666666666666666,0.4166666666666667,Middle-age,Medium Spenders,0.0,1.0,11.0,0.125,1.0,1.0,0.136986301369863,0.3333333333333333,0.36666666666666664,0.0958904109589041,0.4666666666666667,0.4166666666666667,0.5566666666666666,0.19749999999999998,score_free_meal
674375,4,1,4,1,0.25,0.25,0.5,Middle-age,Low Spenders,0.0,1.0,7.0,0.25,1.0,0.5,0.1314060446780552,0.3333333333333333,0.23333333333333334,0.09198423127463863,0.3666666666666667,0.5,0.4633333333333333,0.245,score_exclusive_discount
675053,3,1,5,2,0.3333333333333333,0.4,0.4666666666666667,Middle-age,High Spenders,0.0,0.67,2.67,0.375,1.0,1.0,0.1072961373390558,0.22333333333333336,0.089,0.07510729613733905,0.3786666666666667,0.4666666666666667,0.36229999999999996,0.28919999999999996,score_exclusive_discount
675201,3,3,5,3,1.0,0.6,0.7,Middle-age,Champions,0.0,0.6,3.33,0.75,1.0,0.8333333333333334,0.1111111111111111,0.19999999999999998,0.111,0.07777777777777777,0.32666666666666666,0.7,0.3777,0.5582999999999999,score_exclusive_discount
675594,4,2,4,1,0.5,0.25,0.625,Middle-age,Low Spenders,0.0,1.0,2.33,0.375,1.0,1.0,0.11235955056179775,0.3333333333333333,0.07766666666666668,0.07865168539325842,0.4666666666666667,0.625,0.35436666666666666,0.28579999999999994,score_exclusive_discount
676043,2,0,6,0,0.0,0.0,0.5,0,0,0.0,0.0,0.0,0.0,0.0,0.0,0.0,0.0,0.0,0.0,0.0,0.5,0.0,0.0,score_exclusive_discount
676373,1,0,7,2,0.0,0.2857142857142857,0.35714285714285715,Middle-age,Medium Spenders,0.0,1.0,7.0,0.25,1.0,0.5,0.14492753623188406,0.3333333333333333,0.23333333333333334,0.10144927536231883,0.3666666666666667,0.35714285714285715,0.4633333333333333,0.245,score_free_meal
676570,2,1,6,2,0.5,0.3333333333333333,0.5833333333333334,Middle-age,Champions,0.33,0.0,2.0,0.375,1.0,1.0,0.12987012987012986,0.0,0.06666666666666667,0.0909090909090909,0.2,0.5833333333333334,0.3466666666666667,0.2825,score_exclusive_discount
676707,2,0,6,1,0.0,0.16666666666666666,0.4166666666666667,Middle-age,Medium Spenders,0.0,0.5,0.0,0.125,0.0,1.0,0.18181818181818182,0.16666666666666666,0.0,0.12727272727272726,0.33333333333333337,0.4166666666666667,0.0,0.0875,score_exclusive_discount
676762,1,1,7,3,1.0,0.42857142857142855,0.7857142857142857,Middle-age,Champions,0.0,0.75,4.5,0.5,1.0,1.0,0.12004801920768307,0.25,0.15,0.08403361344537814,0.4,0.7857142857142857,0.40499999999999997,0.39499999999999996,score_exclusive_discount
677209,1,0,7,1,0.0,0.14285714285714285,0.4285714285714286,Middle-age,At Risk,0.0,0.0,2.0,0.125,1.0,1.0,0.08650519031141868,0.0,0.06666666666666667,0.06055363321799307,0.2,0.4285714285714286,0.3466666666666667,0.1075,score_exclusive_discount
677842,2,0,6,0,0.0,0.0,0.5,0,0,0.0,0.0,0.0,0.0,0.0,0.0,0.0,0.0,0.0,0.0,0.0,0.5,0.0,0.0,score_exclusive_discount
677896,3,1,5,1,0.3333333333333333,0.2,0.5666666666666667,Elderly,Low Spenders,0.0,0.0,4.5,0.25,1.0,0.5,0.10416666666666667,0.0,0.15,0.07291666666666667,0.1,0.5666666666666667,0.40499999999999997,0.21999999999999997,score_exclusive_discount
678536,0,0,8,1,0.0,0.125,0.5,Middle-age,Low Spenders,0.0,0.0,17.0,0.125,1.0,0.0,1.0,0.0,0.5666666666666667,0.7,0.0,0.5,0.6966666666666665,0.25749999999999995,score_free_cancellation
678547,3,1,5,1,0.3333333333333333,0.2,0.5666666666666667,Middle-age,High Spenders,0.0,1.0,5.0,0.25,0.5,0.5,0.20202020202020202,0.3333333333333333,0.16666666666666666,0.1414141414141414,0.3666666666666667,0.5666666666666667,0.26666666666666666,0.22499999999999998,score_exclusive_discount
678888,3,0,6,2,0.0,0.3333333333333333,0.33333333333333337,Middle-age,High Spenders,0.0,0.67,1.5,0.2222222222222222,1.0,1.0,0.14727540500736377,0.22333333333333336,0.05,0.10309278350515463,0.3786666666666667,0.33333333333333337,0.33499999999999996,0.17055555555555552,score_free_checkedbag
679040,3,2,5,1,0.6666666666666666,0.2,0.7333333333333333,Middle-age,Low Spenders,0.0,0.5,2.0,0.375,1.0,0.6666666666666666,0.11778563015312131,0.16666666666666666,0.06666666666666667,0.08244994110718491,0.26666666666666666,0.7333333333333333,0.3466666666666667,0.2825,score_exclusive_discount
679047,4,1,4,1,0.25,0.25,0.5,Middle-age,Low Spenders,0.0,1.0,5.0,0.25,1.0,0.5,0.07733952049497293,0.3333333333333333,0.16666666666666666,0.05413766434648105,0.3666666666666667,0.5,0.41666666666666663,0.22499999999999998,score_exclusive_discount
679066,3,0,5,3,0.0,0.6,0.2,Middle-age,High Spenders,0.0,0.5,4.33,0.375,1.0,1.0,0.11049723756906077,0.16666666666666666,0.14433333333333334,0.07734806629834254,0.33333333333333337,0.2,0.40103333333333335,0.30579999999999996,score_free_meal
679442,3,0,5,1,0.0,0.2,0.4,Middle-age,Low Spenders,0.0,0.5,1.0,0.125,1.0,1.0,0.08718395815170009,0.16666666666666666,0.03333333333333333,0.06102877070619006,0.33333333333333337,0.4,0.3233333333333333,0.09749999999999999,score_exclusive_discount
679611,1,1,7,4,1.0,0.5714285714285714,0.7142857142857143,Middle-age,High Spenders,0.0,0.75,2.8,0.625,1.0,0.8,0.14347202295552366,0.25,0.09333333333333332,0.10043041606886656,0.36000000000000004,0.7142857142857143,0.3653333333333333,0.4655,score_exclusive_discount
679831,4,2,4,0,0.5,0.0,0.75,0,0,0.0,0.0,0.0,0.0,0.0,0.0,0.0,0.0,0.0,0.0,0.0,0.75,0.0,0.0,score_exclusive_discount
680424,1,0,7,3,0.0,0.42857142857142855,0.2857142857142857,Middle-age,Medium Spenders,0.0,0.0,3.67,0.375,1.0,0.6666666666666666,0.14992503748125938,0.0,0.12233333333333334,0.10494752623688156,0.13333333333333333,0.2857142857142857,0.38563333333333333,0.29919999999999997,score_free_meal
680735,1,0,7,3,0.0,0.42857142857142855,0.2857142857142857,Middle-age,High Spenders,0.0,0.67,1.33,0.375,1.0,1.0,0.1251564455569462,0.22333333333333336,0.044333333333333336,0.08760951188986232,0.3786666666666667,0.2857142857142857,0.33103333333333335,0.27579999999999993,score_free_checkedbag
681050,1,0,7,2,0.0,0.2857142857142857,0.35714285714285715,Middle-age,Medium Spenders,0.0,0.25,2.5,0.25,0.5,1.0,0.13717421124828533,0.08333333333333333,0.08333333333333333,0.09602194787379972,0.26666666666666666,0.35714285714285715,0.20833333333333331,0.19999999999999998,score_exclusive_discount
681581,2,0,6,3,0.0,0.5,0.25,Middle-age,Champions,0.0,1.0,3.33,0.375,1.0,1.0,0.1287001287001287,0.3333333333333333,0.111,0.09009009009009009,0.4666666666666667,0.25,0.3777,0.29579999999999995,score_free_checkedbag
681720,4,1,4,3,0.25,0.75,0.25,Middle-age,Medium Spenders,0.0,0.25,0.75,0.5,0.5,1.0,0.08904719501335707,0.08333333333333333,0.025,0.062333036509349946,0.26666666666666666,0.25,0.16749999999999998,0.3575,score_free_night_flight
682005,1,1,8,1,1.0,0.125,0.9375,Middle-age,Low Spenders,0.0,0.0,4.5,0.2222222222222222,1.0,0.0,1.0,0.0,0.15,0.7,0.0,0.9375,0.40499999999999997,0.20055555555555554,score_exclusive_discount
682247,3,0,6,3,0.0,0.5,0.25,Middle-age,Champions,0.0,0.67,4.67,0.3333333333333333,1.0,1.0,0.12062726176115804,0.22333333333333336,0.15566666666666668,0.08443908323281062,0.3786666666666667,0.25,0.40896666666666665,0.2800333333333333,score_free_meal
683014,1,0,7,3,0.0,0.42857142857142855,0.2857142857142857,Elderly,Champions,0.0,0.5,5.0,0.375,1.0,0.6666666666666666,0.13192612137203166,0.16666666666666666,0.16666666666666666,0.09234828496042216,0.26666666666666666,0.2857142857142857,0.41666666666666663,0.31249999999999994,score_free_meal
683663,1,0,7,1,0.0,0.14285714285714285,0.4285714285714286,Elderly,At Risk,0.0,0.0,3.0,0.125,1.0,0.0,1.0,0.0,0.1,0.7,0.0,0.4285714285714286,0.37,0.1175,score_free_cancellation
683976,2,0,6,1,0.0,0.16666666666666666,0.4166666666666667,Youth,At Risk,0.0,0.0,5.0,0.125,1.0,0.0,1.0,0.0,0.16666666666666666,0.7,0.0,0.4166666666666667,0.41666666666666663,0.13749999999999998,score_free_cancellation
683978,3,0,5,3,0.0,0.6,0.2,Middle-age,Medium Spenders,0.0,0.67,2.33,0.375,1.0,1.0,0.10471204188481674,0.22333333333333336,0.07766666666666668,0.07329842931937171,0.3786666666666667,0.2,0.35436666666666666,0.28579999999999994,score_free_checkedbag
684510,1,0,7,3,0.0,0.42857142857142855,0.2857142857142857,Middle-age,Champions,0.0,0.0,5.67,0.375,1.0,0.3333333333333333,0.1394700139470014,0.0,0.189,0.09762900976290097,0.06666666666666667,0.2857142857142857,0.4323,0.31919999999999993,score_free_meal
684521,2,1,6,1,0.5,0.16666666666666666,0.6666666666666667,Middle-age,High Spenders,0.0,0.0,3.0,0.25,1.0,0.5,0.16611295681063123,0.0,0.1,0.11627906976744186,0.1,0.6666666666666667,0.37,0.205,score_exclusive_discount
684543,3,1,5,1,0.3333333333333333,0.2,0.5666666666666667,Middle-age,Low Spenders,0.0,0.0,4.5,0.25,1.0,0.5,0.10245901639344263,0.0,0.15,0.07172131147540983,0.1,0.5666666666666667,0.40499999999999997,0.21999999999999997,score_exclusive_discount
684764,2,1,6,0,0.5,0.0,0.75,Middle-age,At Risk,0.0,0.0,1.0,0.125,1.0,1.0,0.06146281499692686,0.0,0.03333333333333333,0.0430239704978488,0.2,0.75,0.3233333333333333,0.09749999999999999,score_exclusive_discount
684806,0,0,8,4,0.0,0.5,0.5,Middle-age,Champions,0.0,0.0,3.5,0.5,1.0,1.0,0.15432098765432098,0.0,0.11666666666666667,0.10802469135802469,0.2,0.5,0.38166666666666665,0.38499999999999995,score_exclusive_discount
685594,1,1,7,0,1.0,0.0,1.0,Elderly,Low Spenders,0.0,0.0,4.0,0.125,1.0,1.0,0.1122334455667789,0.0,0.13333333333333333,0.07856341189674523,0.2,1.0,0.3933333333333333,0.1275,score_exclusive_discount
685604,2,0,6,1,0.0,0.16666666666666666,0.4166666666666667,Middle-age,Medium Spenders,0.0,1.0,6.0,0.125,1.0,1.0,0.10615711252653928,0.3333333333333333,0.2,0.07430997876857749,0.4666666666666667,0.4166666666666667,0.43999999999999995,0.1475,score_free_checkedbag
685958,1,0,7,0,0.0,0.0,0.5,0,0,0.0,0.0,0.0,0.0,0.0,0.0,0.0,0.0,0.0,0.0,0.0,0.5,0.0,0.0,score_exclusive_discount
686165,2,1,6,4,0.5,0.6666666666666666,0.4166666666666667,Middle-age,High Spenders,0.0,0.4,2.8,0.625,1.0,1.0,0.10940919037199125,0.13333333333333333,0.09333333333333332,0.07658643326039387,0.3066666666666667,0.4166666666666667,0.3653333333333333,0.4655,score_free_night_flight
686408,2,1,6,3,0.5,0.5,0.5,Middle-age,Champions,0.0,0.0,9.75,0.5,1.0,0.5,0.08726003490401396,0.0,0.325,0.061082024432809766,0.1,0.5,0.5275,0.4475,score_free_meal
686445,2,0,6,1,0.0,0.16666666666666666,0.4166666666666667,Middle-age,Low Spenders,0.0,0.0,5.0,0.125,1.0,0.0,1.0,0.0,0.16666666666666666,0.7,0.0,0.4166666666666667,0.41666666666666663,0.13749999999999998,score_free_cancellation
686509,2,2,6,1,1.0,0.16666666666666666,0.9166666666666667,Youth,At Risk,0.33,1.0,1.0,0.375,0.6666666666666666,1.0,0.11160714285714285,0.3333333333333333,0.03333333333333333,0.07812499999999999,0.4666666666666667,0.9166666666666667,0.22333333333333333,0.27249999999999996,score_exclusive_discount
686915,0,0,8,0,0.0,0.0,0.5,0,0,0.0,0.0,0.0,0.0,0.0,0.0,0.0,0.0,0.0,0.0,0.0,0.5,0.0,0.0,score_exclusive_discount
686920,2,1,6,1,0.5,0.16666666666666666,0.6666666666666667,Middle-age,High Spenders,0.0,1.0,5.0,0.25,1.0,1.0,0.11123470522803114,0.3333333333333333,0.16666666666666666,0.07786429365962179,0.4666666666666667,0.6666666666666667,0.41666666666666663,0.22499999999999998,score_exclusive_discount
688312,3,0,5,0,0.0,0.0,0.5,0,0,0.0,0.0,0.0,0.0,0.0,0.0,0.0,0.0,0.0,0.0,0.0,0.5,0.0,0.0,score_exclusive_discount
688600,2,0,6,2,0.0,0.3333333333333333,0.33333333333333337,Middle-age,Champions,0.0,0.5,4.5,0.25,1.0,0.5,0.08431703204047218,0.16666666666666666,0.15,0.05902192242833052,0.23333333333333334,0.33333333333333337,0.40499999999999997,0.21999999999999997,score_free_meal
689037,3,1,5,2,0.3333333333333333,0.4,0.4666666666666667,Middle-age,Medium Spenders,0.0,0.0,1.67,0.375,0.6666666666666666,1.0,0.09823182711198429,0.0,0.05566666666666666,0.068762278978389,0.2,0.4666666666666667,0.23896666666666666,0.27919999999999995,score_exclusive_discount
689374,1,0,7,1,0.0,0.14285714285714285,0.4285714285714286,Middle-age,Low Spenders,0.0,0.0,3.0,0.125,1.0,1.0,0.13262599469496023,0.0,0.1,0.09283819628647215,0.2,0.4285714285714286,0.37,0.1175,score_exclusive_discount
689456,3,1,5,0,0.3333333333333333,0.0,0.6666666666666666,Youth,High Spenders,0.0,0.0,12.0,0.125,1.0,0.0,1.0,0.0,0.4,0.7,0.0,0.6666666666666666,0.58,0.2075,score_free_cancellation
689624,4,1,4,2,0.25,0.5,0.375,Middle-age,High Spenders,0.0,0.67,5.33,0.375,0.6666666666666666,1.0,0.11750881316098707,0.22333333333333336,0.17766666666666667,0.08225616921269095,0.3786666666666667,0.375,0.32436666666666664,0.31579999999999997,score_free_checkedbag
689984,2,1,6,2,0.5,0.3333333333333333,0.5833333333333334,Youth,Low Spenders,0.0,0.5,4.33,0.375,1.0,0.6666666666666666,0.1388888888888889,0.16666666666666666,0.14433333333333334,0.09722222222222222,0.26666666666666666,0.5833333333333334,0.40103333333333335,0.30579999999999996,score_exclusive_discount
690420,4,2,4,3,0.5,0.75,0.375,Middle-age,Medium Spenders,0.2,0.0,2.67,0.625,1.0,1.0,0.12804097311139565,0.0,0.089,0.08962868117797694,0.2,0.375,0.36229999999999996,0.4642,score_free_night_flight
690422,4,0,4,3,0.0,0.75,0.125,Middle-age,Medium Spenders,0.0,0.67,2.33,0.375,1.0,1.0,0.14771048744460857,0.22333333333333336,0.07766666666666668,0.103397341211226,0.3786666666666667,0.125,0.35436666666666666,0.28579999999999994,score_free_checkedbag
691334,1,0,7,3,0.0,0.42857142857142855,0.2857142857142857,Middle-age,High Spenders,0.0,0.67,2.67,0.375,1.0,1.0,0.1288659793814433,0.22333333333333336,0.089,0.09020618556701031,0.3786666666666667,0.2857142857142857,0.36229999999999996,0.28919999999999996,score_free_checkedbag
691541,1,1,7,1,1.0,0.14285714285714285,0.9285714285714286,0,0,0.0,0.0,0.0,0.0,0.0,0.0,0.0,0.0,0.0,0.0,0.0,0.9285714285714286,0.0,0.0,score_exclusive_discount
691546,1,1,7,4,1.0,0.5714285714285714,0.7142857142857143,Middle-age,High Spenders,0.0,0.6,2.2,0.625,1.0,1.0,0.12531328320802004,0.19999999999999998,0.07333333333333333,0.08771929824561403,0.36,0.7142857142857143,0.35133333333333333,0.4595,score_exclusive_discount
692211,3,1,5,1,0.3333333333333333,0.2,0.5666666666666667,0,0,0.0,0.0,0.0,0.0,0.0,0.0,0.0,0.0,0.0,0.0,0.0,0.5666666666666667,0.0,0.0,score_exclusive_discount
692510,1,1,7,2,1.0,0.2857142857142857,0.8571428571428572,Middle-age,High Spenders,0.0,0.5,2.0,0.375,0.6666666666666666,1.0,0.11778563015312131,0.16666666666666666,0.06666666666666667,0.08244994110718491,0.33333333333333337,0.8571428571428572,0.24666666666666665,0.2825,score_exclusive_discount
693301,1,0,8,2,0.0,0.25,0.375,Elderly,At Risk,0.0,1.0,1.5,0.2222222222222222,1.0,0.5,0.09587727708533078,0.3333333333333333,0.05,0.06711409395973154,0.3666666666666667,0.375,0.33499999999999996,0.17055555555555552,score_exclusive_discount
693729,2,0,6,2,0.0,0.3333333333333333,0.33333333333333337,Middle-age,Low Spenders,0.0,1.0,2.0,0.25,1.0,1.0,0.10309278350515465,0.3333333333333333,0.06666666666666667,0.07216494845360825,0.4666666666666667,0.33333333333333337,0.3466666666666667,0.19499999999999998,score_free_checkedbag
693765,0,0,8,4,0.0,0.5,0.5,Middle-age,Medium Spenders,0.0,0.75,2.5,0.5,1.0,1.0,0.10319917440660475,0.25,0.08333333333333333,0.07223942208462332,0.4,0.5,0.35833333333333334,0.375,score_exclusive_discount
694265,3,1,5,1,0.3333333333333333,0.2,0.5666666666666667,0,0,0.0,0.0,0.0,0.0,0.0,0.0,0.0,0.0,0.0,0.0,0.0,0.5666666666666667,0.0,0.0,score_exclusive_discount
695011,1,0,8,2,0.0,0.25,0.375,Middle-age,Low Spenders,0.0,1.0,1.5,0.2222222222222222,0.5,1.0,0.14184397163120568,0.3333333333333333,0.05,0.09929078014184398,0.4666666666666667,0.375,0.185,0.17055555555555552,score_free_checkedbag
695094,2,0,6,1,0.0,0.16666666666666666,0.4166666666666667,Middle-age,At Risk,0.0,0.0,2.0,0.125,1.0,1.0,0.129366106080207,0.0,0.06666666666666667,0.09055627425614489,0.2,0.4166666666666667,0.3466666666666667,0.1075,score_exclusive_discount
695132,4,1,4,1,0.25,0.25,0.5,Middle-age,Low Spenders,0.0,0.5,1.0,0.25,1.0,1.0,0.0979431929480901,0.16666666666666666,0.03333333333333333,0.06856023506366307,0.33333333333333337,0.5,0.3233333333333333,0.185,score_exclusive_discount
695307,3,0,5,2,0.0,0.4,0.3,Middle-age,At Risk,0.0,1.0,2.0,0.25,1.0,1.0,0.10427528675703858,0.3333333333333333,0.06666666666666667,0.072992700729927,0.4666666666666667,0.3,0.3466666666666667,0.19499999999999998,score_free_checkedbag
695557,3,1,5,3,0.3333333333333333,0.6,0.3666666666666667,Middle-age,Champions,0.0,0.62,2.5,0.5,1.0,1.0,0.12391573729863692,0.20666666666666667,0.08333333333333333,0.08674101610904583,0.36533333333333334,0.3666666666666667,0.35833333333333334,0.375,score_free_night_flight
696475,1,1,7,3,1.0,0.42857142857142855,0.7857142857142857,Middle-age,High Spenders,0.0,1.0,5.25,0.5,1.0,0.5,0.15313935681470137,0.3333333333333333,0.175,0.10719754977029095,0.3666666666666667,0.7857142857142857,0.4225,0.40249999999999997,score_exclusive_discount
697072,5,4,3,1,0.8,0.3333333333333333,0.7333333333333334,Middle-age,Medium Spenders,0.2,0.67,2.0,0.625,1.0,1.0,0.14204545454545456,0.22333333333333336,0.06666666666666667,0.09943181818181819,0.3786666666666667,0.7333333333333334,0.3466666666666667,0.4575,score_exclusive_discount
698291,0,0,8,3,0.0,0.375,0.5,Middle-age,High Spenders,0.0,0.67,3.67,0.375,1.0,1.0,0.1394700139470014,0.22333333333333336,0.12233333333333334,0.09762900976290097,0.3786666666666667,0.5,0.38563333333333333,0.29919999999999997,score_exclusive_discount
698573,2,2,6,1,1.0,0.16666666666666666,0.9166666666666667,Middle-age,High Spenders,0.0,0.0,4.33,0.375,1.0,1.0,0.13458950201884254,0.0,0.14433333333333334,0.09421265141318977,0.2,0.9166666666666667,0.40103333333333335,0.30579999999999996,score_exclusive_discount
699040,1,1,7,0,1.0,0.0,1.0,Middle-age,At Risk,0.0,0.0,0.0,0.125,0.0,1.0,0.09775171065493646,0.0,0.0,0.06842619745845552,0.2,1.0,0.0,0.0875,score_exclusive_discount
699411,3,1,5,4,0.3333333333333333,0.8,0.2666666666666666,Middle-age,High Spenders,0.2,0.67,2.0,0.625,1.0,1.0,0.12360939431396786,0.22333333333333336,0.06666666666666667,0.08652657601977749,0.3786666666666667,0.2666666666666666,0.3466666666666667,0.4575,score_free_night_flight
700028,1,0,7,2,0.0,0.2857142857142857,0.35714285714285715,Youth,Low Spenders,0.0,1.0,7.0,0.25,1.0,0.5,0.1251564455569462,0.3333333333333333,0.23333333333333334,0.08760951188986232,0.3666666666666667,0.35714285714285715,0.4633333333333333,0.245,score_free_meal
700237,2,1,6,3,0.5,0.5,0.5,Middle-age,High Spenders,0.25,0.5,2.5,0.5,1.0,1.0,0.11389521640091115,0.16666666666666666,0.08333333333333333,0.0797266514806378,0.33333333333333337,0.5,0.35833333333333334,0.375,score_exclusive_discount
700289,5,1,3,0,0.2,0.0,0.6,Elderly,Low Spenders,0.0,0.0,4.0,0.125,1.0,0.0,1.0,0.0,0.13333333333333333,0.7,0.0,0.6,0.3933333333333333,0.1275,score_free_cancellation
700666,3,0,5,1,0.0,0.2,0.4,Middle-age,Champions,0.0,0.0,14.0,0.125,1.0,0.0,1.0,0.0,0.4666666666666667,0.7,0.0,0.4,0.6266666666666667,0.22749999999999998,score_free_cancellation
701565,4,1,4,2,0.25,0.5,0.375,Middle-age,Medium Spenders,0.0,0.33,1.33,0.375,1.0,1.0,0.09784735812133072,0.11,0.044333333333333336,0.0684931506849315,0.28800000000000003,0.375,0.33103333333333335,0.27579999999999993,score_exclusive_discount
702595,3,1,5,2,0.3333333333333333,0.4,0.4666666666666667,Middle-age,Low Spenders,0.0,0.33,2.0,0.375,1.0,1.0,0.1314060446780552,0.11,0.06666666666666667,0.09198423127463863,0.28800000000000003,0.4666666666666667,0.3466666666666667,0.2825,score_exclusive_discount
702877,3,1,5,1,0.3333333333333333,0.2,0.5666666666666667,Middle-age,Champions,0.0,0.67,2.0,0.25,0.5,1.0,0.1733102253032929,0.22333333333333336,0.06666666666666667,0.12131715771230503,0.3786666666666667,0.5666666666666667,0.19666666666666666,0.19499999999999998,score_exclusive_discount
703333,4,1,5,0,0.25,0.0,0.625,Middle-age,Low Spenders,0.0,0.0,4.0,0.1111111111111111,1.0,1.0,0.1145475372279496,0.0,0.13333333333333333,0.08018327605956471,0.2,0.625,0.3933333333333333,0.11777777777777776,score_exclusive_discount
704652,2,0,6,3,0.0,0.5,0.25,Middle-age,Medium Spenders,0.0,0.5,1.67,0.375,1.0,1.0,0.1364256480218281,0.16666666666666666,0.05566666666666666,0.09549795361527967,0.33333333333333337,0.25,0.33896666666666664,0.27919999999999995,score_free_meal
704870,1,0,8,3,0.0,0.375,0.3125,Middle-age,Champions,0.0,0.33,5.67,0.3333333333333333,1.0,1.0,0.12180267965895249,0.11,0.189,0.08526187576126673,0.28800000000000003,0.3125,0.4323,0.2900333333333333,score_free_meal
705215,1,1,7,3,1.0,0.42857142857142855,0.7857142857142857,Middle-age,Champions,0.0,0.83,3.75,0.5,0.75,0.75,0.13755158184319122,0.27666666666666667,0.125,0.09628610729023385,0.3713333333333334,0.7857142857142857,0.3125,0.38749999999999996,score_exclusive_discount
705310,1,1,7,1,1.0,0.14285714285714285,0.9285714285714286,Middle-age,Medium Spenders,0.0,0.25,1.0,0.25,1.0,1.0,0.13280212483399734,0.08333333333333333,0.03333333333333333,0.09296148738379813,0.26666666666666666,0.9285714285714286,0.3233333333333333,0.185,score_exclusive_discount
705984,3,0,5,0,0.0,0.0,0.5,0,0,0.0,0.0,0.0,0.0,0.0,0.0,0.0,0.0,0.0,0.0,0.0,0.5,0.0,0.0,score_exclusive_discount
707260,2,0,6,3,0.0,0.5,0.25,Middle-age,Medium Spenders,0.0,0.33,2.0,0.375,1.0,1.0,0.13386880856760375,0.11,0.06666666666666667,0.09370816599732262,0.28800000000000003,0.25,0.3466666666666667,0.2825,score_free_meal
707402,3,0,6,0,0.0,0.0,0.5,0,0,0.0,0.0,0.0,0.0,0.0,0.0,0.0,0.0,0.0,0.0,0.0,0.5,0.0,0.0,score_exclusive_discount
707525,1,0,7,3,0.0,0.42857142857142855,0.2857142857142857,Middle-age,Champions,0.0,0.56,7.0,0.375,1.0,1.0,0.008439530762089628,0.18666666666666668,0.23333333333333334,0.005907671533462739,0.3493333333333334,0.2857142857142857,0.4633333333333333,0.33249999999999996,score_free_meal
708887,0,0,8,2,0.0,0.25,0.5,Youth,Champions,0.0,0.0,13.5,0.25,1.0,0.0,1.0,0.0,0.45,0.7,0.0,0.5,0.615,0.31,score_free_cancellation
709630,2,1,6,1,0.5,0.16666666666666666,0.6666666666666667,0,0,0.0,0.0,0.0,0.0,0.0,0.0,0.0,0.0,0.0,0.0,0.0,0.6666666666666667,0.0,0.0,score_exclusive_discount
710489,1,0,7,3,0.0,0.42857142857142855,0.2857142857142857,Middle-age,Medium Spenders,0.0,0.67,1.33,0.375,0.6666666666666666,1.0,0.11148272017837237,0.22333333333333336,0.044333333333333336,0.07803790412486065,0.3786666666666667,0.2857142857142857,0.2310333333333333,0.27579999999999993,score_free_checkedbag
710523,1,0,7,0,0.0,0.0,0.5,0,0,0.0,0.0,0.0,0.0,0.0,0.0,0.0,0.0,0.0,0.0,0.0,0.5,0.0,0.0,score_exclusive_discount
711391,0,0,9,4,0.0,0.4444444444444444,0.5,Middle-age,Medium Spenders,0.0,0.75,1.25,0.4444444444444444,1.0,1.0,0.0992063492063492,0.25,0.041666666666666664,0.06944444444444443,0.4,0.5,0.32916666666666666,0.32361111111111107,score_exclusive_discount
713557,0,0,8,2,0.0,0.25,0.5,Middle-age,Medium Spenders,0.0,0.75,3.5,0.25,1.0,1.0,0.13755158184319122,0.25,0.11666666666666667,0.09628610729023385,0.4,0.5,0.38166666666666665,0.21,score_exclusive_discount
714166,3,0,5,1,0.0,0.2,0.4,Middle-age,At Risk,0.0,0.0,4.0,0.125,1.0,1.0,0.19920318725099603,0.0,0.13333333333333333,0.13944223107569723,0.2,0.4,0.3933333333333333,0.1275,score_exclusive_discount
714420,2,1,7,1,0.5,0.14285714285714285,0.6785714285714286,Middle-age,Medium Spenders,0.0,0.75,2.5,0.2222222222222222,1.0,1.0,0.08403361344537814,0.25,0.08333333333333333,0.0588235294117647,0.4,0.6785714285714286,0.35833333333333334,0.18055555555555552,score_exclusive_discount
714504,2,1,6,1,0.5,0.16666666666666666,0.6666666666666667,Middle-age,Low Spenders,0.0,1.0,2.5,0.25,1.0,1.0,0.12453300124533,0.3333333333333333,0.08333333333333333,0.087173100871731,0.4666666666666667,0.6666666666666667,0.35833333333333334,0.19999999999999998,score_exclusive_discount
714565,1,1,8,5,1.0,0.625,0.6875,Middle-age,High Spenders,0.0,0.33,2.83,0.6666666666666666,1.0,1.0,0.12836970474967907,0.11,0.09433333333333334,0.08985879332477534,0.28800000000000003,0.6875,0.3660333333333333,0.4949666666666666,score_exclusive_discount
715059,3,1,5,2,0.3333333333333333,0.4,0.4666666666666667,Middle-age,Low Spenders,0.0,0.33,1.33,0.375,1.0,1.0,0.10427528675703858,0.11,0.044333333333333336,0.072992700729927,0.28800000000000003,0.4666666666666667,0.33103333333333335,0.27579999999999993,score_exclusive_discount
716337,1,0,8,2,0.0,0.25,0.375,Middle-age,Low Spenders,0.0,0.0,6.0,0.2222222222222222,1.0,0.5,0.2169197396963124,0.0,0.2,0.15184381778741868,0.1,0.375,0.43999999999999995,0.21555555555555553,score_free_meal
716801,2,2,6,1,1.0,0.16666666666666666,0.9166666666666667,Elderly,At Risk,0.33,0.0,2.0,0.375,1.0,0.6666666666666666,1.0,0.0,0.06666666666666667,0.7,0.13333333333333333,0.9166666666666667,0.3466666666666667,0.2825,score_exclusive_discount
717149,3,1,6,0,0.3333333333333333,0.0,0.6666666666666666,Middle-age,At Risk,0.0,1.0,1.0,0.1111111111111111,1.0,1.0,0.2032520325203252,0.3333333333333333,0.03333333333333333,0.14227642276422764,0.4666666666666667,0.6666666666666666,0.3233333333333333,0.08777777777777776,score_exclusive_discount
717546,2,1,6,1,0.5,0.16666666666666666,0.6666666666666667,Elderly,At Risk,0.0,0.5,2.5,0.25,1.0,1.0,0.08525149190110827,0.16666666666666666,0.08333333333333333,0.059676044330775786,0.33333333333333337,0.6666666666666667,0.35833333333333334,0.19999999999999998,score_exclusive_discount
720819,4,1,4,0,0.25,0.0,0.625,Middle-age,At Risk,0.0,0.0,7.0,0.125,1.0,1.0,0.16977928692699493,0.0,0.23333333333333334,0.11884550084889645,0.2,0.625,0.4633333333333333,0.15749999999999997,score_exclusive_discount
720860,0,0,8,4,0.0,0.5,0.5,Middle-age,Champions,0.0,0.75,2.5,0.5,1.0,1.0,0.1234567901234568,0.25,0.08333333333333333,0.08641975308641975,0.4,0.5,0.35833333333333334,0.375,score_exclusive_discount
721496,4,2,4,0,0.5,0.0,0.75,Middle-age,Medium Spenders,0.0,0.0,8.0,0.25,1.0,0.5,0.13531799729364005,0.0,0.26666666666666666,0.09472259810554803,0.1,0.75,0.48666666666666664,0.255,score_exclusive_discount
721552,4,0,4,1,0.0,0.25,0.375,Youth,At Risk,0.0,2.0,2.0,0.125,1.0,1.0,0.11337868480725623,0.6666666666666666,0.06666666666666667,0.07936507936507936,0.7333333333333334,0.375,0.3466666666666667,0.1075,score_free_checkedbag
721570,1,1,7,2,1.0,0.2857142857142857,0.8571428571428572,Middle-age,Low Spenders,0.33,0.0,17.0,0.375,0.6666666666666666,0.6666666666666666,1.0,0.0,0.5666666666666667,0.7,0.13333333333333333,0.8571428571428572,0.5966666666666666,0.43249999999999994,score_exclusive_discount
722828,2,0,6,2,0.0,0.3333333333333333,0.33333333333333337,Middle-age,Low Spenders,0.0,1.0,2.5,0.25,1.0,0.5,0.07993605115907275,0.3333333333333333,0.08333333333333333,0.05595523581135092,0.3666666666666667,0.33333333333333337,0.35833333333333334,0.19999999999999998,score_free_checkedbag
722939,1,0,7,1,0.0,0.14285714285714285,0.4285714285714286,Middle-age,At Risk,0.0,1.0,1.0,0.125,1.0,1.0,0.09049773755656108,0.3333333333333333,0.03333333333333333,0.06334841628959276,0.4666666666666667,0.4285714285714286,0.3233333333333333,0.09749999999999999,score_free_checkedbag
724581,4,3,4,2,0.75,0.5,0.625,Middle-age,Champions,0.0,0.4,1.0,0.625,0.4,1.0,0.12135922330097088,0.13333333333333333,0.03333333333333333,0.0849514563106796,0.3066666666666667,0.625,0.1433333333333333,0.4475,score_exclusive_discount
725357,3,0,5,0,0.0,0.0,0.5,0,0,0.0,0.0,0.0,0.0,0.0,0.0,0.0,0.0,0.0,0.0,0.0,0.5,0.0,0.0,score_exclusive_discount
726953,2,1,6,3,0.5,0.5,0.5,Middle-age,High Spenders,0.0,0.25,1.75,0.5,0.75,1.0,0.10626992561105207,0.08333333333333333,0.058333333333333334,0.07438894792773644,0.26666666666666666,0.5,0.2658333333333333,0.3675,score_exclusive_discount
727886,4,3,4,3,0.75,0.75,0.5,Middle-age,Low Spenders,0.33,0.0,1.0,0.75,1.0,1.0,0.12690355329949238,0.0,0.03333333333333333,0.08883248730964466,0.2,0.5,0.3233333333333333,0.5349999999999999,score_free_night_flight
728820,3,2,5,1,0.6666666666666666,0.2,0.7333333333333333,Middle-age,At Risk,0.33,0.0,5.0,0.375,0.6666666666666666,0.6666666666666666,1.0,0.0,0.16666666666666666,0.7,0.13333333333333333,0.7333333333333333,0.31666666666666665,0.31249999999999994,score_exclusive_discount
730639,3,2,5,0,0.6666666666666666,0.0,0.8333333333333333,Middle-age,Champions,0.0,0.0,8.0,0.25,1.0,0.0,1.0,0.0,0.26666666666666666,0.7,0.0,0.8333333333333333,0.48666666666666664,0.255,score_exclusive_discount
732729,3,2,5,3,0.6666666666666666,0.6,0.5333333333333333,Middle-age,Champions,0.0,0.0,4.0,0.625,1.0,0.6,0.12738853503184713,0.0,0.13333333333333333,0.08917197452229299,0.12,0.5333333333333333,0.3933333333333333,0.4775,score_exclusive_discount
733654,4,1,4,1,0.25,0.25,0.5,0,0,0.0,0.0,0.0,0.0,0.0,0.0,0.0,0.0,0.0,0.0,0.0,0.5,0.0,0.0,score_exclusive_discount
734565,1,1,7,1,1.0,0.14285714285714285,0.9285714285714286,Middle-age,High Spenders,0.0,0.5,2.5,0.25,1.0,1.0,0.11574074074074073,0.16666666666666666,0.08333333333333333,0.0810185185185185,0.33333333333333337,0.9285714285714286,0.35833333333333334,0.19999999999999998,score_exclusive_discount
735029,4,1,4,2,0.25,0.5,0.375,Middle-age,High Spenders,0.0,0.0,1.67,0.375,0.6666666666666666,1.0,0.15673981191222572,0.0,0.05566666666666666,0.109717868338558,0.2,0.375,0.23896666666666666,0.27919999999999995,score_exclusive_discount
736075,2,2,6,2,1.0,0.3333333333333333,0.8333333333333334,Youth,Low Spenders,0.25,1.0,1.5,0.5,1.0,1.0,0.11481056257175659,0.3333333333333333,0.05,0.08036739380022961,0.4666666666666667,0.8333333333333334,0.33499999999999996,0.365,score_exclusive_discount
736833,3,0,5,1,0.0,0.2,0.4,Middle-age,At Risk,0.0,0.5,0.0,0.125,0.0,1.0,0.10660980810234541,0.16666666666666666,0.0,0.07462686567164178,0.33333333333333337,0.4,0.0,0.0875,score_exclusive_discount
739139,4,0,4,0,0.0,0.0,0.5,0,0,0.0,0.0,0.0,0.0,0.0,0.0,0.0,0.0,0.0,0.0,0.0,0.5,0.0,0.0,score_exclusive_discount
739518,2,1,6,2,0.5,0.3333333333333333,0.5833333333333334,Middle-age,High Spenders,0.0,0.33,3.0,0.375,0.6666666666666666,1.0,0.1364256480218281,0.11,0.1,0.09549795361527967,0.28800000000000003,0.5833333333333334,0.26999999999999996,0.2925,score_exclusive_discount
739734,0,0,8,1,0.0,0.125,0.5,Middle-age,At Risk,0.0,0.0,3.0,0.125,1.0,0.0,1.0,0.0,0.1,0.7,0.0,0.5,0.37,0.1175,score_free_cancellation
741190,1,0,7,0,0.0,0.0,0.5,0,0,0.0,0.0,0.0,0.0,0.0,0.0,0.0,0.0,0.0,0.0,0.0,0.5,0.0,0.0,score_exclusive_discount
741773,1,0,7,1,0.0,0.14285714285714285,0.4285714285714286,Middle-age,At Risk,0.0,0.0,4.0,0.125,1.0,1.0,0.12658227848101264,0.0,0.13333333333333333,0.08860759493670885,0.2,0.4285714285714286,0.3933333333333333,0.1275,score_exclusive_discount
741902,1,0,7,1,0.0,0.14285714285714285,0.4285714285714286,Middle-age,At Risk,0.0,1.0,1.0,0.125,1.0,1.0,0.13386880856760375,0.3333333333333333,0.03333333333333333,0.09370816599732262,0.4666666666666667,0.4285714285714286,0.3233333333333333,0.09749999999999999,score_free_checkedbag
742639,4,2,4,0,0.5,0.0,0.75,Middle-age,Low Spenders,0.0,0.5,2.0,0.25,1.0,0.5,0.10288065843621398,0.16666666666666666,0.06666666666666667,0.07201646090534979,0.23333333333333334,0.75,0.3466666666666667,0.19499999999999998,score_exclusive_discount
743151,3,0,5,0,0.0,0.0,0.5,0,0,0.0,0.0,0.0,0.0,0.0,0.0,0.0,0.0,0.0,0.0,0.0,0.5,0.0,0.0,score_exclusive_discount
745292,1,0,7,1,0.0,0.14285714285714285,0.4285714285714286,Middle-age,Low Spenders,0.0,1.0,5.0,0.125,1.0,1.0,0.1026694045174538,0.3333333333333333,0.16666666666666666,0.07186858316221766,0.4666666666666667,0.4285714285714286,0.41666666666666663,0.13749999999999998,score_free_checkedbag
746934,1,0,7,0,0.0,0.0,0.5,0,0,0.0,0.0,0.0,0.0,0.0,0.0,0.0,0.0,0.0,0.0,0.0,0.5,0.0,0.0,score_exclusive_discount
748759,4,0,4,0,0.0,0.0,0.5,0,0,0.0,0.0,0.0,0.0,0.0,0.0,0.0,0.0,0.0,0.0,0.0,0.5,0.0,0.0,score_exclusive_discount
750982,2,0,6,4,0.0,0.6666666666666666,0.16666666666666669,Middle-age,Medium Spenders,0.0,0.75,1.25,0.5,1.0,1.0,0.12820512820512822,0.25,0.041666666666666664,0.08974358974358974,0.4,0.16666666666666669,0.32916666666666666,0.3625,score_free_checkedbag
751545,2,1,6,2,0.5,0.3333333333333333,0.5833333333333334,Middle-age,High Spenders,0.0,0.0,5.33,0.375,1.0,0.3333333333333333,0.11299435028248588,0.0,0.17766666666666667,0.0790960451977401,0.06666666666666667,0.5833333333333334,0.42436666666666667,0.31579999999999997,score_exclusive_discount
752933,5,3,3,0,0.6,0.0,0.8,Elderly,High Spenders,0.33,0.0,7.0,0.375,1.0,0.3333333333333333,1.0,0.0,0.23333333333333334,0.7,0.06666666666666667,0.8,0.4633333333333333,0.33249999999999996,score_exclusive_discount
756030,3,1,5,2,0.3333333333333333,0.4,0.4666666666666667,Middle-age,Medium Spenders,0.0,0.33,1.67,0.375,1.0,1.0,0.14684287812041116,0.11,0.05566666666666666,0.1027900146842878,0.28800000000000003,0.4666666666666667,0.33896666666666664,0.27919999999999995,score_exclusive_discount
756434,2,0,6,2,0.0,0.3333333333333333,0.33333333333333337,Middle-age,Low Spenders,0.0,0.0,2.5,0.25,1.0,0.5,0.16977928692699493,0.0,0.08333333333333333,0.11884550084889645,0.1,0.33333333333333337,0.35833333333333334,0.19999999999999998,score_free_meal
757930,1,1,7,3,1.0,0.42857142857142855,0.7857142857142857,Middle-age,High Spenders,0.0,0.33,3.0,0.5,0.75,0.75,0.10559662090813093,0.11,0.1,0.07391763463569165,0.23800000000000004,0.7857142857142857,0.295,0.38,score_exclusive_discount
760304,4,1,4,1,0.25,0.25,0.5,Middle-age,Low Spenders,0.0,1.0,3.5,0.25,1.0,1.0,0.10245901639344263,0.3333333333333333,0.11666666666666667,0.07172131147540983,0.4666666666666667,0.5,0.38166666666666665,0.21,score_exclusive_discount
760793,2,1,6,2,0.5,0.3333333333333333,0.5833333333333334,Middle-age,High Spenders,0.0,0.5,4.67,0.375,1.0,0.6666666666666666,0.13966480446927373,0.16666666666666666,0.15566666666666668,0.09776536312849161,0.26666666666666666,0.5833333333333334,0.40896666666666665,0.3092,score_exclusive_discount
763129,4,3,4,0,0.75,0.0,0.875,Middle-age,Low Spenders,0.33,0.0,12.0,0.375,1.0,0.3333333333333333,1.0,0.0,0.4,0.7,0.06666666666666667,0.875,0.58,0.38249999999999995,score_exclusive_discount
763792,4,0,4,1,0.0,0.25,0.375,Middle-age,At Risk,0.0,0.0,5.0,0.125,1.0,0.0,1.0,0.0,0.16666666666666666,0.7,0.0,0.375,0.41666666666666663,0.13749999999999998,score_free_cancellation
765745,2,1,6,1,0.5,0.16666666666666666,0.6666666666666667,Elderly,At Risk,0.0,0.0,1.5,0.25,0.5,0.5,0.11587485515643106,0.0,0.05,0.08111239860950174,0.1,0.6666666666666667,0.185,0.19,score_exclusive_discount
767426,2,1,6,3,0.5,0.5,0.5,Middle-age,Champions,0.0,0.5,2.75,0.5,0.75,0.5,0.09842519685039369,0.16666666666666666,0.09166666666666666,0.06889763779527558,0.23333333333333334,0.5,0.2891666666666666,0.37749999999999995,score_exclusive_discount
768291,2,1,6,1,0.5,0.16666666666666666,0.6666666666666667,Middle-age,Champions,0.0,1.0,6.0,0.25,1.0,1.0,0.006900835001035125,0.3333333333333333,0.2,0.004830584500724587,0.4666666666666667,0.6666666666666667,0.43999999999999995,0.235,score_exclusive_discount
770252,3,1,5,1,0.3333333333333333,0.2,0.5666666666666667,0,0,0.0,0.0,0.0,0.0,0.0,0.0,0.0,0.0,0.0,0.0,0.0,0.5666666666666667,0.0,0.0,score_exclusive_discount
774666,2,1,6,1,0.5,0.16666666666666666,0.6666666666666667,Middle-age,Low Spenders,0.0,1.5,2.5,0.25,0.5,1.0,0.17667844522968199,0.5,0.08333333333333333,0.12367491166077738,0.6000000000000001,0.6666666666666667,0.20833333333333331,0.19999999999999998,score_exclusive_discount
777366,1,0,7,1,0.0,0.14285714285714285,0.4285714285714286,Middle-age,At Risk,0.0,0.0,2.0,0.125,1.0,1.0,0.10214504596527069,0.0,0.06666666666666667,0.07150153217568947,0.2,0.4285714285714286,0.3466666666666667,0.1075,score_exclusive_discount
777846,2,0,6,2,0.0,0.3333333333333333,0.33333333333333337,Middle-age,Low Spenders,0.0,0.5,3.0,0.25,1.0,1.0,0.09487666034155598,0.16666666666666666,0.1,0.06641366223908918,0.33333333333333337,0.33333333333333337,0.37,0.205,score_free_meal
780167,3,1,5,1,0.3333333333333333,0.2,0.5666666666666667,Middle-age,Low Spenders,0.0,0.0,0.5,0.25,0.5,1.0,0.15698587127158556,0.0,0.016666666666666666,0.10989010989010989,0.2,0.5666666666666667,0.16166666666666665,0.18,score_exclusive_discount
785107,2,2,6,2,1.0,0.3333333333333333,0.8333333333333334,Middle-age,Medium Spenders,0.0,1.0,1.75,0.5,1.0,0.75,0.1203369434416366,0.3333333333333333,0.058333333333333334,0.08423586040914562,0.4166666666666667,0.8333333333333334,0.3408333333333333,0.3675,score_exclusive_discount
785186,2,0,6,2,0.0,0.3333333333333333,0.33333333333333337,Middle-age,At Risk,0.0,0.0,1.0,0.25,1.0,1.0,0.21008403361344538,0.0,0.03333333333333333,0.14705882352941177,0.2,0.33333333333333337,0.3233333333333333,0.185,score_exclusive_discount
792549,1,0,7,4,0.0,0.5714285714285714,0.2142857142857143,Middle-age,Low Spenders,0.0,0.5,1.0,0.5,0.25,1.0,0.15552099533437014,0.16666666666666666,0.03333333333333333,0.10886469673405909,0.33333333333333337,0.2142857142857143,0.09833333333333333,0.36,score_free_night_flight
796032,2,2,6,2,1.0,0.3333333333333333,0.8333333333333334,Middle-age,Medium Spenders,0.25,0.5,3.5,0.5,0.75,1.0,0.11976047904191617,0.16666666666666666,0.11666666666666667,0.08383233532934131,0.33333333333333337,0.8333333333333334,0.30666666666666664,0.38499999999999995,score_exclusive_discount
801660,3,1,5,2,0.3333333333333333,0.4,0.4666666666666667,Middle-age,Low Spenders,0.0,0.33,2.0,0.375,1.0,1.0,0.13513513513513511,0.11,0.06666666666666667,0.09459459459459457,0.28800000000000003,0.4666666666666667,0.3466666666666667,0.2825,score_exclusive_discount
811077,3,0,5,1,0.0,0.2,0.4,Middle-age,Low Spenders,0.0,0.0,6.0,0.125,1.0,1.0,0.08635578583765112,0.0,0.2,0.06044905008635578,0.2,0.4,0.43999999999999995,0.1475,score_free_meal
844489,2,0,6,0,0.0,0.0,0.5,0,0,0.0,0.0,0.0,0.0,0.0,0.0,0.0,0.0,0.0,0.0,0.0,0.5,0.0,0.0,score_exclusive_discount
